0 432000
0.0365301 19.9843
0.0730602 52.3088
0.10959 2.84493
0.14612 10.8758
0.182651 1.27884
0.219181 0.965359
0.255711 2.12564
0.292241 53.0234
0.328771 7.83957
0.365301 64.7677
0.401831 4.50625
0.438361 0.520598
0.474891 1.82593
0.511421 0.377508
0.547952 0.119901
0.584482 1.81074
0.621012 12.1544
0.657542 7.70472
0.694072 5.29712
0.730602 17.419
0.767132 0.897687
0.803662 1.84171
0.840192 0.258271
0.876722 1.65439
0.913253 1.51367
0.949783 0.290274
0.986313 2.80472
1.02284 2.66591
1.05937 3.35568
1.0959 4.80227
1.13243 0.142528
1.16896 1.08293
1.20549 0.819252
1.24202 1.05629
1.27855 2.88338
1.31508 0.419775
1.35161 0.636171
1.38814 0.617987
1.42467 1.01267
1.4612 3.84013
1.49773 1.04986
1.53426 1.23324
1.57079 0.18208
1.60732 1.34315
1.64385 0.271484
1.68038 0.113132
1.71691 1.26304
1.75344 0.165869
1.78997 0.724622
1.82651 0.451087
1.86304 0.429965
1.89957 0.387915
1.9361 0.641084
1.97263 0.73938
2.00916 0.581764
2.04569 0.4979
2.08222 2.186
2.11875 2.16114
2.15528 0.562743
2.19181 1.52475
2.22834 0.410904
2.26487 2.06053
2.3014 0.216929
2.33793 0.00231597
2.37446 0.128105
2.41099 2.70934
2.44752 0.0480759
2.48405 4.57289
2.52058 2.25071
2.55711 0.311952
2.59364 0.331162
2.63017 0.883625
2.6667 0.946986
2.70323 0.707454
2.73976 1.43914
2.77629 0.132026
2.81282 1.2762
2.84935 0.937432
2.88588 1.5287
2.92241 0.869692
2.95894 0.168973
2.99547 0.352891
3.032 0.0897258
3.06853 0.429586
3.10506 1.1045
3.14159 3.28577
3.17812 0.790377
3.21465 0.0163347
3.25118 2.11199
3.28771 4.69226
3.32424 0.413972
3.36077 1.0751
3.3973 2.08296
3.43383 0.178795
3.47036 0.364735
3.50689 0.173938
3.54342 0.0967995
3.57995 0.646294
3.61648 3.16143
3.65301 0.0282403
3.68954 1.06993
3.72607 1.99892
3.7626 0.726727
3.79913 0.898215
3.83566 0.776382
3.87219 1.51541
3.90872 0.59156
3.94525 0.0033382
