0.0365301 120788
0.0990611 16604.2
0.161592 5531.88
0.224123 2658.21
0.286654 1848.38
0.349185 1350.49
0.411716 688.884
0.474247 513.2
0.536778 245.505
0.599309 460.782
0.66184 234.237
0.724371 127.461
0.786902 92.6662
0.849433 84.7392
0.911964 105.758
0.974495 133.384
1.03703 88.0529
1.09956 22.4642
1.16209 25.2956
1.22462 48.9179
1.28715 102.364
1.34968 20.7028
1.41221 13.096
1.47474 0.469603
1.53727 22.9624
1.59981 4.23343
1.66234 64.7058
1.72487 87.143
1.7874 23.7272
1.84993 15.0542
1.91246 9.69613
1.97499 2.70287
2.03752 6.82085
2.10005 3.68487
2.16258 5.08299
2.22512 21.6181
2.28765 17.6387
2.35018 7.98625
2.41271 6.97243
2.47524 2.44774
2.53777 10.7289
2.6003 4.66372
2.66283 3.2298
2.72536 7.89338
2.78789 0.313024
2.85043 4.41156
2.91296 0.60599
2.97549 9.79438
3.03802 0.358621
3.10055 2.17156
3.16308 1.77389
3.22561 1.68512
3.28814 1.97043
3.35067 0.254211
3.4132 0.391746
3.47574 0.46548
3.53827 0.287531
3.6008 0.0841521
3.66333 0.221397
3.72586 0.638176
3.78839 3.29152
3.85092 0.454621
3.91345 1.26793
