0 432000
0.0365301 3.94766
0.0730602 24.3803
0.10959 18.2324
0.14612 3.96327
0.182651 2.04465
0.219181 10.1134
0.255711 29.4559
0.292241 70.8109
0.328771 7.68734
0.365301 65.4703
0.401831 0.999337
0.438361 2.53619
0.474891 3.12572
0.511421 1.53314
0.547952 0.940758
0.584482 0.432445
0.621012 4.49379
0.657542 28.6064
0.694072 13.9477
0.730602 14.0756
0.767132 0.0733674
0.803662 2.25899
0.840192 1.2022
0.876722 1.38665
0.913253 0.729305
0.949783 2.1905
0.986313 0.545189
1.02284 13.9843
1.05937 0.837542
1.0959 9.40097
1.13243 0.556155
1.16896 0.100754
1.20549 1.42225
1.24202 2.35343
1.27855 0.251435
1.31508 0.98321
1.35161 1.47153
1.38814 0.682242
1.42467 6.58113
1.4612 1.14764
1.49773 0.214832
1.53426 2.70442
1.57079 1.2634
1.60732 0.791983
1.64385 0.357315
1.68038 3.84468
1.71691 1.02695
1.75344 1.26239
1.78997 0.360885
1.82651 5.1392
1.86304 1.77269
1.89957 0.189962
1.9361 0.58133
1.97263 0.737672
2.00916 0.46658
2.04569 1.14589
2.08222 3.40152
2.11875 0.656593
2.15528 0.405159
2.19181 1.30871
2.22834 3.24713
2.26487 1.64781
2.3014 1.03987
2.33793 0.940564
2.37446 1.09423
2.41099 3.84218
2.44752 0.0272833
2.48405 1.28285
2.52058 1.23917
2.55711 0.219919
2.59364 6.23257
2.63017 0.0242778
2.6667 1.04677
2.70323 0.163677
2.73976 3.56128
2.77629 1.00656
2.81282 0.218927
2.84935 0.193957
2.88588 0.205918
2.92241 1.6077
2.95894 3.19242
2.99547 0.332979
3.032 1.44431
3.06853 0.634791
3.10506 0.101736
3.14159 0.759987
3.17812 1.61357
3.21465 0.22672
3.25118 0.879646
3.28771 0.656709
3.32424 1.66661
3.36077 1.07754
3.3973 2.3018
3.43383 0.425434
3.47036 1.17218
3.50689 4.0885
3.54342 0.58988
3.57995 0.120648
3.61648 0.887739
3.65301 2.68089
3.68954 0.632145
3.72607 0.616876
3.7626 2.89028
3.79913 0.0494955
3.83566 0.600715
3.87219 1.20325
3.90872 1.99182
3.94525 0.832722
