0.0365301 119850
0.0990611 16133.3
0.161592 6143.85
0.224123 2692.77
0.286654 2057.21
0.349185 1210.5
0.411716 786.06
0.474247 691.222
0.536778 506.447
0.599309 518.549
0.66184 241.856
0.724371 218.581
0.786902 119.444
0.849433 192.945
0.911964 142.851
0.974495 240.551
1.03703 189
1.09956 44.2422
1.16209 62.4136
1.22462 18.2894
1.28715 99.5415
1.34968 17.2254
1.41221 12.4943
1.47474 46.8518
1.53727 48.5382
1.59981 21.5003
1.66234 53.3046
1.72487 7.80789
1.7874 3.16822
1.84993 7.13541
1.91246 3.6273
1.97499 19.3536
2.03752 12.0553
2.10005 45.1672
2.16258 9.04273
2.22512 9.1917
2.28765 0.516523
2.35018 30.768
2.41271 2.38747
2.47524 6.68917
2.53777 3.11777
2.6003 10.3523
2.66283 1.95972
2.72536 1.80527
2.78789 5.71379
2.85043 2.71161
2.91296 1.46868
2.97549 0.71531
3.03802 1.19908
3.10055 1.01966
3.16308 3.77591
3.22561 0.731919
3.28814 0.912306
3.35067 2.86621
3.4132 3.25277
3.47574 1.33143
3.53827 0.305832
3.6008 1.84457
3.66333 3.21879
3.72586 0.123777
3.78839 0.754759
3.85092 3.06491
3.91345 0.42651
