0 432000
0.0365301 1.06336
0.0730602 28.7594
0.10959 0.63838
0.14612 0.805664
0.182651 9.40448
0.219181 2.65714
0.255711 10.5554
0.292241 9.00327
0.328771 8.66794
0.365301 94.7885
0.401831 2.69821
0.438361 0.54011
0.474891 1.85921
0.511421 0.0588669
0.547952 8.66627
0.584482 2.66071
0.621012 0.524556
0.657542 5.89899
0.694072 1.66859
0.730602 13.8896
0.767132 4.69578
0.803662 2.40591
0.840192 4.30011
0.876722 0.107479
0.913253 2.60708
0.949783 2.05251
0.986313 2.90641
1.02284 0.0839112
1.05937 1.56574
1.0959 3.48299
1.13243 0.010763
1.16896 0.166748
1.20549 0.454425
1.24202 0.969773
1.27855 1.82352
1.31508 3.86899
1.35161 6.22288
1.38814 0.488997
1.42467 1.93125
1.4612 1.04719
1.49773 0.247167
1.53426 0.0496602
1.57079 0.217052
1.60732 1.25164
1.64385 8.14432
1.68038 1.39989
1.71691 1.95264
1.75344 1.34413
1.78997 0.177006
1.82651 1.71852
1.86304 0.118177
1.89957 1.74169
1.9361 2.20417
1.97263 1.705
2.00916 0.696486
2.04569 1.15028
2.08222 1.29396
2.11875 2.04904
2.15528 2.08815
2.19181 1.19754
2.22834 1.21228
2.26487 3.66939
2.3014 0.282068
2.33793 0.599637
2.37446 0.114464
2.41099 0.572677
2.44752 1.5933
2.48405 0.423906
2.52058 1.80051
2.55711 4.11249
2.59364 0.24931
2.63017 1.17205
2.6667 1.38215
2.70323 0.337911
2.73976 2.09737
2.77629 2.05222
2.81282 0.581956
2.84935 0.882223
2.88588 2.28091
2.92241 1.74888
2.95894 0.508009
2.99547 1.84004
3.032 0.135592
3.06853 0.264428
3.10506 0.0474312
3.14159 0.28261
3.17812 1.73997
3.21465 2.61572
3.25118 0.182784
3.28771 1.21052
3.32424 5.52974
3.36077 0.780305
3.3973 0.0155258
3.43383 1.83951
3.47036 2.63364
3.50689 0.0236221
3.54342 0.201677
3.57995 0.3551
3.61648 0.31522
3.65301 2.27508
3.68954 0.736259
3.72607 0.138223
3.7626 0.273136
3.79913 0.426486
3.83566 1.07038
3.87219 0.429186
3.90872 2.98421
3.94525 2.55394
