0.0365301 118253
0.0990611 17031.4
0.161592 6322.81
0.224123 2938.69
0.286654 2081.42
0.349185 1328.14
0.411716 664.531
0.474247 596.969
0.536778 306.984
0.599309 360.8
0.66184 284.862
0.724371 90.7443
0.786902 231.402
0.849433 80.7828
0.911964 117.884
0.974495 44.7412
1.03703 19.3912
1.09956 119.922
1.16209 32.1484
1.22462 23.8271
1.28715 42.7851
1.34968 22.9294
1.41221 14.5104
1.47474 15.8305
1.53727 43.4202
1.59981 8.56033
1.66234 28.8963
1.72487 40.1584
1.7874 1.2482
1.84993 59.8417
1.91246 4.5981
1.97499 8.77856
2.03752 31.0622
2.10005 18.9893
2.16258 37.0413
2.22512 12.8328
2.28765 7.89409
2.35018 23.9164
2.41271 30.4253
2.47524 1.53786
2.53777 0.39932
2.6003 6.12301
2.66283 8.45548
2.72536 0.335546
2.78789 8.18002
2.85043 0.641504
2.91296 0.183568
2.97549 0.558444
3.03802 2.67071
3.10055 1.98629
3.16308 0.74274
3.22561 1.89118
3.28814 0.852995
3.35067 0.0866133
3.4132 0.136158
3.47574 2.15058
3.53827 1.29717
3.6008 0.0620281
3.66333 0.971001
3.72586 2.49918
3.78839 0.614812
3.85092 0.069597
3.91345 0.51475
