0.0365301 117782
0.0990611 16714.2
0.161592 5995.7
0.224123 3174.62
0.286654 1606.56
0.349185 1296.33
0.411716 842.391
0.474247 625.774
0.536778 434.787
0.599309 378.641
0.66184 275.213
0.724371 364.725
0.786902 154.275
0.849433 72.2747
0.911964 86.7815
0.974495 83.2982
1.03703 41.1952
1.09956 67.8347
1.16209 46.8545
1.22462 31.4976
1.28715 20.9855
1.34968 17.1016
1.41221 70.9434
1.47474 19.9255
1.53727 50.1569
1.59981 13.7857
1.66234 34.0402
1.72487 38.8509
1.7874 7.32405
1.84993 33.718
1.91246 8.09599
1.97499 43.3129
2.03752 0.933669
2.10005 24.8054
2.16258 15.4477
2.22512 5.43993
2.28765 30.3266
2.35018 2.65368
2.41271 29.3785
2.47524 0.591048
2.53777 10.2495
2.6003 11.692
2.66283 3.12536
2.72536 1.39076
2.78789 3.0334
2.85043 0.015343
2.91296 1.31015
2.97549 0.754938
3.03802 0.140377
3.10055 1.04854
3.16308 0.422961
3.22561 0.36575
3.28814 0.518474
3.35067 1.37899
3.4132 1.09395
3.47574 0.829996
3.53827 1.79169
3.6008 0.235296
3.66333 0.305504
3.72586 2.89371
3.78839 0.213268
3.85092 0.736851
3.91345 0.94419
