0 432000
0.0365301 8.80249
0.0730602 3.88258
0.10959 31.6932
0.14612 16.1557
0.182651 6.06255
0.219181 15.862
0.255711 39.6711
0.292241 5.3293
0.328771 11.0746
0.365301 57.5879
0.401831 0.790774
0.438361 0.0674091
0.474891 0.855826
0.511421 4.1395
0.547952 1.57431
0.584482 2.45889
0.621012 4.21858
0.657542 0.565596
0.694072 1.31491
0.730602 11.4262
0.767132 2.39753
0.803662 2.09688
0.840192 4.20443
0.876722 1.35987
0.913253 1.31818
0.949783 0.601334
0.986313 0.787799
1.02284 2.04756
1.05937 1.80834
1.0959 3.02189
1.13243 2.10904
1.16896 0.130565
1.20549 0.354601
1.24202 3.82308
1.27855 1.90603
1.31508 2.28102
1.35161 1.98098
1.38814 0.114191
1.42467 1.97986
1.4612 2.25338
1.49773 2.35441
1.53426 0.154723
1.57079 2.71239
1.60732 1.53288
1.64385 1.91144
1.68038 0.670617
1.71691 7.69054
1.75344 1.34133
1.78997 2.45154
1.82651 0.630572
1.86304 0.266334
1.89957 1.64886
1.9361 1.0186
1.97263 0.534504
2.00916 2.23641
2.04569 0.372698
2.08222 0.0848455
2.11875 1.32328
2.15528 0.00557265
2.19181 0.438284
2.22834 0.51636
2.26487 0.660233
2.3014 0.669579
2.33793 0.158039
2.37446 1.33966
2.41099 1.39573
2.44752 2.22607
2.48405 1.07509
2.52058 0.592856
2.55711 1.6391
2.59364 0.256908
2.63017 2.34895
2.6667 0.445025
2.70323 0.495031
2.73976 0.537556
2.77629 0.798048
2.81282 0.115921
2.84935 0.0600453
2.88588 0.0439005
2.92241 1.46403
2.95894 3.40957
2.99547 0.212505
3.032 0.426109
3.06853 2.02666
3.10506 0.734576
3.14159 0.657691
3.17812 0.443945
3.21465 0.24489
3.25118 0.0205678
3.28771 3.03365
3.32424 2.15056
3.36077 0.0248187
3.3973 0.781747
3.43383 1.15337
3.47036 1.66331
3.50689 0.125454
3.54342 0.447101
3.57995 0.663002
3.61648 0.963005
3.65301 0.113987
3.68954 3.43005
3.72607 1.87842
3.7626 1.03154
3.79913 1.39599
3.83566 1.18766
3.87219 0.964463
3.90872 0.382338
3.94525 1.39034
