0.0365301 120835
0.0990611 15642.8
0.161592 5649.38
0.224123 3100.23
0.286654 1642.31
0.349185 1213.3
0.411716 709.311
0.474247 464.308
0.536778 409.085
0.599309 260.762
0.66184 164.657
0.724371 129.39
0.786902 90.5833
0.849433 88.8919
0.911964 71.9921
0.974495 73.5153
1.03703 53.0279
1.09956 12.2187
1.16209 12.4729
1.22462 38.508
1.28715 4.26631
1.34968 1.73118
1.41221 25.2297
1.47474 6.28507
1.53727 28.3691
1.59981 8.47226
1.66234 0.986398
1.72487 35.3166
1.7874 46.5204
1.84993 4.79306
1.91246 3.26151
1.97499 5.48898
2.03752 9.09568
2.10005 0.36596
2.16258 31.1883
2.22512 10.4982
2.28765 15.0175
2.35018 1.34843
2.41271 3.30471
2.47524 36.9702
2.53777 6.54507
2.6003 6.02882
2.66283 8.17827
2.72536 0.865637
2.78789 2.12095
2.85043 8.64858
2.91296 0.325791
2.97549 0.418319
3.03802 1.08905
3.10055 1.18128
3.16308 0.594986
3.22561 0.758846
3.28814 0.586546
3.35067 1.58424
3.4132 0.211356
3.47574 1.23814
3.53827 2.44238
3.6008 1.34324
3.66333 2.12435
3.72586 0.100902
3.78839 0.774688
3.85092 2.37532
3.91345 2.75441
