0 432000
0.0365301 6.83596
0.0730602 7.60873
0.10959 4.2689
0.14612 5.95569
0.182651 2.10933
0.219181 9.80386
0.255711 35.4184
0.292241 29.7261
0.328771 10.2632
0.365301 57.7056
0.401831 5.93732
0.438361 0.345533
0.474891 5.63384
0.511421 4.75181
0.547952 0.581769
0.584482 1.63996
0.621012 1.49607
0.657542 15.0412
0.694072 3.4535
0.730602 18.6625
0.767132 0.116395
0.803662 0.701025
0.840192 2.08914
0.876722 0.166073
0.913253 2.09622
0.949783 0.75378
0.986313 3.41888
1.02284 1.61374
1.05937 3.29047
1.0959 6.05697
1.13243 1.2036
1.16896 1.88917
1.20549 2.06681
1.24202 0.438788
1.27855 0.0858169
1.31508 1.90788
1.35161 2.28436
1.38814 1.9514
1.42467 0.132221
1.4612 0.976889
1.49773 0.158925
1.53426 0.501922
1.57079 1.83004
1.60732 2.17209
1.64385 2.33642
1.68038 2.69406
1.71691 0.836648
1.75344 0.609062
1.78997 0.667386
1.82651 1.81857
1.86304 0.315963
1.89957 0.0497061
1.9361 0.882843
1.97263 5.51226
2.00916 0.0235277
2.04569 0.450435
2.08222 4.51963
2.11875 2.88757
2.15528 0.199708
2.19181 1.40703
2.22834 1.03912
2.26487 0.790111
2.3014 4.09853
2.33793 1.1726
2.37446 2.32123
2.41099 1.18194
2.44752 0.154326
2.48405 0.157782
2.52058 0.276089
2.55711 0.732348
2.59364 0.200161
2.63017 1.45228
2.6667 0.577654
2.70323 1.80602
2.73976 1.39127
2.77629 0.369075
2.81282 0.521498
2.84935 0.325935
2.88588 2.01393
2.92241 0.99172
2.95894 0.605324
2.99547 0.370815
3.032 0.746215
3.06853 1.15347
3.10506 3.3417
3.14159 0.167585
3.17812 1.211
3.21465 1.30913
3.25118 0.974441
3.28771 3.22894
3.32424 0.00874998
3.36077 2.36007
3.3973 0.802611
3.43383 1.61726
3.47036 1.66057
3.50689 0.105744
3.54342 2.51857
3.57995 2.46655
3.61648 1.47687
3.65301 1.11265
3.68954 0.917441
3.72607 0.0127792
3.7626 0.528378
3.79913 0.483499
3.83566 3.3985
3.87219 0.30945
3.90872 0.119703
3.94525 0.986872
