0 432000
0.0365301 13.9431
0.0730602 35.3416
0.10959 16.1367
0.14612 18.8179
0.182651 7.72397
0.219181 27.2946
0.255711 3.46125
0.292241 16.1199
0.328771 28.9414
0.365301 61.971
0.401831 1.04441
0.438361 1.97805
0.474891 2.52657
0.511421 4.70391
0.547952 3.6494
0.584482 2.49114
0.621012 4.81385
0.657542 5.18282
0.694072 27.0806
0.730602 25.9666
0.767132 1.23694
0.803662 3.12447
0.840192 0.196528
0.876722 2.49605
0.913253 2.26894
0.949783 7.01176
0.986313 3.00957
1.02284 2.00099
1.05937 12.2676
1.0959 7.87661
1.13243 2.21167
1.16896 0.151394
1.20549 2.14022
1.24202 0.430803
1.27855 1.63206
1.31508 0.154878
1.35161 0.0306575
1.38814 2.17855
1.42467 2.74879
1.4612 0.107563
1.49773 3.46645
1.53426 1.47815
1.57079 2.85471
1.60732 1.26379
1.64385 1.58962
1.68038 1.46407
1.71691 2.65772
1.75344 0.340407
1.78997 2.6239
1.82651 0.166828
1.86304 0.401863
1.89957 1.68517
1.9361 0.0612136
1.97263 0.359622
2.00916 0.133109
2.04569 2.63599
2.08222 0.199319
2.11875 1.6828
2.15528 1.72239
2.19181 1.35456
2.22834 0.933172
2.26487 2.13875
2.3014 3.33721
2.33793 2.00846
2.37446 2.97486
2.41099 0.561971
2.44752 1.04257
2.48405 2.37935
2.52058 0.251655
2.55711 0.176961
2.59364 0.404207
2.63017 1.85365
2.6667 0.1043
2.70323 0.0692977
2.73976 1.93656
2.77629 0.705912
2.81282 0.00885567
2.84935 1.26215
2.88588 2.68056
2.92241 0.484888
2.95894 0.710831
2.99547 0.176684
3.032 1.39226
3.06853 1.04303
3.10506 0.281475
3.14159 1.36527
3.17812 2.47298
3.21465 1.69507
3.25118 0.47049
3.28771 0.404201
3.32424 0.137839
3.36077 1.46912
3.3973 1.16394
3.43383 0.058685
3.47036 0.278143
3.50689 0.7046
3.54342 3.18703
3.57995 1.42154
3.61648 1.69282
3.65301 2.58619
3.68954 2.41928
3.72607 0.068368
3.7626 0.239353
3.79913 2.32373
3.83566 0.266852
3.87219 0.854583
3.90872 0.508682
3.94525 0.112639
