0.0365301 120183
0.0990611 16178.8
0.161592 6157.85
0.224123 2750.4
0.286654 1598.94
0.349185 1166.92
0.411716 917.252
0.474247 556.173
0.536778 600.75
0.599309 351.795
0.66184 192.331
0.724371 193.142
0.786902 204.286
0.849433 132.998
0.911964 178.258
0.974495 160.603
1.03703 70.3593
1.09956 128.209
1.16209 75.1566
1.22462 76.7424
1.28715 52.6856
1.34968 17.27
1.41221 11.5277
1.47474 0.53372
1.53727 28.5679
1.59981 9.09505
1.66234 30.3217
1.72487 16.5115
1.7874 19.3937
1.84993 7.39131
1.91246 0.521528
1.97499 9.19127
2.03752 2.63675
2.10005 1.98194
2.16258 44.6809
2.22512 0.370004
2.28765 5.45441
2.35018 2.89965
2.41271 0.368113
2.47524 1.32127
2.53777 12.4755
2.6003 1.20804
2.66283 1.74959
2.72536 3.95782
2.78789 0.125857
2.85043 2.48015
2.91296 5.99335
2.97549 1.22746
3.03802 0.592128
3.10055 0.155631
3.16308 0.174972
3.22561 0.756662
3.28814 1.19723
3.35067 0.956669
3.4132 0.0984503
3.47574 1.71424
3.53827 0.537731
3.6008 0.320468
3.66333 0.996759
3.72586 0.484599
3.78839 0.488333
3.85092 0.119333
3.91345 0.12709
