0.0365301 119097
0.0990611 15985.9
0.161592 6408.22
0.224123 2995.43
0.286654 1823.57
0.349185 1344.44
0.411716 731.687
0.474247 760.812
0.536778 420.125
0.599309 288.4
0.66184 279.571
0.724371 269.72
0.786902 268.785
0.849433 161.167
0.911964 33.3154
0.974495 127.355
1.03703 146.361
1.09956 102.293
1.16209 46.1108
1.22462 55.1566
1.28715 73.2314
1.34968 20.9551
1.41221 8.03055
1.47474 12.4868
1.53727 64.1103
1.59981 9.65964
1.66234 2.55247
1.72487 22.4669
1.7874 10.0989
1.84993 11.6008
1.91246 6.55098
1.97499 11.7536
2.03752 1.82628
2.10005 1.96206
2.16258 33.7921
2.22512 0.702323
2.28765 2.39064
2.35018 9.97634
2.41271 1.86809
2.47524 12.6761
2.53777 14.0406
2.6003 7.84766
2.66283 4.85423
2.72536 0.313946
2.78789 2.85088
2.85043 6.30323
2.91296 3.63635
2.97549 0.220118
3.03802 0.0567705
3.10055 3.31746
3.16308 1.15017
3.22561 0.639083
3.28814 0.860969
3.35067 0.242041
3.4132 0.781144
3.47574 0.0847205
3.53827 2.68043
3.6008 0.755326
3.66333 0.91358
3.72586 2.02367
3.78839 4.09589
3.85092 3.31283
3.91345 2.83277
