0 432000
0.0365301 27.399
0.0730602 3.21896
0.10959 10.3874
0.14612 8.52074
0.182651 16.9651
0.219181 0.462835
0.255711 5.89562
0.292241 14.5766
0.328771 9.09306
0.365301 63.0656
0.401831 3.3226
0.438361 4.37488
0.474891 0.690659
0.511421 0.460666
0.547952 10.6535
0.584482 3.31512
0.621012 3.81555
0.657542 6.53515
0.694072 0.0188267
0.730602 23.8108
0.767132 1.11859
0.803662 1.11817
0.840192 2.11751
0.876722 2.05
0.913253 0.570276
0.949783 0.273446
0.986313 1.33688
1.02284 1.7905
1.05937 2.42987
1.0959 7.52038
1.13243 1.64718
1.16896 1.88357
1.20549 3.04065
1.24202 1.88088
1.27855 1.04033
1.31508 0.183496
1.35161 0.499183
1.38814 3.75331
1.42467 3.78417
1.4612 0.0274896
1.49773 0.626286
1.53426 0.629754
1.57079 0.37784
1.60732 1.48754
1.64385 2.14189
1.68038 4.93521
1.71691 0.769406
1.75344 1.5652
1.78997 2.76393
1.82651 0.180897
1.86304 0.0210746
1.89957 0.936784
1.9361 0.423103
1.97263 1.45685
2.00916 2.15773
2.04569 3.3705
2.08222 1.28254
2.11875 0.552758
2.15528 1.73443
2.19181 1.80474
2.22834 0.678998
2.26487 1.78033
2.3014 0.39638
2.33793 2.8141
2.37446 0.213239
2.41099 4.90607
2.44752 0.188664
2.48405 0.266813
2.52058 0.912094
2.55711 1.0693
2.59364 3.29368
2.63017 0.852233
2.6667 0.825122
2.70323 1.46621
2.73976 1.86372
2.77629 0.188621
2.81282 0.479522
2.84935 1.34512
2.88588 2.47272
2.92241 2.98649
2.95894 1.41737
2.99547 0.220536
3.032 1.00233
3.06853 1.16064
3.10506 0.895286
3.14159 2.04355
3.17812 0.559088
3.21465 0.577133
3.25118 1.40278
3.28771 1.75464
3.32424 0.145139
3.36077 0.540387
3.3973 1.68723
3.43383 0.867113
3.47036 0.279856
3.50689 0.443911
3.54342 0.726941
3.57995 1.16328
3.61648 1.10046
3.65301 6.73911
3.68954 0.0895637
3.72607 0.887025
3.7626 0.696385
3.79913 0.0266769
3.83566 0.811407
3.87219 1.0105
3.90872 0.981049
3.94525 0.411398
