0.0365301 120266
0.0990611 15634.9
0.161592 5847.54
0.224123 3404.45
0.286654 1885.45
0.349185 1137.82
0.411716 867.153
0.474247 519.695
0.536778 470.142
0.599309 303.632
0.66184 351.241
0.724371 130.442
0.786902 186.867
0.849433 146.169
0.911964 99.4476
0.974495 157.711
1.03703 40.4849
1.09956 86.2004
1.16209 116.341
1.22462 23.8728
1.28715 6.21303
1.34968 114.35
1.41221 79.6025
1.47474 91.2514
1.53727 8.48657
1.59981 25.4944
1.66234 48.0129
1.72487 0.687014
1.7874 10.6352
1.84993 2.85884
1.91246 0.356921
1.97499 33.8995
2.03752 21.7073
2.10005 13.5089
2.16258 14.8287
2.22512 5.0739
2.28765 18.453
2.35018 5.29028
2.41271 21.1351
2.47524 21.0571
2.53777 8.20969
2.6003 5.90934
2.66283 5.05213
2.72536 8.3873
2.78789 2.23096
2.85043 3.13646
2.91296 0.403796
2.97549 0.299732
3.03802 2.9146
3.10055 2.00647
3.16308 0.548088
3.22561 0.782697
3.28814 0.0773404
3.35067 0.106201
3.4132 1.97295
3.47574 0.553975
3.53827 1.74168
3.6008 0.479788
3.66333 4.09015
3.72586 3.79623
3.78839 2.47681
3.85092 5.28216
3.91345 1.84861
