0 432000
0.0365301 33.3345
0.0730602 34.2079
0.10959 4.34565
0.14612 49.629
0.182651 13.5697
0.219181 18.9963
0.255711 31.3029
0.292241 11.9102
0.328771 1.82833
0.365301 66.0224
0.401831 0.217772
0.438361 2.1171
0.474891 3.34938
0.511421 1.38438
0.547952 1.01292
0.584482 9.48409
0.621012 7.62002
0.657542 1.62888
0.694072 0.377508
0.730602 13.1331
0.767132 2.32867
0.803662 2.68851
0.840192 4.08834
0.876722 0.838426
0.913253 0.181433
0.949783 1.1464
0.986313 1.19402
1.02284 1.96064
1.05937 0.331062
1.0959 3.41757
1.13243 2.40522
1.16896 4.59789
1.20549 0.270754
1.24202 0.0840636
1.27855 0.302321
1.31508 4.60825
1.35161 3.24745
1.38814 1.28145
1.42467 0.110935
1.4612 2.68324
1.49773 3.17331
1.53426 2.36075
1.57079 0.313323
1.60732 0.819651
1.64385 1.90159
1.68038 2.19985
1.71691 1.84187
1.75344 2.29584
1.78997 1.51361
1.82651 0.73755
1.86304 1.35952
1.89957 0.5722
1.9361 0.511357
1.97263 2.36438
2.00916 2.64503
2.04569 0.970602
2.08222 1.39402
2.11875 0.557427
2.15528 2.40045
2.19181 1.05691
2.22834 0.590713
2.26487 0.601697
2.3014 2.53482
2.33793 3.64492
2.37446 1.59863
2.41099 1.35727
2.44752 3.73292
2.48405 0.360147
2.52058 1.35906
2.55711 0.484867
2.59364 9.03656
2.63017 2.87502
2.6667 0.210632
2.70323 1.81015
2.73976 0.248041
2.77629 0.428032
2.81282 0.531704
2.84935 0.63735
2.88588 0.490704
2.92241 3.73435
2.95894 1.46438
2.99547 0.0148279
3.032 0.874678
3.06853 1.81261
3.10506 0.145299
3.14159 1.97914
3.17812 0.635624
3.21465 0.0415801
3.25118 0.692814
3.28771 0.0869004
3.32424 1.04697
3.36077 0.0497047
3.3973 1.4754
3.43383 0.40593
3.47036 0.328262
3.50689 0.655927
3.54342 0.830604
3.57995 1.50296
3.61648 4.24249
3.65301 0.908559
3.68954 0.162935
3.72607 1.86318
3.7626 0.739555
3.79913 1.08464
3.83566 1.21587
3.87219 2.81079
3.90872 1.04252
3.94525 0.382627
