SPHCYL 1.1032141603350805 1.60044147982284 -7.2971874638078384 -3.2448027384323423 -2.2099039242815404 0.5917768425665652 -0.0002795756443433 -0.8061017866494856 -0.6653079722110418 -0.5648056356294106 -0.4882211548813232 -0.4551543372466309 0.8252239185813295 -0.3344248996215621 
SPHCYL 0.9807585379293742 1.9137307076634196 8.161624419809126 -4.531002282497091 2.627931586545305 -0.996564012898518 0.0002223843165217 -0.0828258337768082 -0.0511118846660037 0.7852318645094692 0.6170887247428775 0.065174714740415 0.6192018003076128 -0.782522451469763 
SPHCYL 0.9352968880424736 2.444873595169872 -1.1853691235297155 -3.326572199494902 0.5589659872571662 0.9589132235984275 -0.0002456995217857 0.2836994346836957 -0.1061349193051674 -0.9276945575637932 0.3579360093237609 0.2630984768337263 -0.3733399891496618 -0.8896046560071307 
SPHCYL 1.1818107033431944 1.5518547038360029 2.2149635892255177 -0.082467612655546 -7.6347596161487585 -0.5724765168979765 9.82344985131e-05 0.8199211108090771 -0.8116981068468152 -0.1413388085683958 -0.5667182055781532 0.1158310016430702 -0.9899612777995364 0.080992885588142 
SPHCYL 1.21495170453989 1.635277472872712 -4.192138116126597 2.78298490261947 -6.05927084356333 0.1580161041243899 -0.0004308619208581 0.9874364410914664 -0.3768977889311587 -0.9243153174274404 0.0599103552644567 0.9126768143960998 -0.3816294122930479 -0.1462190963476541 
SPHCYL 1.0195726465557575 2.3328170148233154 2.6839296078201937 -6.536463214868867 7.597084206002865 -0.9945923128472516 -0.0003868187851947 0.1038555804780377 0.0168789271291642 0.9860960377381156 0.1653169869562219 -0.1024755241224878 0.1661759751845744 -0.9807570097772365 
SPHCYL 1.1813140345122084 1.74656377159765 -4.46632904858304 2.50659880808552 -2.096935600396858 0.8089723232790929 0.0001599706305937 -0.5878467101021331 -0.4698965558403366 -0.600686818312517 -0.6468172640823142 -0.3532152417123679 0.7994844093007855 -0.4858638413250798 
SPHCYL 0.9857482383934788 2.284018445447794 -4.851762620234592 4.590091461948034 1.2660957548621044 -0.7911229890158724 -0.0003154765092977 0.6116570254032399 -0.0108864650514659 0.9998487269076866 -0.0135649614744085 -0.6115602187269327 -0.0173903356980306 -0.7910067478189521 
SPHCYL 1.1059481203741903 1.5879613259049163 -2.9320792061797296 3.466604050027492 1.9770186017397704 0.4468770901286257 8.9837774492e-06 -0.8945953645294079 0.2718808489114934 0.9526978234519092 0.1358221675028985 0.8522802768534365 -0.303919162129267 0.4257363885990151 
SPHCYL 1.2126296438581696 2.097780755656261 3.065188279730696 6.973283186298933 7.371225456452802 0.928041847173642 -0.0001411431713721 0.372475918648622 -0.2265576456821826 0.7935333001636277 0.5647800764140916 -0.2956517598078406 -0.6085268125645699 0.7364001326130757 
SPHCYL 0.9900212052958782 2.0549929891010055 -4.336969445851754 7.0523746302568 -5.101029650600614 -0.7925205163363592 -0.0001760644213812 0.6098452264199323 -0.3789465503470174 0.7836503072543136 -0.4922313560920746 -0.4778187346327135 -0.6212021932845356 -0.6211256651375197 
SPHCYL 1.057050450602941 1.9306123677334737 -0.3967322775090145 -4.2375363105948844 -5.371874299207346 0.5768684013043495 -0.0001271859727123 0.8168370898779292 0.7116176748740927 -0.4908734828373675 -0.5026365572200766 0.4010275955385554 0.8712308578504773 -0.283078893500917 
SPHCYL 1.1415551088260374 2.014660765932173 -2.6407247722733285 7.343927958863999 -7.392664259645245 0.3481248773016943 -0.0002191554819924 0.9374481435122626 -0.9179864673632075 -0.2027853938031023 0.3408503040899656 0.1900260917394519 -0.9792231798885555 -0.0707958221030074 
SPHCYL 1.092246166345117 2.1246385976188265 3.9177316579582686 5.831895560761932 9.13230491636382 0.9325025482484692 -0.0004532690759959 -0.361163110044866 -0.1594694608469829 -0.8977557302119052 -0.4106143445239803 -0.3240501327994201 0.4404934090526563 -0.8372317887024339 
SPHCYL 1.1009915557208918 1.9462841679490472 0.6814803250891718 3.251417729528516 5.959243160266795 0.9964593871521744 -6.66505677119e-05 -0.0840754739150507 0.0123651472869194 0.9892416646614984 0.1457670471347966 0.0831612463164893 -0.1462905480730647 0.9857399670580088 
SPHCYL 1.1145895474814318 2.005356796592083 5.608252256220033 1.1862347634701835 4.172073183372242 -0.4820616582090386 -4.66947124552e-05 -0.8761372926113205 0.2818917268426684 -0.9468350381148436 -0.1550498788637049 -0.8295502468340051 -0.3217194560756608 0.4564460313772091 
SPHCYL 1.077820207847723 2.0971145614672446 -6.865528221390579 2.218133548104172 -4.393756796333344 0.3744497275638307 -0.0002466898939412 -0.9272471842348132 0.2958268864682296 -0.9477101843988842 0.119715745117662 -0.8787911326190142 -0.3191321756430235 -0.3547968428543903 
SPHCYL 1.0865643934891513 2.4742766118043935 -4.283224281395875 -4.481988918225116 -6.491925209365692 -0.8378055304157123 0.0002218491716853 -0.5459687207044384 -0.2172141390457029 0.9173145892720628 0.3336944142582688 0.5008991026178224 0.3981631513481403 -0.7684830472464135 
SPHCYL 1.100514924243438 1.870566839947716 -4.151420059139997 0.121673186403499 -3.1601703670251213 0.9846058202859984 -0.0002913593666984 0.1747892839068403 -0.1744483229001824 0.0608147039450383 0.9827865253560144 -0.0109161026132184 -0.9981490304026456 0.0598276843103773 
SPHCYL 1.1188447421052106 2.3980833535608 8.002201208989222 5.771767635594836 -3.964336519141128 0.8323185267453977 0.0001557284725085 -0.5542976148109364 0.2672513896547394 0.875979096135547 0.4015436686852204 0.4856156553943179 -0.4823490425844939 0.7290520121045616 
SPHCYL 1.0872468628464262 2.2609058979572407 2.3510640018804536 8.237805715879931 6.786413800667124 0.995592898079922 0.000161021348748 0.0937803570312576 -0.0487168187942705 0.8553711313790746 0.51571978745231 -0.0801339681992073 -0.5180156384467838 0.8516092680714809 
SPHCYL 1.032604386341309 2.3305817565166578 1.3544598752075032 4.732406818758723 4.8995563877823916 0.627254198656676 0.0002761099272346 -0.7788145440545419 -0.7786671979485436 -0.0192321085668555 -0.6271423449577487 -0.0151514060918885 0.9998150077706635 -0.0118484231042309 
SPHCYL 0.9354795597124286 2.2106552907166224 0.4972465312428174 3.5648126233052366 3.0715438167835942 -0.9681276677410974 0.0002127827028865 -0.2504571294207781 -0.163865634065114 0.7557261309219983 0.6340552570669159 0.1894119133703516 0.65488775356182 -0.7316045088079483 
SPHCYL 1.0430574179469596 2.7992612878523606 -4.227090985620292 6.993881351565888 4.537026455724098 -0.5965301652646299 0.000120574639453 -0.802590647460506 0.0309269466222683 0.9992607355866496 -0.022836512155684 0.8019945672521126 -0.0384443464838456 -0.5960929007473698 
SPHCYL 1.1217772346150896 2.264014911397301 3.5238061784201617 2.223516240483816 -8.376193834282633 0.2210046374792145 3.0113879046e-05 0.9752727563639823 -0.0954331704943112 -0.9952002308068756 0.0216566518957452 0.9705923243989067 -0.0978595917378054 -0.2199409923657627 
SPHCYL 1.08149919096947 2.416073306164056 6.917310535749256 8.892869299339287 2.287299484237221 0.0039477142050792 0.0002147358618209 -0.9999921846899492 0.5772754984755449 0.816545758284156 0.0024542795236606 0.8165399037477478 -0.5772806756826877 0.0030995275374268 
SPHCYL 1.0204730452736959 1.7375819303259337 -6.1829389998145485 0.2845578886967874 -5.843937067862549 -0.525744211323547 -3.56784244257e-05 0.8506427117108009 -0.0540699650789304 0.9979791865992744 -0.0333763687513989 -0.8489225307035476 -0.0635416543829333 -0.5246837095071549 
SPHCYL 1.0858298781248514 1.81343660801612 7.109781734610031 -2.1083092726765886 -8.155045054004704 0.8349427534234628 -0.0001477840412943 0.550336784765106 -0.4678929941738271 0.5262790468986565 0.7100045850545541 -0.2897356459063709 -0.8503119092164824 0.4393437293690553 
SPHCYL 1.1180753651093507 1.6590772925814143 3.401181146079898 3.414739359103333 -6.899775459828517 0.3620212865974416 -3.41141928614e-05 -0.932169827277444 0.5618776003490193 -0.7979121930532102 0.2182422837191069 -0.7437971163403592 -0.6027736980103898 -0.2888420307201088 
SPHCYL 1.1344713450597783 2.21701309916965 7.008235524118968 -1.000490115009576 -3.997987413534292 0.3849272797608244 -6.9533603994e-05 -0.9229469022976928 -0.7096750389875852 -0.6393637758141602 -0.2959312440662227 -0.5900782391631691 0.7689043876462301 -0.2461579052648853 
SPHCYL 0.9775025700855232 2.2453823431616806 5.881561323119607 5.7649387663248275 -2.179560781831785 -0.4000607687817542 0.0002615438939115 -0.9164885776028848 0.8300633020578609 -0.4238168243509743 -0.3624558096841631 -0.3885180766174775 -0.9057478848950464 0.1693353865842822 
SPHCYL 1.2163693022202096 1.7298557269983466 0.6339215263490385 8.934002221442272 8.421818647871513 -0.2004168176889554 -5.44669382732e-05 -0.9797107206828404 -0.494335071024993 -0.8633637125071819 0.101172809985994 -0.845852195564998 0.5045821013067588 0.1730056828510083 
SPHCYL 1.0459443856130273 2.660427017821898 4.167544959880476 1.348118514002287 -3.47797927486856 -0.2826284196236047 -3.59751372936e-05 0.9592294694841104 -0.4422156876738768 0.8873991168995272 -0.1302616324977796 -0.8512146979441507 -0.4610019588154915 -0.2508201187547398 
SPHCYL 1.0765041005308242 2.1816478194430475 -0.5185628770364852 0.047852165490745 2.492640071429383 -0.9595688976856944 5.73735514143e-05 0.2814738483456478 -0.2049655473193876 0.6852362665100749 -0.6988851003358015 -0.1929161864808507 -0.7283208467204852 -0.657519649307917 
SPHCYL 1.0731737821651177 1.8057951670299592 1.0099340091622755 5.81329364280063 4.771226953538633 -0.8911153426610418 -1.53079889742e-05 0.453776867898466 0.3133309211185512 0.7233158554883475 0.6153356052351744 -0.3282334229554851 0.6905173227115694 -0.6445530599493628 
SPHCYL 1.1565772768630977 2.1550532603812855 -4.657568707635361 -5.407805530667561 0.44387495524422 -0.7133648225819582 -7.95837531987e-05 0.700792853537386 0.5757174623791202 0.570108797359228 0.5861103673245682 -0.3995748157909354 0.8215692014919054 -0.406649743324132 
SPHCYL 1.1187820719923582 2.6940344410691495 -2.0749883035351906 -6.502824013268677 8.085909138285395 -0.2848218919718946 -0.0002682601852548 -0.9585804180610104 -0.3061102940600283 -0.947615697855274 0.0912193896530961 -0.9083903223416544 0.3194126127983643 0.2698195787212306 
SPHCYL 1.030244134744578 2.119752008260445 2.7355081116401383 -5.2443399136272655 -8.016583849543101 -0.3020554141546953 -0.0001472326977332 0.95329035718524 0.0696177081126503 -0.9973332229630728 0.0219047275975354 0.9507449192590108 0.0729823313995987 0.3012601497153541 
SPHCYL 1.1373049000990436 1.6912822815677826 4.857676639777449 -6.2276399018113455 -6.338985573143928 -0.2909403768964477 -0.0001493854403281 -0.956741174391183 0.3661044274046851 -0.9239075429031918 -0.1111863318991751 -0.8839237780069334 -0.3826157731334533 0.2688566994208756 
SPHCYL 1.0537956270341857 1.9498785537524976 0.9618324199802916 -3.2075319587957054 -1.0836637375829608 0.9058617221196512 5.34438962828e-05 0.4235735326270234 0.3251809350829734 0.6407116782617044 -0.6955184431757905 -0.2714256801721835 0.7677815721172704 0.5803788053161942 
SPHCYL 1.049645450005494 1.7088102305792974 3.856786507995464 7.6561930308554675 -4.896132743129028 0.767053251048232 -0.0002452145643956 0.6415833928073085 0.6375564887924307 -0.1115736164749266 -0.7622814780022809 0.0717707019263883 0.993756141101271 -0.0854265671116445 
SPHCYL 1.301524694720696 2.014399575933415 -7.609704144816902 1.1814681141744063 7.062178412325868 -0.5780321126104314 0.0003539225804816 0.816013940769367 0.1297373754299445 -0.9872403778105828 0.0923290303047613 0.8056345885124933 0.1592366514319285 0.570610724253446 
SPHCYL 1.0245628285418822 2.060126533349083 0.9461422063323716 0.3952093380817569 3.8131448168889897 0.3301554921916636 0.0003451951031768 -0.9439264970409558 -0.9407769731932693 -0.0815022015598512 -0.3290836942938499 -0.0770456856993295 0.9966731018649831 -0.0265836478663638 
SPHCYL 1.053231199132487 2.37206603048814 3.5944690850126144 4.692477816219028 8.383251206804932 -0.7064904757986434 -4.38098515357e-05 0.707722548521987 0.1859171526540354 0.9648666722105425 0.1856532176030401 -0.6828660336806973 0.2627399911282401 -0.6816609693294636 
SPHCYL 1.0390383564852081 1.7416578507008578 6.4652371257513 2.4127258277682446 -2.841186785066988 0.6483446150540749 -5.88895000174e-05 0.7613470014798301 0.7331891613622921 0.2694933735842828 -0.6243452372325909 -0.2051412045182577 0.963002242015086 0.1747677546992479 
SPHCYL 1.0557320876483445 2.216129624008974 -3.94145306578432 0.2253946919133896 -4.4700504049423175 0.9999907841495668 6.70584187717e-05 -0.0042926820480359 -0.0040736732108553 -0.3008224649919825 -0.9536714579679536 -0.0013552868950828 0.9536801560582476 -0.3008194194830685 
SPHCYL 1.0668738772894828 2.4540284192401876 3.417385380597375 0.250920578064232 -3.3855085194924537 -0.4297828552039604 0.0002010904841367 0.9029322548980716 0.4911311827845978 0.8391831901518262 0.2335845342978956 -0.7576785985292568 0.5438488144044965 -0.3607653093099612 
SPHCYL 1.0885127965110197 2.067948156301382 7.302622335708087 3.580680334418199 -2.536986126679859 0.7328241247226857 -0.0001958885500316 0.6804180801919448 0.0281305942853355 0.999153689505982 -0.0300095719999406 -0.6798363566988652 0.0411323032924954 0.7322094384370555 
SPHCYL 1.1668044531047064 1.881838594832326 -8.311879211624822 5.897843215629199 -1.558282686317706 0.7009775745075209 -0.000136750305253 -0.7131833013587465 -0.6843226629747632 0.2814684810541716 -0.6726648401039769 0.2008306076688773 0.959570464047561 0.1972095118166111 
SPHCYL 1.0853290873244428 2.094339146469233 -5.305912397516695 8.086520784870201 -1.5978453506588917 0.2045378249473358 0.0001823263369339 -0.9788586439945616 -0.736825171441699 0.6583476408592471 -0.1538409909778628 0.6444012297441246 0.7527139898608319 0.1347913371550335 
SPHCYL 1.1433273587092052 1.8361884659384569 -1.6462949675537086 8.974113248575987 6.7473600766427 0.8355241147087673 -0.0002349194497874 0.5494537273993148 -0.5231208620399685 -0.306206692219736 0.7953502532460116 0.1680595651508837 -0.951965023754936 -0.2559659666998438 
SPHCYL 1.1713951983649085 2.0136177465109246 0.5316562026601231 -8.797687405264073 -6.197027951413437 -0.6933692778798709 0.0001977961383 -0.7205824070632445 0.5627454475814342 0.6247307147128438 -0.5413216191144734 0.4500628908483141 -0.7808402493283033 -0.4332803934061794 
SPHCYL 0.946172722137247 2.5630503575166927 -7.211847381771013 5.961846174931581 6.344836950875581 -0.6791840079379688 -0.0005159335123947 -0.7339678584066603 -0.6993966178075841 -0.3028361949521861 0.647406062704244 -0.2226060519409484 0.9530424821798412 0.2053206584826988 
SPHCYL 1.0144639508865403 2.4022424166227454 3.136440006538731 5.52093623200436 -6.751184683032169 0.3313364255825443 0.0002178155703656 0.9435126526118376 0.6514704800997636 0.7233048754584713 -0.2289459995208397 -0.6824971696943581 0.6905287899098201 0.2395153516266725 
SPHCYL 1.1156517947017752 2.674467074033894 6.690345375017153 6.463275618784432 2.8765705149465406 0.5375346353070996 9.20352740947e-05 0.8432416660570908 0.1564100405670609 -0.9826576679446976 -0.0995982270888815 0.8286087225313442 0.1854289598712804 -0.5282269264113654 
SPHCYL 1.0731350769927956 2.012554711392992 -3.7584245058554298 -6.427539268095888 4.8721435741208925 -0.4075779520555995 8.60558515868e-05 0.9131704143217436 0.3665066043204966 0.915937463603925 0.1634976200321085 -0.8363929232050415 0.4013210128576837 -0.373347455664641 
SPHCYL 1.0404873278040616 2.284996499731758 -4.1280479672504065 8.039877644397414 4.374318974814143 -0.5631005829680937 -0.0004772265431912 -0.826388229415096 -0.2858120171004655 -0.9381746945378964 0.1952939666495499 -0.7753897241658347 0.3461618332277436 0.5281503203392958 
SPHCYL 0.9986411336506515 2.182419714581673 4.502697687776895 -8.845248828034373 -4.479716630459244 -0.991040551806259 0.0004173301550633 -0.1335606622889278 0.0440734046929961 -0.9429592626525062 -0.3299778234618265 -0.126079973327572 -0.3329078773675944 0.9344924748291856 
SPHCYL 1.2003299174885051 1.824232500355098 6.933234892534434 -8.724147917053571 -7.646470513089249 -0.632286149989141 -0.0003733905170533 0.7747348482619381 0.4545515126316865 0.8096118940286277 0.3713643809140504 -0.6273732118094779 0.5869654518171681 -0.5117366622363984 
SPHCYL 1.0158517547200188 2.552403279363694 -7.374491988314211 4.436791536021564 4.336801290048668 0.2553986623037395 2.7761520713e-05 0.966835830181478 -0.7752340587599705 -0.5975517697188195 0.2048024331992513 0.5777401469794984 -0.8018303322618537 -0.1525924009670491 
SPHCYL 1.0792439749956668 1.9857258265714632 -4.009058326613476 1.186094465563451 -0.2451749042172135 -0.0681006005519015 4.94882852183e-05 0.9976784580992956 0.4770872128431777 0.8782540140699364 0.0325219635261086 -0.876213501120593 0.4781944001355464 -0.0598332360233445 
SPHCYL 0.919587253416054 2.4129360560889523 3.3030105013271047 -6.592187191579413 2.361073713464332 -0.973585805142775 -1.2967179921e-05 0.2283214397653042 0.2202746187446063 -0.2631971870452041 0.9392583952611048 0.0600813811557256 0.9647420590828424 0.2562479016013349 
SPHCYL 1.0953825877629484 2.2003959565742783 -6.3687226211012655 3.484949767598247 6.284407816065245 -0.2096976352456274 3.48265516338e-05 0.977766281152792 0.8609472564567263 0.4740070433702971 0.1846270414506405 -0.4634616741132342 0.8805210512090798 -0.0994281399086027 
SPHCYL 0.9825495524411192 2.1344533172767672 -2.4936830743417726 -2.15215239514868 2.9656684343634367 -0.8115182047700987 2.661724317e-07 -0.5843271372497981 0.5624313404162246 0.2711820070420074 -0.7811090233598803 0.1584587979388308 -0.9625280874117644 -0.2200692852243575 
SPHCYL 1.0885718574532328 2.1116071582328115 -6.348623242149245 8.002773386380374 -4.6859336851040165 0.9353129818114664 0.0001655193864204 -0.3538214219887854 -0.2150938315101774 -0.7937350427972325 -0.5689633779795383 -0.2809346359940567 0.6082636389255439 -0.7423550874479805 
SPHCYL 1.026504955213684 1.990887673358395 7.380259629327549 -4.72426756635239 -6.046296680689547 -0.4152127491132371 5.38264996671e-05 0.9097243374102782 -0.8720672266011296 0.2847122937188584 -0.3980422868158291 -0.2590311279789681 -0.9586130120690762 -0.1181692338550515 
SPHCYL 0.9792405026360635 1.9662621159978455 8.240395907065086 -1.2825372399663164 1.2208346700984527 -0.833802130950677 0.0003195659591756 -0.5520633154808199 0.4006344737585433 -0.6876569605371134 -0.6054914723272274 -0.3798236760107783 -0.7260356757779309 0.5732418099191159 
SPHCYL 0.963545692719459 2.078601428013614 3.159533048383095 -8.78200618464845 8.95289485831451 0.9745760782056184 0.0001478833069129 -0.2240567917288877 -0.1031291741418379 0.8880690066619741 -0.4479930946422504 0.1989116417662251 0.45971014513155 0.8655060607719207 
SPHCYL 1.0996027857121422 2.366522589371786 8.552774429720943 -5.8338124337702215 -0.2037128190942636 -0.6476894780452765 -0.0001313897753339 -0.7619044052676481 -0.7296808356632117 0.2878537302972787 0.6202468121803023 0.2192355310969171 0.9576743771714814 -0.1865357049306884 
SPHCYL 1.2332159863758492 2.321127889561268 4.487739667627188 -3.131652700692894 -7.657821302155383 0.5559063940434384 0.0002125399230022 0.8312448711951996 -0.0728201316850636 0.9961678244423038 0.0484447516990092 -0.8280490984735615 -0.08746210821026 0.5537915403330166 
SPHCYL 0.993718682769721 2.13710843433188 6.278480262290741 8.12411792366605 8.179662524212693 -0.4727890522238096 8.69367366715e-05 -0.8811756377358592 0.8415659042208881 -0.2964034767298694 -0.4515659507040379 -0.2612227803047535 -0.9550628101985308 0.140063155845566 
SPHCYL 1.0024626222410922 2.1137973627675084 4.2278536878706 -7.514714184249149 3.6228928477062574 -0.4149733917643265 0.0004195360784702 -0.9098334507574004 0.7161841340733589 0.6169000182078437 -0.3263658279244235 0.5611393500987403 -0.7870414166514546 -0.2562975580182425 
SPHCYL 1.0119091962558369 2.211891989191261 1.1624757227682236 -7.60901657016328 -0.8064785322659266 -0.7037583864623064 -9.11492742154e-05 -0.7104393888121904 -0.5497945884767305 -0.6332628053024009 0.544705544218464 -0.4499444898715684 0.7739368263058437 0.4456138966885319 
SPHCYL 1.1698826220232612 1.9242873942067087 1.822582514067436 7.110511391658528 4.284039844354011 0.973160427399462 -0.0004401926485389 0.2301273316539698 -0.0992822610919692 0.9013453287784354 0.4215680620276555 -0.2076097665723183 -0.4331009172464753 0.8771099020670656 
SPHCYL 0.9219151525535204 2.2923760199784953 -7.278270062042495 -5.698844529324265 6.725294523596816 -0.8163523499521173 0.0002245324580981 0.577554144918813 -0.5508224044734807 -0.3010129324223737 -0.7784509575076561 0.1736764792877435 -0.953620031301582 0.2458562922573793 
SPHCYL 1.2160747346572802 1.4056841901180923 6.4671249676946285 -2.24817586752568 -3.9780743842889303 0.7052143464866377 0.0002441008470029 -0.70899412263019 0.6922792192276686 -0.2160966075040495 0.6885141529778452 -0.1530431577528073 -0.9763719560904788 -0.1525634137827268 
SPHCYL 1.0211209488850197 2.376778130040897 -0.9584094025571546 -6.518027257863113 7.700763644180861 -0.306366098028134 0.0004238939365164 -0.951913669558796 0.0496043467674099 0.998648354592792 -0.0155200725176591 0.95062044095466 -0.0519738798157627 -0.3059730266806556 
SPHCYL 1.0585525581354303 1.8297507329516949 1.7826406617048889 -3.0788629741336435 2.1498803437409473 -0.6074664988686432 8.23660831408e-05 -0.7943452939169952 0.4047138965421617 0.8605064952833418 -0.3094111076235886 0.6835137999323627 -0.5094394613602615 -0.5227622026419402 
SPHCYL 1.0759916973662154 2.734699990314999 -4.5306824012565725 2.3848889193222247 5.806389950000411 0.9294367671010008 -7.09723685393e-05 -0.3689814235483885 -0.1189862232249632 0.9465212958994188 -0.299899508321691 0.3492700597582156 0.3226413354978941 0.879723248518888 
SPHCYL 1.1328738029386887 2.421328093555056 6.247102420612034 -5.55962898511822 1.407226875419658 -0.2737675784041494 -1.7439944635e-05 -0.9617958789216096 -0.3915264705741929 0.9133951754324204 0.1114283461986461 0.8784977722535484 0.4070740143913757 -0.2500648135040896 
SPHCYL 1.0652318243523162 2.412176974749108 -6.2690965317185485 7.7553582264188945 -2.442555870066442 -0.2887019356119477 6.352166268e-07 0.9574190265361768 -0.0636407028099995 -0.997788362984153 -0.0191896753291777 0.9553015509877696 -0.0664709161437578 0.2880634721502636 
SPHCYL 1.1484790356453953 1.8633877148950952 7.277095094067219 3.2460125284257364 3.207624988483156 0.9894208218991104 -0.0001830206959647 -0.1450737870737834 0.145045410973413 0.0210658345022226 0.9892007174341848 0.0028750561853739 -0.9997780739345052 0.0208695215992487 
SPHCYL 1.081127130271492 2.1910942007416025 -1.9467172191916344 -8.885154897619588 -8.756596320088569 -0.5040285608542847 5.43562831006e-05 -0.8636869843227569 -0.5539897621601007 0.7671660397815557 0.32334441517947 0.6626088991743602 0.6414485672689179 -0.3866434821430171 
SPHCYL 1.078871704551048 2.6116783299236808 8.068039331582991 -6.609421170993859 4.139384884642766 -0.4886602560787859 0.0001725375640168 0.8724741396509836 -0.044844189221146 -0.9986831517494936 -0.0249190911708798 0.8713209241273262 -0.0513023648818712 0.4880245019826744 
SPHCYL 1.1664967392194656 1.8096252690767325 8.480414783639016 7.743438935440234 7.19821082687166 -0.3843599158697146 0.0001797615693453 -0.9231833094019593 0.6188546215258925 -0.7419961731646748 -0.2577996051683223 -0.6850448251673693 -0.6704040920927272 0.285082340415327 
SPHCYL 1.0141963483842367 1.8758891536359552 6.362228694223925 -6.546451944014548 -1.1391096099504283 -0.4225252277296824 2.42545791067e-05 -0.9063511633708587 0.8258133173345761 -0.4120853888836767 -0.3849909053229494 -0.3735034094152618 -0.9111452308387912 0.174096443027713 
SPHCYL 1.1954826584769185 1.5871039522386847 3.970214305044213 -4.390222563446149 -3.0505252906222338 0.9721466092991424 0.0002153757191766 0.234373470430239 0.136702991432214 0.8117571848561369 -0.5677698168869649 -0.1903766323940117 0.5839950568691611 0.7891175523270642 
SPHCYL 0.9561789537075218 1.9925501589062709 -6.6297560804298445 -1.1837830342195608 6.960293191432833 0.929584979085574 0.0002727805489791 0.3686077756223007 -0.2955827594282308 0.598023935616303 0.7449820163995428 -0.220233056073006 -0.801478195599054 0.555994696909952 
SPHCYL 1.0822396898703004 1.878325721670784 1.761481960747346 4.596690884395875 6.226388564251486 -0.6221059243028196 -0.0003889241256302 0.7829329905460409 0.6076138361714021 0.6304022201816984 0.4831133064645684 -0.493750589913993 0.7762685679119142 -0.3919406401887086 
SPHCYL 1.214651565840585 2.374432699036257 -7.9630915220979395 8.94712742500557 8.044841538639206 -0.266190162261519 0.00030036333364 -0.9639204880574972 -0.2251115734213232 0.9723283821498896 0.0624683662151253 0.937266011880847 0.2336181222586859 -0.2587566345533549 
SPHCYL 1.1602481089647791 2.1601737175284015 8.035682279655193 1.171309879830797 -5.120409483211455 0.9678376691091742 -0.0001117261852259 -0.2515755031208994 -0.157092786083457 -0.7813443927809339 -0.6040056261578287 -0.1964996254800949 0.6241000940450426 -0.7562320872583848 
SPHCYL 1.044966790056058 2.362567725036524 -2.164963722711386 1.2958516576884935 2.7176188116012656 -0.1929785847394977 -9.2200389628e-05 -0.9812029643916524 0.9615355441135474 0.1991972439942731 -0.1891292029048431 0.1954703640920047 -0.979959412161627 -0.038352148278226 
SPHCYL 1.0961528533792446 2.093333325670079 -0.954493326306116 6.68689046830678 3.0076459360134438 -0.8988637491840857 -0.0002576082426442 -0.4382281301339067 -0.2041869570716427 0.8850636745837261 0.4182941291651977 0.3877520431468243 0.4654698975984126 -0.7956042530461973 
SPHCYL 1.1376132262845835 1.865269998005736 -2.286302512979836 -4.341885840016237 1.4972663138642923 0.0040064420943816 -0.0002083650519132 0.999991952470511 0.8375208096448963 -0.5463944152170271 -0.0034693560471045 0.5463907409844476 0.837527969445584 -0.0020145875182609 
SPHCYL 1.0685834925892412 2.323505309386094 4.584352600359645 8.244214113287395 3.0496951493414906 -0.9969478863833257 -0.0002634598350462 0.0780694717848861 0.065888460130673 0.5335520854918646 0.8431968233389818 -0.0418762779800786 0.8457671681120288 -0.5319062649436445 
SPHCYL 1.0702374276501319 1.9280605207782813 -6.715801911076553 3.609290062510068 3.2189092849236345 -0.1001213252635965 -3.52269674015e-05 -0.9949752353634876 -0.4205184605868438 -0.9062951544199512 0.0423475782150638 -0.9017427263544414 0.422645349949591 0.0907246583504037 
SPHCYL 1.1617794853229566 2.052496701261997 6.578427308989103 -8.713793670789597 7.809612286292147 -0.6668234694913374 -0.0002530748740785 -0.7452156711239027 0.7441893153335183 -0.0526926826878469 -0.6658871857414018 -0.0390988935768726 -0.9986107435554324 0.0353250531040122 
SPHCYL 1.0873065593343705 2.193093487492189 6.074024963938731 -1.0947015273801912 -0.8612040879016316 0.3302245690678826 9.30903658275e-05 0.9439023918383525 0.9026525334222764 0.2923607169773861 -0.3158221256892335 -0.2759893800317317 0.9563081106539923 0.0964606635216679 
SPHCYL 1.2672232924135527 1.6399159312265603 -4.510832907976677 1.272781296192494 -6.64415145280952 0.1878056030934643 -0.0001478145978902 -0.9822062072688748 -0.876648723422692 0.4509623767412153 -0.1676900428921951 0.4429628327162478 0.8925429473782813 0.0845636796578039 
SPHCYL 1.1208189952023553 2.100307922730475 -4.465733012746356 6.775235288605767 -6.835999080480224 -0.5776615647307692 1.61425031026e-05 0.8162763725431165 -0.7499024109734401 -0.3949970494877475 -0.5306823012990228 0.3224181921803981 -0.918682388334071 0.2281867189731115 
SPHCYL 1.0489944018807003 2.548227755895153 -7.90566795647245 3.4257696137694045 4.262343772974735 0.1872938100006676 0.0002369303886616 0.9823039105080598 -0.6036820211139456 -0.7888444280228702 0.1152930429867171 0.774912282854811 -0.6145928833311323 -0.1476026478062896 
SPHCYL 1.0512840980699927 2.169160347686197 -7.015945193460472 6.969989536744057 6.174155103025714 -0.827918125205575 -2.45034924733e-05 -0.5608489790984444 0.5525586798773551 -0.1713391561373747 -0.8156726051954175 -0.0960754039716498 -0.9852121055760856 0.1418683325409717 
SPHCYL 1.1036789221325123 1.76648224403221 -6.440042925707089 -1.8008384558411494 1.8901726845222329 -0.7673140741539044 -0.0001396479592086 0.6412714652186681 -0.1054606921643954 0.986411941602432 -0.1259742984597275 -0.632540239046883 -0.1642907847770344 -0.7569024930754834 
SPHCYL 1.0671453644100604 1.7723797764020812 5.531730802803843 2.537712595293938 -7.949379307619705 0.8922518838926919 -0.0002469902374849 0.4515379437940104 0.2017258527463184 0.8948753686375533 -0.3981265564360356 -0.403971850533799 0.4463160467668896 0.7985040578323083 
SPHCYL 1.0466266052569073 2.259994029997264 1.647772565823641 -7.705572597901731 8.679766145616675 -0.9573618599652848 0.0001715750455246 0.2888913976667921 0.264877261001798 0.3996963753914794 0.877543642278293 -0.1153182799388249 0.9166475757131984 -0.3826995116942676 
SPHCYL 1.1095244917347915 2.0578556299494424 -7.082666104741413 -1.281302622190656 8.266592714523652 0.7784628208394136 0.0004077301432822 0.6276905848639859 0.3044034966328609 0.8742921527119589 -0.3780895964503603 -0.5489391112031236 0.4853999026189246 0.6804798209566106 
SPHCYL 1.0754152561453543 2.183692727958708 3.750430224937528 -0.7693301103337791 -7.933514903596133 0.0132347750947074 -0.0002440692153768 -0.9999123867411908 -0.8125240400284586 0.5828258269985069 -0.0108967774733031 0.5827774232963983 0.8125970685485643 0.0075152566348276 
SPHCYL 1.0530573270234656 2.2839436577911227 1.353442018293992 4.953760451012849 1.0188046617065187 -0.7650488560829499 0.0002704829527711 -0.6439721846828286 -0.416396648418539 0.7626158629037185 0.4950059361598683 0.4912372939751036 0.6468515845900425 -0.5833257653502169 
SPHCYL 1.1005276248901832 1.9893643171174489 7.767887458607645 1.2079245653149924 2.918293332668665 -0.1836361848897241 -0.0002205325008292 -0.9829942537800996 0.0185297490400036 -0.9998230685197592 -0.0032372914966196 -0.9828196172236696 -0.0188091206901023 0.1836077802796268 
SPHCYL 1.0650090110257766 1.8334369265529644 -0.765474805364124 2.507131709756027 -8.875012179953627 -0.6747114499166396 0.0004822097633782 0.7380814499939322 0.4237899197279559 -0.8184775050783802 0.3879390127554431 0.6042901317152019 0.5745383722210679 0.5520317885386119 
SPHCYL 1.1412406389214391 2.1199339937772637 3.622820564652288 5.839917979845222 1.5987024659891875 0.3938283222848462 -7.13379882257e-05 0.9191840117610808 -0.7132433539024281 0.6307673292848018 0.3056411203043711 -0.5798130480425016 -0.775972017032687 0.2483631576983792 
SPHCYL 1.0649926782980061 2.1321197810656294 -0.2052205345601867 -1.0288534061659984 0.2437993359296835 0.9798779020449035 -0.000152967541298 0.1995977797598025 -0.1099408181324466 0.8342156815699918 0.540367664771934 -0.1665902565952335 -0.5514382768938983 0.8174126945330902 
SPHCYL 0.9807181416143008 2.173000102365365 0.7500479226153776 -4.236056710679308 -2.0069976506601734 -0.8469342719330286 6.67905927608e-05 -0.5316975969141444 0.5251469112504418 0.1565942765317804 -0.8364800978873334 0.0832049315209123 -0.9876630134293862 -0.1326601344567942 
SPHCYL 0.9685463268260738 1.8684163936478984 -7.6889862872098815 -8.16072431191608 -1.1824649743036897 -0.6620807054045464 -2.2680048782e-06 0.7494325450138686 0.633758011047441 0.5337353395341721 0.5598904989062862 -0.3999999037052541 0.8456515756073814 -0.3533744327318183 
SPHCYL 1.2708810469714273 1.6000875317722651 -3.5831388520499194 -6.642607293295496 -3.3467253757790667 0.2480454232380443 -9.95514164757e-05 0.9687483977277768 0.1680185238834405 -0.984840229518078 -0.0431218964659 0.9540666872093811 0.1734638648603982 -0.2442683850706505 
SPHCYL 1.0793211146984643 2.1832371597705977 1.7981312668263696 -5.101367996429564 -3.5671229942103744 -0.6934296158201048 -0.0001713231802294 0.720524349728674 0.499080877907558 -0.7213751515758992 0.4801418207111817 0.5196861025759741 0.6925444832912563 0.5003083983426526 
SPHCYL 1.0545108426651486 1.9630191327491024 8.195071758087105 -1.1915438458409915 6.172233936940948 -0.0540533393318455 -0.0002186358086396 0.9985380256682768 0.1557732775467493 -0.9877586655679375 0.0082161181693535 0.986312791415288 0.1559896496367852 0.0534257119444325 
SPHCYL 1.1517288780731463 1.7103918072576698 -1.2195851773660136 -3.1911935354044334 -5.708002631471935 0.5287728148975172 5.99108198792e-05 0.8487633985016647 0.107053980463277 0.9920090930863256 -0.0667637963344419 -0.8419850090662819 0.1261663808021666 0.524541026863409 
SPHCYL 0.9543666680161056 2.628677613468078 -7.224085190492362 0.0280656744988267 -6.547068651144928 0.4448001242639598 4.0738066751e-05 -0.8956298609332187 0.8217508144953865 0.397690386297187 0.4081273765907982 0.3562000116941459 -0.917519675531332 0.17685925670401 
SPHCYL 0.9802592485947657 1.8444997669608691 8.297275344402603 1.025482499094668 -9.257300108576306 -0.7140390464571795 0.0002134521533174 -0.7001058452639932 -0.5178693943955781 0.6727740253495098 0.5283809242994171 0.4711258117349812 0.7398480014524859 -0.4802763832042866 
SPHCYL 0.945058811813676 2.1700290577288968 -8.449394365321227 -7.7933586166795745 -5.51712244489258 0.9811564056756265 -4.60025607127e-05 0.1932151792312135 -0.1778223496232275 -0.3913502489845062 0.9028976656267856 0.0755732728950671 -0.9202418054530712 -0.3839839839373273 
SPHCYL 0.9124741116984826 2.2601209229127956 -4.320995057404844 -7.429096600771904 1.3560916463238284 -0.7348081336115829 -0.000261586429591 -0.6782749725227789 -0.6384551961899521 -0.3373253108615484 0.6917995353498376 -0.2289802813262693 0.9413881060565188 0.2477023708789196 
SPHCYL 1.0769198429596807 2.012159330364799 1.3065129307220908 0.8843779566106277 -9.147655731008014 -0.9980839642225822 -2.85660732883e-05 -0.0618740619788923 -0.0458607387681853 -0.6709483760705969 0.7400845014509381 -0.0415354427137173 0.7415040632607454 0.6696615049160217 
SPHCYL 1.1160049770912546 1.765555704584728 -0.4792052088687495 -4.237248848759463 2.342383806540949 -0.4482955477764217 -0.0003136180764259 0.8938853413539827 -0.6986040734929757 0.6239823901287729 -0.3501404365512502 -0.5576589014288793 -0.7814383395079758 -0.2799476222512856 
SPHCYL 1.1030890896295849 1.8400705519475704 1.7589065757432203 -7.6408261851313615 7.251284703122563 -0.9908792628935325 0.0001719670877338 0.1347525762086284 -0.0037917164066814 -0.9996388063696002 -0.0266060084690846 0.1346993290786437 -0.0268742856144434 0.9905220156657089 
SPHCYL 1.1195246435883637 1.8361595003817448 -0.7617330587352643 -5.294409196706117 -0.5471159141925909 -0.5799221185102896 5.1570576456e-05 -0.8146719178926835 -0.7495221414683718 0.3918154922699033 0.533570219808079 0.3192285950714375 0.9200438127382212 -0.2271838170534148 
SPHCYL 1.0534303019645812 1.8132578506722927 6.126774024873772 2.2187665639639103 5.827612228983405 -0.9982704094338004 0.0001044258899238 0.058789274057482 -0.0584725705848147 0.1019101655123609 -0.9930736511732484 -0.0060949272493227 -0.9947936003315144 -0.1017277966012865 
SPHCYL 1.092867591741599 1.7050460080556047 6.4948568799863855 4.470451710413148 -3.9464372711283096 -0.9371780732562552 -0.0001863738444416 0.3488512924906473 0.2275529385320998 -0.758294263455111 0.6109087249143041 0.2644180764868949 0.6519123984676319 0.7106991667020911 
SPHCYL 1.1773826612204992 2.103884950918088 2.825084321566178 -1.933520411840722 2.497334353835892 -0.6196247104390744 -5.21723791817e-05 -0.7848982198294105 0.3511599515120216 -0.8943546281000379 -0.2771578749559466 -0.7019628955061514 -0.447358688832626 0.5541825483164344 
SPHCYL 1.1753428924341693 1.5370328926696168 -4.113594488433216 0.1128051941472098 -1.9597894000724967 -0.9865072581328 0.0003705859442135 -0.1637171106431448 0.1338490935699445 -0.5740146651211012 -0.807831408386914 -0.0942753934056584 -0.8188449345828617 0.5662200308239301 
SPHCYL 1.0850188389705162 2.386711078651392 3.56699805009108 -5.49273028517942 -2.084781600095297 -0.6339995293825941 -8.45765913954e-05 -0.7733334271770526 0.5281516072006073 0.7304134851058393 -0.4330727659261752 0.564889791511606 -0.683005222251096 -0.4630371365491483 
SPHCYL 1.015846560760278 2.3394324304076326 3.3990781698057964 4.7706415283162045 -0.9343360072061944 -0.9989050053262156 -3.0210506375e-05 -0.0467844997999503 0.0467730001152823 -0.0228250087548619 -0.9986447343452755 -0.0010376870544194 -0.999739475094725 0.0228014285278969 
SPHCYL 1.0704859836294547 2.267455366682384 7.2611732999340415 2.3257735879260863 -8.108335120311754 0.6291813915407068 6.43698306798e-05 0.7772584977955683 -0.3105489644336951 -0.9166931999611088 0.251461563333647 0.7125237660794094 -0.3995917579249583 -0.5767463131831921 
SPHCYL 1.0954789523217379 1.8656319730311297 -1.2192871189274503 -8.900060878370349 8.507155802364377 0.7767700500390399 -9.45013102355e-05 0.6297843126276556 -0.4353292811184624 0.7225489822603348 0.5370394633874737 -0.4551007650655559 -0.6913197229243327 0.5612132699184799 
SPHCYL 0.9328074222720374 2.067427255053383 2.2902795628407366 1.360049117079482 -3.021238632149175 -0.8317904586872022 -0.0002876777525892 0.5550896775103161 -0.0393453130388998 -0.9974540899478814 -0.0594750770340646 0.5536935787769544 -0.0713109787329638 0.8296614762258679 
SPHCYL 1.0125968514878207 1.59022444704965 2.118926096046188 -1.9224638297424717 7.913739296294275 0.0699167208591129 0.0002837133069622 0.9975527914105816 0.9975375394797814 0.0055172033780253 -0.0699172210221532 -0.0055235380764853 0.9999847398703245 0.0001027300943208 
SPHCYL 0.9911755572013196 1.8568024659932352 -8.397282545107526 -6.860025083843319 -3.095428725281475 -0.7478296206567179 0.0002319332482218 0.6638906571684426 -0.6265630340158521 0.3303436605543096 -0.705897889454587 -0.2194757910872067 -0.9438606953033956 -0.2468954535589571 
SPHCYL 1.0127863884370298 1.4617640869499056 -8.199126262259794 0.3182896009854832 8.89324815433873 0.8024719431887705 0.0002154332490086 0.5966898138759725 0.1006028694979533 -0.9857330634660262 -0.1349421736846178 0.5881478071400149 0.1683160158109002 -0.7910448001079868 
SPHCYL 1.0222890089309995 2.0703664402796313 2.081988612847172 5.844605212197364 8.584449095577693 0.885376177834684 5.74177587575e-05 -0.4648752740532904 0.4621106761284966 -0.1090058233973886 0.8800974113548825 -0.0506235788044032 -0.9940411093957056 -0.0965376926406114 
SPHCYL 1.0860316393563774 2.1946716591874065 -7.142444229294215 2.4872060573429007 3.830599274299773 -0.4156770389343222 -0.0001766051483839 -0.9095122693583442 -0.236365302980134 -0.9656195553646189 0.1082142220070575 -0.8782619443251709 0.2599593104855628 0.4013441341816594 
SPHCYL 1.1629595013827518 1.668274130484164 5.002313569042371 -7.826571142123838 8.823778282583772 -0.3318228088959772 4.9706163293e-06 -0.9433417320736044 0.8769931962880694 0.3684038766023341 -0.3084826046452783 0.3475292177080053 -0.929665845172083 -0.1222491683390352 
SPHCYL 1.0321372954552972 2.5110322293066 5.982971176131468 -6.642568090605272 -4.030649266345344 -0.5485517470324177 0.0002653988992545 0.8361165650739916 0.8361121208543871 -0.0031017538034829 0.5485498158634085 0.0027390122531917 0.99999515433171 0.0014795692312358 
SPHCYL 1.0716220318401455 2.521077448185044 -8.70783532647424 2.3465287388918887 1.8851084794389896 0.9289044517935956 -0.0002567195492757 -0.3703193939467021 0.2089381538684149 0.8259940795249443 0.5235251937088332 0.3057472277814933 -0.5636787335751317 0.7673232161346277 
SPHCYL 1.0680406556762478 1.7490991796178728 -0.0127561346685519 4.574878467221633 -2.3758835115769608 -0.463044927671296 -5.4410245932e-05 0.8863348080705473 -0.8568088278427956 0.2559868028905284 -0.4476040541332195 -0.2268656595619365 -0.9666802748506916 -0.1185800098083014 
SPHCYL 1.1318805184534304 1.9525978269342052 1.162014302047343 3.308089660657404 7.875145248470154 -0.7704256479140817 -5.01801839111e-05 -0.6375298569620508 -0.6350799688139444 -0.0875227118425487 0.7674719591770351 -0.0558368538459649 0.9961625230822958 0.0673978735488702 
