ELL 0.80022073991142 0.5516070801675402 0.5516070801675402 -8.371503853023958 -2.5669384005842435 -3.7213153141026223 0.5917768425665652 -0.0002795756443433 -0.8061017866494856 -0.6653079722110418 -0.5648056356294106 -0.4882211548813232 -0.4551543372466309 0.8252239185813295 -0.3344248996215621 
ELL 0.9568653538317098 0.4903792689646871 0.4903792689646871 -5.511247204216176 -3.939142092663273 2.158591360353208 -0.996564012898518 0.0002223843165217 -0.0828258337768082 -0.0511118846660037 0.7852318645094692 0.6170887247428775 0.065174714740415 0.6192018003076128 -0.782522451469763 
ELL 1.222436797584936 0.4676484440212368 0.4676484440212368 -0.0506676222984503 -2.9039528344378644 2.442464078367065 0.9589132235984275 -0.0002456995217857 0.2836994346836957 -0.1061349193051674 -0.9276945575637932 0.3579360093237609 0.2630984768337263 -0.3733399891496618 -0.8896046560071307 
ELL 0.7759273519180014 0.5909053516715972 0.5909053516715972 -1.8422919555945931 -0.8129745380740832 -5.787852720821104 -0.5724765168979765 9.82344985131e-05 0.8199211108090771 -0.8116981068468152 -0.1413388085683958 -0.5667182055781532 0.1158310016430702 -0.9899612777995364 0.080992885588142 
ELL 0.817638736436356 0.607475852269945 0.607475852269945 -5.744895799402032 3.8526915847787415 8.0881406662852 0.1585707378141806 0.0001534479853523 0.9873476072603852 -0.3767190477669552 -0.9243402239868814 0.0606457695931084 0.9126544144191076 -0.3815692948518262 -0.1465155045299661 
ELL 1.1664085074116577 0.5097863232778788 0.5097863232778788 7.279459428477906 -8.574091352105388 9.041705243524861 -0.9946366173500653 2.30102758989e-05 0.1034311311791314 0.0171417719920018 0.9862076016723452 0.1646229815571985 -0.1020007797982404 0.1655130383816826 -0.9809185873690656 
ELL 0.873281885798825 0.5906570172561042 0.5906570172561042 -7.9283337729974654 2.2866616355132616 -2.2584796185360916 0.8089723232790929 0.0001599706305937 -0.5878467101021331 -0.4698965558403366 -0.600686818312517 -0.6468172640823142 -0.3532152417123679 0.7994844093007855 -0.4858638413250798 
ELL 1.142009222723897 0.4928741191967394 0.4928741191967394 -4.329020379636148 6.405901703311095 -1.808063583769257 -0.7911229890158724 -0.0003154765092977 0.6116570254032399 -0.0108864650514659 0.9998487269076866 -0.0135649614744085 -0.6115602187269327 -0.0173903356980306 -0.7910067478189521 
ELL 0.7939806629524582 0.5529740601870952 0.5529740601870952 -3.904100365877976 3.559013227504084 -1.6390836884539126 0.4468770901286257 8.9837774492e-06 -0.8945953645294079 0.2718808489114934 0.9526978234519092 0.1358221675028985 0.8522802768534365 -0.303919162129267 0.4257363885990151 
ELL 1.0488903778281304 0.6063148219290848 0.6063148219290848 -0.6578583214362161 7.030073766543104 8.669004032306367 0.928041847173642 -0.0001411431713721 0.372475918648622 -0.2265576456821826 0.7935333001636277 0.5647800764140916 -0.2956517598078406 -0.6085268125645699 0.7364001326130757 
ELL 1.0274964945505027 0.4950106026479391 0.4950106026479391 -5.60524969273463 8.344819114723004 -3.5829619447828325 -0.7925205163363592 -0.0001760644213812 0.6098452264199323 -0.3789465503470174 0.7836503072543136 -0.4922313560920746 -0.4778187346327135 -0.6212021932845356 -0.6211256651375197 
ELL 0.9653061838667368 0.5285252253014705 0.5285252253014705 0.5218669636142607 -4.1788886423642015 -7.401831069508435 0.5768684013043495 -0.0001271859727123 0.8168370898779292 0.7116176748740927 -0.4908734828373675 -0.5026365572200766 0.4010275955385554 0.8712308578504773 -0.283078893500917 
ELL 1.0073303829660865 0.5707775544130187 0.5707775544130187 -0.9713293879117424 7.294890977326346 -5.894514247614041 0.3489129062304875 4.52966332307e-05 0.9371551535439812 -0.9178036020698548 -0.2021520063337847 0.3417178870982728 0.1894632732047728 -0.9793541567193652 -0.070491870617113 
ELL 1.0623192988094132 0.5461230831725585 0.5461230831725585 0.5326957663467742 5.870577907511341 8.177992252565677 0.9302926399043147 -0.0001602934619741 -0.3668181817275297 -0.1718867098306487 -0.8836070942611389 -0.4355381291631972 -0.3240533337638935 0.4682290863214189 -0.8220407286741611 
ELL 0.9731420839745236 0.5504957778604459 0.5504957778604459 -3.7681956343624994 4.9331018538363445 3.0041035968371697 0.9964593871521744 -6.66505677119e-05 -0.0840754739150507 0.0123651472869194 0.9892416646614984 0.1457670471347966 0.0831612463164893 -0.1462905480730647 0.9857399670580088 
ELL 1.0026783982960414 0.5572947737407159 0.5572947737407159 7.85256077926596 2.7195008008544828 3.129943821643148 -0.4820616582090386 -4.66947124552e-05 -0.8761372926113205 0.2818917268426684 -0.9468350381148436 -0.1550498788637049 -0.8295502468340051 -0.3217194560756608 0.4564460313772091 
ELL 1.0485572807336223 0.5389101039238615 0.5389101039238615 -5.981377457409502 2.4605256688680313 -7.591805142276046 0.3744497275638307 -0.0002466898939412 -0.9272471842348132 0.2958268864682296 -0.9477101843988842 0.119715745117662 -0.8787911326190142 -0.3191321756430235 -0.3547968428543903 
ELL 1.2371383059021968 0.5432821967445757 0.5432821967445757 -1.73784826583525 -4.1326224977990895 -5.706421316047856 -0.8378055304157123 0.0002218491716853 -0.5459687207044384 -0.2172141390457029 0.9173145892720628 0.3336944142582688 0.5008991026178224 0.3981631513481403 -0.7684830472464135 
ELL 0.935283419973858 0.550257462121719 0.550257462121719 -6.565081823499385 0.2026328262277777 -2.5113046188641577 0.9846058202859984 -0.0002913593666984 0.1747892839068403 -0.1744483229001824 0.0608147039450383 0.9827865253560144 -0.0109161026132184 -0.9981490304026456 0.0598276843103773 
ELL 1.1990416767804 0.5594223710526053 0.5594223710526053 7.92028521670999 5.744485883737164 -4.721935482766992 0.8323185267453977 0.0001557284725085 -0.5542976148109364 0.2672513896547394 0.875979096135547 0.4015436686852204 0.4856156553943179 -0.4823490425844939 0.7290520121045616 
ELL 1.1304529489786204 0.5436234314232131 0.5436234314232131 5.207608540489713 8.734068704406972 6.743694424545354 0.995592898079922 0.000161021348748 0.0937803570312576 -0.0487168187942705 0.8553711313790746 0.51571978745231 -0.0801339681992073 -0.5180156384467838 0.8516092680714809 
ELL 1.1652908782583289 0.5163021931706545 0.5163021931706545 0.923384384934966 4.817224925418919 4.601804624583066 0.627254198656676 0.0002761099272346 -0.7788145440545419 -0.7786671979485436 -0.0192321085668555 -0.6271423449577487 -0.0151514060918885 0.9998150077706635 -0.0118484231042309 
ELL 1.1053276453583112 0.4677397798562143 0.4677397798562143 -0.2144575833058313 3.718581957152781 3.67712257684074 -0.9681276677410974 0.0002127827028865 -0.2504571294207781 -0.163865634065114 0.7557261309219983 0.6340552570669159 0.1894119133703516 0.65488775356182 -0.7316045088079483 
ELL 1.3996306439261803 0.5215287089734798 0.5215287089734798 -2.806968143887801 5.793678845781896 7.059981864071249 -0.5965301652646299 0.000120574639453 -0.802590647460506 0.0309269466222683 0.9992607355866496 -0.022836512155684 0.8019945672521126 -0.0384443464838456 -0.5960929007473698 
ELL 1.1320074556986506 0.5608886173075448 0.5608886173075448 3.564155784004339 1.531635696096981 8.472529897569409 0.2210046374792145 3.0113879046e-05 0.9752727563639823 -0.0954331704943112 -0.9952002308068756 0.0216566518957452 0.9705923243989067 -0.0978595917378054 -0.2199409923657627 
ELL 1.208036653082028 0.540749595484735 0.540749595484735 -7.2791398080881935 -8.605139716098611 3.6412851580058887 0.0039477142050792 0.0002147358618209 -0.9999921846899492 0.5772754984755449 0.816545758284156 0.0024542795236606 0.8165399037477478 -0.5772806756826877 0.0030995275374268 
ELL 0.8687909651629668 0.5102365226368479 0.5102365226368479 -4.932408200355357 0.3289517899230714 7.1551360832507775 -0.525744211323547 -3.56784244257e-05 0.8506427117108009 -0.0540699650789304 0.9979791865992744 -0.0333763687513989 -0.8489225307035476 -0.0635416543829333 -0.5246837095071549 
ELL 0.90671830400806 0.5429149390624257 0.5429149390624257 7.245567613606014 -0.2325332643900961 -7.927432645029846 0.8349427534234628 -0.0001477840412943 0.550336784765106 -0.4678929941738271 0.5262790468986565 0.7100045850545541 -0.2897356459063709 -0.8503119092164824 0.4393437293690553 
ELL 0.8295386462907072 0.5590376825546753 0.5590376825546753 -1.5294916135691818 5.333668523229167 -6.541336646326327 0.3620212865974416 -3.41141928614e-05 -0.932169827277444 0.5618776003490193 -0.7979121930532102 0.2182422837191069 -0.7437971163403592 -0.6027736980103898 -0.2888420307201088 
ELL 1.108506549584825 0.5672356725298892 0.5672356725298892 5.4922420649300605 -0.6142029516316713 -3.1916352563270967 0.3849272797608244 -6.9533603994e-05 -0.9229469022976928 -0.7096750389875852 -0.6393637758141602 -0.2959312440662227 -0.5900782391631691 0.7689043876462301 -0.2461579052648853 
ELL 1.1226911715808403 0.4887512850427616 0.4887512850427616 5.538580724691694 7.332171142770777 -1.764091979352627 -0.3966077072352954 0.0001678168885316 -0.9179881798798228 0.8296475597198726 -0.4279589616926847 -0.3585192515859171 -0.3929214338928521 -0.9037981516602112 0.1695925937156861 
ELL 0.8649278634991733 0.6081846511101048 0.6081846511101048 1.7702931911740312 -8.138118209717229 5.649568534649084 -0.2004168176889554 -5.44669382732e-05 -0.9797107206828404 -0.494335071024993 -0.8633637125071819 0.101172809985994 -0.845852195564998 0.5045821013067588 0.1730056828510083 
ELL 1.330213508910949 0.5229721928065136 0.5229721928065136 1.5537332463927696 0.6517235897794686 -5.961480826132925 -0.2826284196236047 -3.59751372936e-05 0.9592294694841104 -0.4422156876738768 0.8873991168995272 -0.1302616324977796 -0.8512146979441507 -0.4610019588154915 -0.2508201187547398 
ELL 1.0908239097215238 0.5382520502654121 0.5382520502654121 -3.1186023793878315 1.7517850811716416 1.0932083880791514 -0.9595688976856944 5.73735514143e-05 0.2814738483456478 -0.2049655473193876 0.6852362665100749 -0.6988851003358015 -0.1929161864808507 -0.7283208467204852 -0.657519649307917 
ELL 0.9028975835149796 0.5365868910825589 0.5365868910825589 -1.5685352218084565 6.095579630850837 5.4263062553393215 -0.8911153426610418 -1.53079889742e-05 0.453776867898466 0.3133309211185512 0.7233158554883475 0.6153356052351744 -0.3282334229554851 0.6905173227115694 -0.6445530599493628 
ELL 1.0775266301906428 0.5782886384315489 0.5782886384315489 -5.086486445346472 -5.111696858868427 1.581474158143667 -0.7133648225819582 -7.95837531987e-05 0.700792853537386 0.5757174623791202 0.570108797359228 0.5861103673245682 -0.3995748157909354 0.8215692014919054 -0.406649743324132 
ELL 1.3470172205345747 0.5593910359961791 0.5593910359961791 0.000527757895494 -6.117090607772778 8.478521354718078 -0.2848218919718946 -0.0002682601852548 -0.9585804180610104 -0.3061102940600283 -0.947615697855274 0.0912193896530961 -0.9083903223416544 0.3194126127983643 0.2698195787212306 
ELL 1.0598760041302224 0.515122067372289 0.515122067372289 5.156411773178878 -4.062238115643203 8.212875290834242 -0.3020554141546953 -0.0001472326977332 0.95329035718524 0.0696177081126503 -0.9973332229630728 0.0219047275975354 0.9507449192590108 0.0729823313995987 0.3012601497153541 
ELL 0.8456411407838913 0.5686524500495218 0.5686524500495218 8.54270848993395 -5.292874852808022 -0.7401301681017954 -0.2909403768964477 -0.0001493854403281 -0.956741174391183 0.3661044274046851 -0.9239075429031918 -0.1111863318991751 -0.8839237780069334 -0.3826157731334533 0.2688566994208756 
ELL 0.9749392768762488 0.5268978135170929 0.5268978135170929 3.3972461964736436 -4.1860490698887585 2.034829788806437 0.9058617221196512 5.34438962828e-05 0.4235735326270234 0.3251809350829734 0.6407116782617044 -0.6955184431757905 -0.2714256801721835 0.7677815721172704 0.5803788053161942 
ELL 0.8544051152896487 0.524822725002747 0.524822725002747 4.524277414454343 7.345284482926633 8.44924086711774 0.767053251048232 -0.0002452145643956 0.6415833928073085 0.6375564887924307 -0.1115736164749266 -0.7622814780022809 0.0717707019263883 0.993756141101271 -0.0854265671116445 
ELL 1.0071997879667074 0.650762347360348 0.650762347360348 -5.384691263942319 2.5024171990617217 6.138043391119609 -0.5780321126104314 0.0003539225804816 0.816013940769367 0.1297373754299445 -0.9872403778105828 0.0923290303047613 0.8056345885124933 0.1592366514319285 0.570610724253446 
ELL 1.0300632666745415 0.5122814142709411 0.5122814142709411 -1.8353136874581215 0.4856361316061091 4.58146879754567 0.3145089804523376 1.5961090434e-06 -0.9492544975991803 -0.9462565166609233 -0.0794130805798231 -0.3135158166814537 -0.0753837243140409 0.996841794183111 -0.0249746166791505 
ELL 1.18603301524407 0.5266155995662435 0.5266155995662435 4.53192246919626 4.878586987630666 3.927607742421512 -0.7064904757986434 -4.38098515357e-05 0.707722548521987 0.1859171526540354 0.9648666722105425 0.1856532176030401 -0.6828660336806973 0.2627399911282401 -0.6816609693294636 
ELL 0.8708289253504289 0.5195191782426041 0.5195191782426041 6.34846502512668 1.4055435004060597 -4.653349208829521 0.6483446150540749 -5.88895000174e-05 0.7613470014798301 0.7331891613622921 0.2694933735842828 -0.6243452372325909 -0.2051412045182577 0.963002242015086 0.1747677546992479 
ELL 1.108064812004487 0.5278660438241722 0.5278660438241722 -7.637676196502061 0.0992160468052426 -3.918811372711123 0.9999907841495668 6.70584187717e-05 -0.0042926820480359 -0.0040736732108553 -0.3008224649919825 -0.9536714579679536 -0.0013552868950828 0.9536801560582476 -0.3008194194830685 
ELL 1.2270142096200938 0.5334369386447414 0.5334369386447414 3.7515848399617817 -0.6587235159453952 -2.52832319637542 -0.4297828552039604 0.0002010904841367 0.9029322548980716 0.4911311827845978 0.8391831901518262 0.2335845342978956 -0.7576785985292568 0.5438488144044965 -0.3607653093099612 
ELL 1.033974078150691 0.5442563982555099 0.5442563982555099 3.8751263298130247 3.992591751954521 -3.325409268371239 0.7328241247226857 -0.0001958885500316 0.6804180801919448 0.0281305942853355 0.999153689505982 -0.0300095719999406 -0.6798363566988652 0.0411323032924954 0.7322094384370555 
ELL 0.940919297416163 0.5834022265523532 0.5834022265523532 -7.731239612825671 5.73426400986415 -4.163813459267863 0.7009775745075209 -0.000136750305253 -0.7131833013587465 -0.6843226629747632 0.2814684810541716 -0.6726648401039769 0.2008306076688773 0.959570464047561 0.1972095118166111 
ELL 1.0471695732346165 0.5426645436622214 0.5426645436622214 -4.6909518057381625 7.56231752297218 0.0683956546554429 0.2045378249473358 0.0001823263369339 -0.9788586439945616 -0.736825171441699 0.6583476408592471 -0.1538409909778628 0.6444012297441246 0.7527139898608319 0.1347913371550335 
ELL 0.9180942329692284 0.5716636793546026 0.5716636793546026 0.2167358951662755 -8.803930214423172 6.95497627731051 0.8355241147087673 -0.0002349194497874 0.5494537273993148 -0.5231208620399685 -0.306206692219736 0.7953502532460116 0.1680595651508837 -0.951965023754936 -0.2559659666998438 
ELL 1.0068088732554623 0.5856975991824542 0.5856975991824542 -0.0412506976255792 -8.928622000227497 -3.702379228231005 -0.7250975561399478 8.44217911657e-05 -0.6886461551136854 0.5314261036318757 0.6360590808144779 -0.5594775617413525 0.4379724083301882 -0.7716403557269548 -0.4612497490027236 
ELL 1.2815251787583464 0.4730863610686235 0.4730863610686235 -7.5282109231238445 5.8667649564815525 5.49604470768066 -0.6802557723482046 0.0002532132888366 -0.7329747745114489 -0.6982950954814963 -0.304179027375842 0.6479653377544144 -0.2227914805676885 0.9526148514419338 0.2070963567973557 
ELL 1.2011212083113727 0.5072319754432701 0.5072319754432701 4.174638133470923 5.969318271524057 -5.3238855386558415 0.3313364255825443 0.0002178155703656 0.9435126526118376 0.6514704800997636 0.7233048754584713 -0.2289459995208397 -0.6824971696943581 0.6905287899098201 0.2395153516266725 
ELL 1.337233537016947 0.5578258973508876 0.5578258973508876 6.71100257875133 7.151824212429598 2.7989372644316535 0.5375346353070996 9.20352740947e-05 0.8432416660570908 0.1564100405670609 -0.9826576679446976 -0.0995982270888815 0.8286087225313442 0.1854289598712804 -0.5282269264113654 
ELL 1.006277355696496 0.5365675384963978 0.5365675384963978 -1.202077430892252 -6.421707830526254 5.976921229099954 -0.4075779520555995 8.60558515868e-05 0.9131704143217436 0.3665066043204966 0.915937463603925 0.1634976200321085 -0.8363929232050415 0.4013210128576837 -0.373347455664641 
ELL 1.142498249865879 0.5202436639020308 0.5202436639020308 -4.448125603516157 8.199609774806982 5.2094979902028005 -0.5628099112341348 0.0002045523589032 -0.8265863306243066 -0.2853582807319595 -0.9385680018442776 0.1940637975815369 -0.7757677844782795 0.3450942828741349 0.52829374451465 
ELL 1.0912098572908364 0.4993205668253258 0.4993205668253258 6.665698007601352 -8.282826487534097 -4.92780781362058 -0.9910633417937899 0.0002631615772036 -0.1333918411990764 0.0441925716642636 -0.9428764831878008 -0.3301983556305195 -0.12585892563578 -0.3331424142876484 0.9344386885400554 
ELL 0.912116250177549 0.6001649587442526 0.6001649587442526 -6.732097764343261 -8.636334760243212 8.716166408080102 -0.632286149989141 -0.0003733905170533 0.7747348482619381 0.4545515126316865 0.8096118940286277 0.3713643809140504 -0.6273732118094779 0.5869654518171681 -0.5117366622363984 
ELL 1.276201639681847 0.5079258773600094 0.5079258773600094 -6.706612917806719 4.761092919125206 5.549089123429723 0.2553986623037395 2.7761520713e-05 0.966835830181478 -0.7752340587599705 -0.5975517697188195 0.2048024331992513 0.5777401469794984 -0.8018303322618537 -0.1525924009670491 
ELL 0.9928629132857316 0.5396219874978334 0.5396219874978334 -3.404310425835518 2.5982901744471385 5.293471092550252 -0.0681006005519015 4.94882852183e-05 0.9976784580992956 0.4770872128431777 0.8782540140699364 0.0325219635261086 -0.876213501120593 0.4781944001355464 -0.0598332360233445 
ELL 1.2064680280444762 0.459793626708027 0.459793626708027 4.77937207599452 -7.708237675505383 3.726249311530265 -0.973585805142775 -1.2967179921e-05 0.2283214397653042 0.2202746187446063 -0.2631971870452041 0.9392583952611048 0.0600813811557256 0.9647420590828424 0.2562479016013349 
ELL 1.1001979782871392 0.5476912938814742 0.5476912938814742 -8.590855630967825 2.581977289994619 5.979644167998038 -0.2096976352456274 3.48265516338e-05 0.977766281152792 0.8609472564567263 0.4740070433702971 0.1846270414506405 -0.4634616741132342 0.8805210512090798 -0.0994281399086027 
ELL 1.0672266586383836 0.4912747762205596 0.4912747762205596 1.5480168174289803 -1.5456148941648875 2.16148846608141 -0.8115182047700987 2.661724317e-07 -0.5843271372497981 0.5624313404162246 0.2711820070420074 -0.7811090233598803 0.1584587979388308 -0.9625280874117644 -0.2200692852243575 
ELL 1.0558035791164058 0.5442859287266164 0.5442859287266164 -5.257199384388785 8.435040224252019 -5.215170079935551 0.9353129818114664 0.0001655193864204 -0.3538214219887854 -0.2150938315101774 -0.7937350427972325 -0.5689633779795383 -0.2809346359940567 0.6082636389255439 -0.7423550874479805 
ELL 0.9954438366791974 0.513252477606842 0.513252477606842 7.8938671995474605 -3.140718380492326 -6.367290220596356 -0.4152127491132371 5.38264996671e-05 0.9097243374102782 -0.8720672266011296 0.2847122937188584 -0.3980422868158291 -0.2590311279789681 -0.9586130120690762 -0.1181692338550515 
ELL 0.9831310579989228 0.4896202513180318 0.4896202513180318 -8.10952290254135 -1.7347282594081088 2.1440255707950486 -0.833802130950677 0.0003195659591756 -0.5520633154808199 0.4006344737585433 -0.6876569605371134 -0.6054914723272274 -0.3798236760107783 -0.7260356757779309 0.5732418099191159 
ELL 1.039300714006807 0.4817728463597295 0.4817728463597295 5.30683381524504 -8.547492501361779 7.971417110268165 0.9745760782056184 0.0001478833069129 -0.2240567917288877 -0.1031291741418379 0.8880690066619741 -0.4479930946422504 0.1989116417662251 0.45971014513155 0.8655060607719207 
ELL 1.183261294685893 0.5498013928560711 0.5498013928560711 -8.248402026538262 -5.364153489787281 -2.405061568702247 -0.6476894780452765 -0.0001313897753339 -0.7619044052676481 -0.7296808356632117 0.2878537302972787 0.6202468121803023 0.2192355310969171 0.9576743771714814 -0.1865357049306884 
ELL 1.160563944780634 0.6166079931879246 0.6166079931879246 5.8894977048189805 -3.124634730237555 -7.4352726512444605 0.5559063940434384 0.0002125399230022 0.8312448711951996 -0.0728201316850636 0.9961678244423038 0.0484447516990092 -0.8280490984735615 -0.08746210821026 0.5537915403330166 
ELL 1.06855421716594 0.4968593413848605 0.4968593413848605 7.509001122348197 8.402922215741206 8.698203934613584 -0.4727890522238096 8.69367366715e-05 -0.8811756377358592 0.8415659042208881 -0.2964034767298694 -0.4515659507040379 -0.2612227803047535 -0.9550628101985308 0.140063155845566 
ELL 1.0568986813837542 0.5012313111205461 0.5012313111205461 5.5029879888110536 -7.009942482890108 -0.0537762906545611 -0.4149733917643265 0.0004195360784702 -0.9098334507574004 0.7161841340733589 0.6169000182078437 -0.3263658279244235 0.5611393500987403 -0.7870414166514546 -0.2562975580182425 
ELL 1.1059459945956305 0.5059545981279184 0.5059545981279184 4.550329682911574 8.607192659443015 -1.4818591998125963 -0.7037583864623064 -9.11492742154e-05 -0.7104393888121904 -0.5497945884767305 -0.6332628053024009 0.544705544218464 -0.4499444898715684 0.7739368263058437 0.4456138966885319 
ELL 0.9621436971033543 0.5849413110116306 0.5849413110116306 5.3924103216246175 7.400750872435418 5.448584570932372 0.9728564435784526 0.0001823725767047 0.2314093924804613 -0.1002255087906298 0.9016733652396896 0.4206423537935594 -0.2085789720360006 -0.4324177484303677 0.8772170217607868 
ELL 1.1461880099892476 0.4609575762767602 0.4609575762767602 -4.462652281176529 -4.073688924404447 3.7697904632176513 -0.8163523499521173 0.0002245324580981 0.577554144918813 -0.5508224044734807 -0.3010129324223737 -0.7784509575076561 0.1736764792877435 -0.953620031301582 0.2458562922573793 
ELL 0.7028420950590462 0.6080373673286401 0.6080373673286401 -7.901329939462118 -2.0903735562631205 -7.457103721239805 0.8046435236721686 -0.0001265551238339 -0.5937581862982512 0.5478251428488496 -0.385503770052897 0.742478589683009 -0.2289899837876322 -0.9227062518801612 -0.3101237818454791 
ELL 1.1883890650204485 0.5105604744425098 0.5105604744425098 0.6429473888302952 -5.1529029812504845 7.9803840889990045 -0.306366098028134 0.0004238939365164 -0.951913669558796 0.0496043467674099 0.998648354592792 -0.0155200725176591 0.95062044095466 -0.0519738798157627 -0.3059730266806556 
ELL 0.9148753664758474 0.5292762790677151 0.5292762790677151 3.386115663495857 -3.0057389887732735 1.029443898209799 -0.6074664988686432 8.23660831408e-05 -0.7943452939169952 0.4047138965421617 0.8605064952833418 -0.3094111076235886 0.6835137999323627 -0.5094394613602615 -0.5227622026419402 
ELL 1.3673499951574994 0.5379958486831077 0.5379958486831077 -5.533989535231764 2.540378780902089 4.190850221271531 0.9294367671010008 -7.09723685393e-05 -0.3689814235483885 -0.1189862232249632 0.9465212958994188 -0.299899508321691 0.3492700597582156 0.3226413354978941 0.879723248518888 
ELL 1.210664046777528 0.5664369014693443 0.5664369014693443 8.521444380319126 -0.5615601268428558 3.3082703672406177 -0.2737675784041494 -1.7439944635e-05 -0.9617958789216096 -0.3915264705741929 0.9133951754324204 0.1114283461986461 0.8784977722535484 0.4070740143913757 -0.2500648135040896 
ELL 1.206088487374554 0.5326159121761581 0.5326159121761581 -6.941557481046741 -8.674515261473404 -2.221760660231224 -0.2887019356119477 6.352166268e-07 0.9574190265361768 -0.0636407028099995 -0.997788362984153 -0.0191896753291777 0.9553015509877696 -0.0664709161437578 0.2880634721502636 
ELL 0.9316938574475476 0.5742395178226977 0.5742395178226977 5.698081776513533 3.635688430385049 3.2720437910968845 0.9894208218991104 -0.0001830206959647 -0.1450737870737834 0.145045410973413 0.0210658345022226 0.9892007174341848 0.0028750561853739 -0.9997780739345052 0.0208695215992487 
ELL 1.0955471003708013 0.540563565135746 0.540563565135746 2.4608157547565845 8.076572811474163 -6.0934246519250985 -0.5040285608542847 5.43562831006e-05 -0.8636869843227569 -0.5539897621601007 0.7671660397815557 0.32334441517947 0.6626088991743602 0.6414485672689179 -0.3866434821430171 
ELL 1.3058391649618404 0.539435852275524 0.539435852275524 8.708949869213756 -6.0416002810737455 2.931349213615852 -0.4886602560787859 0.0001725375640168 0.8724741396509836 -0.044844189221146 -0.9986831517494936 -0.0249190911708798 0.8713209241273262 -0.0513023648818712 0.4880245019826744 
ELL 0.9048126345383662 0.5832483696097328 0.5832483696097328 -7.435296957643888 -7.750753358977352 6.463983349100264 -0.3843599158697146 0.0001797615693453 -0.9231833094019593 0.6188546215258925 -0.7419961731646748 -0.2577996051683223 -0.6850448251673693 -0.6704040920927272 0.285082340415327 
ELL 0.9379445768179776 0.5070981741921183 0.5070981741921183 7.643698312622986 -6.424928405159289 1.1896404832850451 -0.4225252277296824 2.42545791067e-05 -0.9063511633708587 0.8258133173345761 -0.4120853888836767 -0.3849909053229494 -0.3735034094152618 -0.9111452308387912 0.174096443027713 
ELL 0.7935519761193424 0.5977413292384592 0.5977413292384592 3.274339421514705 -3.9303739538476017 -4.578140541643806 0.9721466092991424 0.0002153757191766 0.234373470430239 0.136702991432214 0.8117571848561369 -0.5677698168869649 -0.1903766323940117 0.5839950568691611 0.7891175523270642 
ELL 0.9962750794531354 0.4780894768537609 0.4780894768537609 -6.734186970115265 -0.7329076977031235 6.145630124104174 0.92959608104692 -6.55891367476e-05 0.3685798716699659 -0.2952940157778756 0.5983083675677114 0.7448681370176767 -0.2205732765952713 -0.8012659315086853 0.5561657456689558 
ELL 0.939162860835392 0.5411198449351502 0.5411198449351502 -1.2362517776703648 2.6947865318362467 4.23737448379314 -0.6210040010149283 -0.0003099481444765 0.7838073326115331 0.608197187346117 0.6306009305688266 0.482118914449612 -0.4944190651944283 0.7761071899537343 -0.3914171913372618 
ELL 1.1872163495181285 0.6073257829202925 0.6073257829202925 -6.336229327843957 8.16092707177762 -8.896505316134824 -0.2642243262454744 0.0001919924211186 -0.964461232273742 -0.2472139704147126 0.9665775825713144 0.0679192881471833 0.932239646363522 0.2563742186912178 -0.2553458473101999 
ELL 1.0800868587642007 0.5801240544823896 0.5801240544823896 4.162740301918833 1.6795022465149383 -3.9633741039518977 0.9678376691091742 -0.0001117261852259 -0.2515755031208994 -0.157092786083457 -0.7813443927809339 -0.6040056261578287 -0.1964996254800949 0.6241000940450426 -0.7562320872583848 
ELL 1.181283862518262 0.522483395028029 0.522483395028029 0.204672581136055 0.6066424402873551 -7.397692572533279 -0.1929785847394977 -9.2200389628e-05 -0.9812029643916524 0.9615355441135474 0.1991972439942731 -0.1891292029048431 0.1954703640920047 -0.979959412161627 -0.038352148278226 
ELL 1.0466666628350394 0.5480764266896223 0.5480764266896223 1.0874096844879115 7.0984947270280925 4.837944352452623 -0.8988637491840857 -0.0002576082426442 -0.4382281301339067 -0.2041869570716427 0.8850636745837261 0.4182941291651977 0.3877520431468243 0.4654698975984126 -0.7956042530461973 
ELL 0.932634999002868 0.5688066131422918 0.5688066131422918 -0.3387138294384146 -3.977723967872208 1.7299658212615387 0.0040064420943816 -0.0002083650519132 0.999991952470511 0.8375208096448963 -0.5463944152170271 -0.0034693560471045 0.5463907409844476 0.837527969445584 -0.0020145875182609 
ELL 1.161752654693047 0.5342917462946206 0.5342917462946206 7.243906425880546 8.296066075044342 3.0529022049077086 -0.9969478863833257 -0.0002634598350462 0.0780694717848861 0.065888460130673 0.5335520854918646 0.8431968233389818 -0.0418762779800786 0.8457671681120288 -0.5319062649436445 
ELL 0.9640302603891406 0.5351187138250659 0.5351187138250659 8.422097778483781 3.558001781563697 1.4531458584106967 -0.1001213252635965 -3.52269674015e-05 -0.9949752353634876 -0.4205184605868438 -0.9062951544199512 0.0423475782150638 -0.9017427263544414 0.422645349949591 0.0907246583504037 
ELL 1.0262483506309985 0.5808897426614783 0.5808897426614783 8.042690197119818 7.083070300571671 -7.13528401954528 -0.6668234694913374 -0.0002530748740785 -0.7452156711239027 0.7441893153335183 -0.0526926826878469 -0.6658871857414018 -0.0390988935768726 -0.9986107435554324 0.0353250531040122 
ELL 1.0965467437460945 0.5436532796671852 0.5436532796671852 6.372170315001197 0.4107059562136535 0.7817457314024433 0.3302245690678826 9.30903658275e-05 0.9439023918383525 0.9026525334222764 0.2923607169773861 -0.3158221256892335 -0.2759893800317317 0.9563081106539923 0.0964606635216679 
ELL 0.8199579656132802 0.6336116462067763 0.6336116462067763 -7.6456211066253585 2.511817877097612 -7.027208812026534 0.1878056030934643 -0.0001478145978902 -0.9822062072688748 -0.876648723422692 0.4509623767412153 -0.1676900428921951 0.4429628327162478 0.8925429473782813 0.0845636796578039 
ELL 1.0501539613652375 0.5604094976011776 0.5604094976011776 -1.9911898596165851 7.267125272584313 -7.9495843157326815 -0.5776615647307692 1.61425031026e-05 0.8162763725431165 -0.7499024109734401 -0.3949970494877475 -0.5306823012990228 0.3224181921803981 -0.918682388334071 0.2281867189731115 
ELL 1.2741138779475765 0.5244972009403501 0.5244972009403501 7.265789072648232 3.530431220114379 -1.447354725332098 0.1872938100006676 0.0002369303886616 0.9823039105080598 -0.6036820211139456 -0.7888444280228702 0.1152930429867171 0.774912282854811 -0.6145928833311323 -0.1476026478062896 
ELL 1.0845801738430985 0.5256420490349963 0.5256420490349963 -7.992846125460435 6.8013433468345195 7.8209253733004065 -0.827918125205575 -2.45034924733e-05 -0.5608489790984444 0.5525586798773551 -0.1713391561373747 -0.8156726051954175 -0.0960754039716498 -0.9852121055760856 0.1418683325409717 
ELL 0.883241122016105 0.5518394610662561 0.5518394610662561 -5.462272996140017 -1.9596671281043163 1.8724499659307847 -0.7673140741539044 -0.0001396479592086 0.6412714652186681 -0.1054606921643954 0.986411941602432 -0.1259742984597275 -0.632540239046883 -0.1642907847770344 -0.7569024930754834 
ELL 0.8861898882010406 0.5335726822050302 0.5335726822050302 3.6042397738433425 2.4889230564977614 -6.834256711921886 0.8922518838926919 -0.0002469902374849 0.4515379437940104 0.2017258527463184 0.8948753686375533 -0.3981265564360356 -0.403971850533799 0.4463160467668896 0.7985040578323083 
ELL 1.129997014998632 0.5233133026284537 0.5233133026284537 1.3146393141492199 -6.396537011948418 -7.903427630192574 -0.9573618599652848 0.0001715750455246 0.2888913976667921 0.264877261001798 0.3996963753914794 0.877543642278293 -0.1153182799388249 0.9166475757131984 -0.3826995116942676 
ELL 1.0289278149747212 0.5547622458673958 0.5547622458673958 -1.4690259079598682 -2.968763621148889 -6.5674360873000825 0.7784628208394136 0.0004077301432822 0.6276905848639859 0.3044034966328609 0.8742921527119589 -0.3780895964503603 -0.5489391112031236 0.4853999026189246 0.6804798209566106 
ELL 1.091846363979354 0.5377076280726771 0.5377076280726771 -0.1114770293368382 1.6784868320288706 -7.5001980969738815 0.0132347750947074 -0.0002440692153768 -0.9999123867411908 -0.8125240400284586 0.5828258269985069 -0.0108967774733031 0.5827774232963983 0.8125970685485643 0.0075152566348276 
ELL 1.1419718288955614 0.5265286635117328 0.5265286635117328 2.8544481069976846 6.00743036115637 3.316584229991704 -0.7618855874193627 -0.0001471100036931 -0.6477116102412651 -0.4153997656261722 0.7673724201320242 0.4884491821454146 0.4969641701374243 0.6412016431509101 -0.5847110965427643 
ELL 0.9946821585587244 0.5502638124450916 0.5502638124450916 8.177120812893252 1.1378988797028509 -3.4653744184901227 -0.1940409563504724 8.10272849867e-05 -0.9809934254077876 0.0023316407192743 -0.9999971338643162 -0.0005437965576262 -0.9809906578098326 -0.0023928430201001 0.194040211276271 
ELL 0.9167184632764822 0.5325045055128883 0.5325045055128883 1.703852729537653 1.5149706579259965 9.068375959067138 -0.6652955001194845 0.0002543836229783 0.7465800913564148 0.4426787321256761 -0.805110697600373 0.3947560065826353 0.6011800376296486 0.5931245230964843 0.5355239139918321 
ELL 1.0599669968886318 0.5706203194607196 0.5706203194607196 4.038192737382635 6.320149042082857 6.332999782266231 0.3938283222848462 -7.13379882257e-05 0.9191840117610808 -0.7132433539024281 0.6307673292848018 0.3056411203043711 -0.5798130480425016 -0.775972017032687 0.2483631576983792 
ELL 1.0660598905328147 0.5324963391490031 0.5324963391490031 3.0257469998755697 -0.6920132257533107 3.5823561640648194 0.9798779020449035 -0.000152967541298 0.1995977797598025 -0.1099408181324466 0.8342156815699918 0.540367664771934 -0.1665902565952335 -0.5514382768938983 0.8174126945330902 
ELL 1.0865000511826826 0.4903590708071504 0.4903590708071504 3.899287165479018 -4.123703591391129 0.8573767636916079 -0.8469342719330286 6.67905927608e-05 -0.5316975969141444 0.5251469112504418 0.1565942765317804 -0.8364800978873334 0.0832049315209123 -0.9876630134293862 -0.1326601344567942 
ELL 0.9342081968239492 0.4842731634130369 0.4842731634130369 -8.677751932157614 -7.641363022308541 -4.641280675926013 -0.6620807054045464 -2.2680048782e-06 0.7494325450138686 0.633758011047441 0.5337353395341721 0.5598904989062862 -0.3999999037052541 0.8456515756073814 -0.3533744327318183 
ELL 0.8000437658861326 0.6354405234857137 0.6354405234857137 -2.4134988240522857 -6.279921319893091 -1.4784395545043851 0.2480454232380443 -9.95514164757e-05 0.9687483977277768 0.1680185238834405 -0.984840229518078 -0.0431218964659 0.9540666872093811 0.1734638648603982 -0.2442683850706505 
ELL 1.0916185798852989 0.5396605573492321 0.5396605573492321 1.5878686291910105 -4.400630250163295 -5.50911650424251 -0.6934296158201048 -0.0001713231802294 0.720524349728674 0.499080877907558 -0.7213751515758992 0.4801418207111817 0.5196861025759741 0.6925444832912563 0.5003083983426526 
ELL 0.9815095663745512 0.5272554213325743 0.5272554213325743 -8.351184290120518 -0.7240464117910923 -9.246574380350772 -0.0540533393318455 -0.0002186358086396 0.9985380256682768 0.1557732775467493 -0.9877586655679375 0.0082161181693535 0.986312791415288 0.1559896496367852 0.0534257119444325 
ELL 0.8551959036288349 0.5758644390365731 0.5758644390365731 0.3895161554617811 -2.969160731329305 -4.191340490526184 0.5287728148975172 5.99108198792e-05 0.8487633985016647 0.107053980463277 0.9920090930863256 -0.0667637963344419 -0.8419850090662819 0.1261663808021666 0.524541026863409 
ELL 1.314338806734039 0.4771833340080528 0.4771833340080528 7.8981434584244035 1.2513090938949012 -6.6557438760390495 0.4448001242639598 4.0738066751e-05 -0.8956298609332187 0.8217508144953865 0.397690386297187 0.4081273765907982 0.3562000116941459 -0.917519675531332 0.17685925670401 
ELL 0.9222498834804346 0.4901296242973828 0.4901296242973828 -6.105932506731969 -2.0910271556894937 -8.218934527726942 -0.7140390464571795 0.0002134521533174 -0.7001058452639932 -0.5178693943955781 0.6727740253495098 0.5283809242994171 0.4711258117349812 0.7398480014524859 -0.4802763832042866 
ELL 1.0850145288644484 0.472529405906838 0.472529405906838 -3.8944607096220074 -7.528949717090467 -4.807837695265508 0.9811564056756265 -4.60025607127e-05 0.1932151792312135 -0.1778223496232275 -0.3913502489845062 0.9028976656267856 0.0755732728950671 -0.9202418054530712 -0.3839839839373273 
ELL 1.1300604614563978 0.4562370558492413 0.4562370558492413 -1.4655849318611682 -7.5969187190280705 0.2348608855466972 -0.7348081336115829 -0.000261586429591 -0.6782749725227789 -0.6384551961899521 -0.3373253108615484 0.6917995353498376 -0.2289802813262693 0.9413881060565188 0.2477023708789196 
ELL 1.0060796651823996 0.5384599214798403 0.5384599214798403 2.1929360834719582 0.3917960319482153 -8.681144843364663 -0.9980839642225822 -2.85660732883e-05 -0.0618740619788923 -0.0458607387681853 -0.6709483760705969 0.7400845014509381 -0.0415354427137173 0.7415040632607454 0.6696615049160217 
ELL 0.882777852292364 0.5580024885456273 0.5580024885456273 1.2189313482821813 -4.007969879241603 1.608038349144681 -0.4512097274699835 -0.0001110343282906 0.8924179343266401 -0.6996468585411221 0.6208172955746174 -0.3536667341566808 -0.5539892193626225 -0.7839552749914322 -0.280196487563808 
ELL 0.9200352759737852 0.5515445448147924 0.5515445448147924 5.35249763132448 -6.85546455571922 4.279159555542591 -0.9908792628935325 0.0001719670877338 0.1347525762086284 -0.0037917164066814 -0.9996388063696002 -0.0266060084690846 0.1346993290786437 -0.0268742856144434 0.9905220156657089 
ELL 0.9180797501908724 0.5597623217941818 0.5597623217941818 -5.651509102360564 -5.292051932686591 -6.242817755082576 -0.5799221185102896 5.1570576456e-05 -0.8146719178926835 -0.7495221414683718 0.3918154922699033 0.533570219808079 0.3192285950714375 0.9200438127382212 -0.2271838170534148 
ELL 0.9066289253361464 0.5267151509822906 0.5267151509822906 5.4542933787937535 2.5865164933168185 5.135542450741661 -0.9982704094338004 0.0001044258899238 0.058789274057482 -0.0584725705848147 0.1019101655123609 -0.9930736511732484 -0.0060949272493227 -0.9947936003315144 -0.1017277966012865 
ELL 0.8525230040278023 0.5464337958707995 0.5464337958707995 7.310731938507971 4.685829708374165 -5.00819512184955 -0.9371780732562552 -0.0001863738444416 0.3488512924906473 0.2275529385320998 -0.758294263455111 0.6109087249143041 0.2644180764868949 0.6519123984676319 0.7106991667020911 
ELL 1.051942475459044 0.5886913306102496 0.5886913306102496 4.045518852859629 -1.84117712021094 1.1728141547212187 -0.6196247104390744 -5.21723791817e-05 -0.7848982198294105 0.3511599515120216 -0.8943546281000379 -0.2771578749559466 -0.7019628955061514 -0.447358688832626 0.5541825483164344 
ELL 0.7685164463348084 0.5876714462170847 0.5876714462170847 -6.9422520720640986 0.1979319505655629 -1.2562265113769895 -0.9866652123407867 -6.16032803982e-05 -0.1627628795564954 0.1336252353784554 -0.5712621086160922 -0.8098172014285194 -0.0929303783837366 -0.8207676890963576 0.5636526814528035 
ELL 1.193355539325696 0.5425094194852581 0.5425094194852581 2.0524055014699933 -4.974521970534412 -2.943363489859367 -0.6339995293825941 -8.45765913954e-05 -0.7733334271770526 0.5281516072006073 0.7304134851058393 -0.4330727659261752 0.564889791511606 -0.683005222251096 -0.4630371365491483 
ELL 1.1697162152038163 0.507923280380139 0.507923280380139 0.1881487787581807 5.027089286969462 -3.3462506273683164 -0.9989050053262156 -3.0210506375e-05 -0.0467844997999503 0.0467730001152823 -0.0228250087548619 -0.9986447343452755 -0.0010376870544194 -0.999739475094725 0.0228014285278969 
ELL 1.133727683341192 0.5352429918147273 0.5352429918147273 6.642337136962356 2.443103995466396 8.6521612227059 0.6291813915407068 6.43698306798e-05 0.7772584977955683 -0.3105489644336951 -0.9166931999611088 0.251461563333647 0.7125237660794094 -0.3995917579249583 -0.5767463131831921 
ELL 0.9328159865155649 0.5477394761608689 0.5477394761608689 1.0970338869856215 -8.332835181293662 9.083936592241757 0.7767700500390399 -9.45013102355e-05 0.6297843126276556 -0.4353292811184624 0.7225489822603348 0.5370394633874737 -0.4551007650655559 -0.6913197229243327 0.5612132699184799 
ELL 1.0337136275266916 0.4664037111360187 0.4664037111360187 -0.390738521119836 2.737414377457428 -1.6653359308171156 -0.8317904586872022 -0.0002876777525892 0.5550896775103161 -0.0393453130388998 -0.9974540899478814 -0.0594750770340646 0.5536935787769544 -0.0713109787329638 0.8296614762258679 
ELL 0.795112223524825 0.5062984257439104 0.5062984257439104 0.4623578279014677 -2.0403933343292247 8.869533262389227 0.0699167208591129 0.0002837133069622 0.9975527914105816 0.9975375394797814 0.0055172033780253 -0.0699172210221532 -0.0055235380764853 0.9999847398703245 0.0001027300943208 
ELL 0.9284012329966176 0.4955877786006598 0.4955877786006598 -6.710017595197919 -7.645296798630248 -3.189896423738139 -0.7478296206567179 0.0002319332482218 0.6638906571684426 -0.6265630340158521 0.3303436605543096 -0.705897889454587 -0.2194757910872067 -0.9438606953033956 -0.2468954535589571 
