0.0365301 118489
0.0990611 17377
0.161592 5383.63
0.224123 3151.61
0.286654 1578.54
0.349185 1494.54
0.411716 680.139
0.474247 750.196
0.536778 398.475
0.599309 306.376
0.66184 357.727
0.724371 301.719
0.786902 194.628
0.849433 168.475
0.911964 161.643
0.974495 46.588
1.03703 54.9518
1.09956 7.06789
1.16209 64.458
1.22462 32.9392
1.28715 17.2409
1.34968 1.67051
1.41221 0.526032
1.47474 0.531385
1.53727 13.7414
1.59981 4.04461
1.66234 13.8519
1.72487 35.8865
1.7874 18.8439
1.84993 8.91816
1.91246 21.6766
1.97499 15.7915
2.03752 9.08078
2.10005 1.22377
2.16258 6.54946
2.22512 1.68866
2.28765 1.85324
2.35018 13.582
2.41271 12.0483
2.47524 17.3288
2.53777 4.81391
2.6003 0.685937
2.66283 5.92224
2.72536 0.275767
2.78789 0.306177
2.85043 0.895789
2.91296 2.96094
2.97549 0.257908
3.03802 1.06805
3.10055 1.90215
3.16308 0.240766
3.22561 0.0837099
3.28814 1.67661
3.35067 1.07645
3.4132 0.657107
3.47574 2.21606
3.53827 0.815802
3.6008 0.0711314
3.66333 0.0403431
3.72586 3.26392
3.78839 2.36122
3.85092 1.40727
3.91345 2.59099
