0 432000
0.0365301 44.103
0.0730602 51.2146
0.10959 18.651
0.14612 27.8144
0.182651 18.3562
0.219181 3.11781
0.255711 0.380739
0.292241 50.6591
0.328771 18.3127
0.365301 57.9888
0.401831 1.58938
0.438361 1.20585
0.474891 0.578809
0.511421 2.13095
0.547952 2.23136
0.584482 0.485311
0.621012 0.958792
0.657542 25.5158
0.694072 15.6298
0.730602 16.1523
0.767132 1.61147
0.803662 0.805855
0.840192 0.223944
0.876722 0.848982
0.913253 3.36967
0.949783 2.89977
0.986313 1.51222
1.02284 0.804562
1.05937 0.274664
1.0959 2.81729
1.13243 3.73346
1.16896 0.418428
1.20549 0.269367
1.24202 3.80655
1.27855 1.56486
1.31508 5.23471
1.35161 0.0425447
1.38814 4.95059
1.42467 0.244791
1.4612 1.65898
1.49773 3.01916
1.53426 0.753881
1.57079 0.302863
1.60732 0.00711981
1.64385 0.0207526
1.68038 0.26952
1.71691 0.934656
1.75344 0.897558
1.78997 0.528149
1.82651 0.15362
1.86304 0.716616
1.89957 0.952259
1.9361 0.612169
1.97263 2.70095
2.00916 1.59815
2.04569 0.113984
2.08222 6.99705
2.11875 0.847927
2.15528 1.10825
2.19181 0.844764
2.22834 1.73263
2.26487 1.20751
2.3014 0.311639
2.33793 4.2542
2.37446 0.954012
2.41099 0.107719
2.44752 1.72305
2.48405 3.68373
2.52058 0.519964
2.55711 0.683756
2.59364 1.37742
2.63017 0.00932182
2.6667 0.875307
2.70323 0.0220035
2.73976 3.16445
2.77629 0.632315
2.81282 0.322308
2.84935 0.176532
2.88588 0.712275
2.92241 0.239134
2.95894 0.38126
2.99547 1.2888
3.032 0.863868
3.06853 0.829926
3.10506 0.830763
3.14159 2.39384
3.17812 0.144612
3.21465 0.162081
3.25118 0.320593
3.28771 0.40581
3.32424 0.293086
3.36077 0.638211
3.3973 2.14564
3.43383 0.175191
3.47036 2.5177
3.50689 1.22063
3.54342 5.02333
3.57995 1.22395
3.61648 0.586919
3.65301 0.128501
3.68954 2.34059
3.72607 0.150858
3.7626 0.783435
3.79913 1.80726
3.83566 0.894239
3.87219 1.78327
3.90872 2.62141
3.94525 0.670418
