49.884090 -20.247334 77.538999 0.953784 0.282431 0.102611 -0.300494 0.896452 0.325694 0.000000 -0.341475 0.939891 B 2.000000 4.000000 18.000000 C[purple]
50.044025 -26.681538 -77.014691 0.932277 0.340001 0.123527 -0.361745 0.876238 0.318350 0.000000 -0.341475 0.939891 B 2.000000 4.000000 18.000000 C[purple]
49.931057 29.903883 -59.831439 0.965043 0.246338 0.089498 -0.262092 0.907035 0.329538 0.000000 -0.341475 0.939891 B 2.000000 4.000000 18.000000 C[purple]
49.912631 23.608742 -42.799252 0.991562 0.121842 0.044267 -0.129634 0.931960 0.338594 -0.000000 -0.341475 0.939891 B 2.000000 4.000000 18.000000 C[purple]
49.949638 17.234258 -25.806712 0.962182 0.256035 0.093021 -0.272409 0.904345 0.328561 0.000000 -0.341475 0.939891 B 2.000000 4.000000 18.000000 C[purple]
49.934187 10.878643 -8.441076 0.999085 0.040197 0.014604 -0.042767 0.939031 0.341163 -0.000000 -0.341475 0.939891 B 2.000000 4.000000 18.000000 C[purple]
50.080317 4.801002 8.504154 0.999211 0.037328 0.013562 -0.039715 0.939149 0.341206 0.000000 -0.341475 0.939891 B 2.000000 4.000000 18.000000 C[purple]
50.080598 -1.181519 25.805299 0.994493 0.098501 0.035787 -0.104801 0.934715 0.339595 0.000000 -0.341475 0.939891 B 2.000000 4.000000 18.000000 C[purple]
50.213880 -7.777453 43.142107 0.954053 0.281628 0.102319 -0.299639 0.896705 0.325785 0.000000 -0.341475 0.939891 B 2.000000 4.000000 18.000000 C[purple]
50.116637 -14.382970 60.322417 0.958942 0.266555 0.096843 -0.283602 0.901301 0.327455 0.000000 -0.341475 0.939891 B 2.000000 4.000000 18.000000 C[purple]
19.102935 14.359463 76.930560 0.989476 0.135998 0.049410 -0.144696 0.929999 0.337882 0.000000 -0.341475 0.939891 B 2.000000 4.000000 18.000000 C[purple]
19.007146 8.267789 -77.430037 0.967649 0.237134 0.086154 -0.252299 0.909485 0.330428 0.000000 -0.341475 0.939891 B 2.000000 4.000000 18.000000 C[purple]
19.307860 2.293506 -60.198438 0.977993 0.196097 0.071245 -0.208638 0.919207 0.333961 -0.000000 -0.341475 0.939891 B 2.000000 4.000000 18.000000 C[purple]
19.280401 -4.208527 -43.206778 0.984318 0.165798 0.060237 -0.176401 0.925152 0.336121 0.000000 -0.341475 0.939891 B 2.000000 4.000000 18.000000 C[purple]
19.641218 -10.546300 -25.954148 0.997662 0.064239 0.023339 -0.068347 0.937693 0.340677 -0.000000 -0.341475 0.939891 B 2.000000 4.000000 18.000000 C[purple]
19.547817 -16.811896 -9.012205 0.997698 -0.063743 -0.023159 0.067819 0.937727 0.340689 0.000000 -0.341475 0.939891 B 2.000000 4.000000 18.000000 C[purple]
19.604508 -22.985768 8.516556 0.999477 -0.030386 -0.011040 0.032330 0.939399 0.341297 0.000000 -0.341475 0.939891 B 2.000000 4.000000 18.000000 C[purple]
19.571300 -29.431280 25.732119 0.992908 -0.111740 -0.040597 0.118886 0.933225 0.339054 0.000000 -0.341475 0.939891 B 2.000000 4.000000 18.000000 C[purple]
19.654379 26.873064 42.772405 0.979398 0.189801 0.068957 -0.201940 0.920527 0.334440 0.000000 -0.341475 0.939891 B 2.000000 4.000000 18.000000 C[purple]
19.510055 20.589184 59.791509 0.986980 0.151176 0.054924 -0.160844 0.927653 0.337029 0.000000 -0.341475 0.939891 B 2.000000 4.000000 18.000000 C[purple]
48.745168 -9.666429 77.134762 0.998740 0.047170 0.017138 -0.050187 0.938706 0.341045 -0.000000 -0.341475 0.939891 B 2.000000 4.000000 18.000000 C[purple]
48.869594 -15.965594 -77.904575 0.977032 -0.200285 -0.072766 0.213094 0.918303 0.333632 -0.000000 -0.341475 0.939891 B 2.000000 4.000000 18.000000 C[purple]
49.043336 -22.053378 -60.637509 0.844611 -0.503200 -0.182819 0.535381 0.793842 0.288414 0.000000 -0.341475 0.939891 B 2.000000 4.000000 18.000000 C[purple]
48.924224 -28.546871 -43.344087 0.981361 -0.180621 -0.065622 0.192172 0.922372 0.335111 -0.000000 -0.341475 0.939891 B 2.000000 4.000000 18.000000 C[purple]
48.927155 27.889889 -26.036802 0.988447 -0.142457 -0.051757 0.151567 0.929032 0.337530 0.000000 -0.341475 0.939891 B 2.000000 4.000000 18.000000 C[purple]
48.998522 21.237723 -8.700820 0.993124 -0.110030 -0.039975 0.117067 0.933428 0.339127 0.000000 -0.341475 0.939891 B 2.000000 4.000000 18.000000 C[purple]
48.885719 14.998116 8.392026 0.996673 -0.076600 -0.027830 0.081499 0.936764 0.340339 0.000000 -0.341475 0.939891 B 2.000000 4.000000 18.000000 C[purple]
48.808004 8.991380 25.663533 0.968801 0.232944 0.084632 -0.247841 0.910567 0.330822 -0.000000 -0.341475 0.939891 B 2.000000 4.000000 18.000000 C[purple]
48.498778 2.783974 42.817263 0.993263 0.108914 0.039570 -0.115880 0.933559 0.339175 -0.000000 -0.341475 0.939891 B 2.000000 4.000000 18.000000 C[purple]
48.595577 -3.581222 59.775979 0.989415 -0.136391 -0.049553 0.145114 0.929942 0.337861 -0.000000 -0.341475 0.939891 B 2.000000 4.000000 18.000000 C[purple]
-30.903421 3.097587 77.747890 0.934436 0.334725 0.121610 -0.356132 0.878268 0.319087 -0.000000 -0.341475 0.939891 B 2.000000 4.000000 18.000000 C[purple]
-30.619628 -3.191296 -77.360003 0.959302 0.265407 0.096426 -0.282380 0.901640 0.327578 -0.000000 -0.341475 0.939891 B 2.000000 4.000000 18.000000 C[purple]
-30.444177 -9.355824 -60.379756 0.947406 0.300797 0.109284 -0.320034 0.890458 0.323516 0.000000 -0.341475 0.939891 B 2.000000 4.000000 18.000000 C[purple]
-30.352687 -15.762781 -42.904948 0.898270 0.413029 0.150059 -0.439444 0.844276 0.306737 0.000000 -0.341475 0.939891 B 2.000000 4.000000 18.000000 C[purple]
-30.521478 -22.236423 -25.832129 0.805122 0.557458 0.202532 -0.593109 0.756727 0.274929 0.000000 -0.341475 0.939891 B 2.000000 4.000000 18.000000 C[purple]
-30.508386 -28.565907 -8.522084 0.919065 0.370416 0.134577 -0.394105 0.863821 0.313838 0.000000 -0.341475 0.939891 B 2.000000 4.000000 18.000000 C[purple]
-30.747954 27.762471 8.741786 0.976119 0.204179 0.074181 -0.217237 0.917445 0.333321 0.000000 -0.341475 0.939891 B 2.000000 4.000000 18.000000 C[purple]
-30.915118 21.882047 26.173714 0.961873 0.257057 0.093392 -0.273496 0.904056 0.328456 0.000000 -0.341475 0.939891 B 2.000000 4.000000 18.000000 C[purple]
-30.811909 16.028797 43.244486 0.962636 0.254521 0.092471 -0.270798 0.904773 0.328717 -0.000000 -0.341475 0.939891 B 2.000000 4.000000 18.000000 C[purple]
-31.085746 9.444979 60.277637 0.965778 0.243780 0.088569 -0.259370 0.907726 0.329789 -0.000000 -0.341475 0.939891 B 2.000000 4.000000 18.000000 C[purple]
-21.026718 10.897082 -77.656315 -0.861589 0.477095 0.173335 -0.507607 -0.809799 -0.294211 -0.000000 -0.341475 0.939891 B 2.000000 4.000000 18.000000 C[purple]
-20.765563 4.980984 -60.503565 -0.824414 0.531966 0.193271 -0.565987 -0.774859 -0.281517 0.000000 -0.341475 0.939891 B 2.000000 4.000000 18.000000 C[purple]
-20.980939 -1.492708 -43.203661 -0.871625 0.460709 0.167382 -0.490173 -0.819232 -0.297639 0.000000 -0.341475 0.939891 B 2.000000 4.000000 18.000000 C[purple]
-21.179748 -7.455142 -25.870702 -0.850048 0.495046 0.179857 -0.526706 -0.798952 -0.290270 0.000000 -0.341475 0.939891 B 2.000000 4.000000 18.000000 C[purple]
-21.470082 -13.795439 -8.864761 -0.840663 0.509006 0.184929 -0.541559 -0.790131 -0.287066 0.000000 -0.341475 0.939891 B 2.000000 4.000000 18.000000 C[purple]
-21.359644 -19.765912 8.117826 -0.915809 0.377473 0.137141 -0.401614 -0.860761 -0.312726 0.000000 -0.341475 0.939891 B 2.000000 4.000000 18.000000 C[purple]
-21.142495 -26.342698 25.442971 -0.939287 0.322508 0.117172 -0.343134 -0.882827 -0.320743 0.000000 -0.341475 0.939891 B 2.000000 4.000000 18.000000 C[purple]
-20.914469 30.272178 42.738694 -0.929082 0.347640 0.126303 -0.369873 -0.873236 -0.317259 -0.000000 -0.341475 0.939891 B 2.000000 4.000000 18.000000 C[purple]
-21.059951 23.796324 59.925595 -0.860003 0.479616 0.174251 -0.510289 -0.808309 -0.293670 -0.000000 -0.341475 0.939891 B 2.000000 4.000000 18.000000 C[purple]
-21.231515 17.232786 77.329701 -0.778745 0.589632 0.214221 -0.627341 -0.731935 -0.265922 0.000000 -0.341475 0.939891 B 2.000000 4.000000 18.000000 C[purple]
16.868333 -19.930466 -76.905031 0.736662 0.635612 0.230927 -0.676262 0.692381 0.251552 -0.000000 -0.341475 0.939891 B 2.000000 4.000000 18.000000 C[purple]
16.797653 -25.891273 -59.850152 0.667569 0.699794 0.254245 -0.744548 0.627442 0.227958 0.000000 -0.341475 0.939891 B 2.000000 4.000000 18.000000 C[purple]
16.603016 30.391562 -42.403131 0.690292 0.680040 0.247068 -0.723531 0.648799 0.235718 -0.000000 -0.341475 0.939891 B 2.000000 4.000000 18.000000 C[purple]
16.815271 23.833687 -25.326017 0.648739 0.715268 0.259867 -0.761011 0.609743 0.221528 -0.000000 -0.341475 0.939891 B 2.000000 4.000000 18.000000 C[purple]
16.892783 17.148301 -8.071772 0.699267 0.671891 0.244107 -0.714860 0.657235 0.238783 0.000000 -0.341475 0.939891 B 2.000000 4.000000 18.000000 C[purple]
17.049320 11.054497 8.936282 0.773198 0.596046 0.216552 -0.634165 0.726721 0.264028 0.000000 -0.341475 0.939891 B 2.000000 4.000000 18.000000 C[purple]
17.082612 4.751318 26.070556 0.816249 0.542975 0.197270 -0.577700 0.767185 0.278729 0.000000 -0.341475 0.939891 B 2.000000 4.000000 18.000000 C[purple]
17.040224 -1.563494 43.686029 0.816222 0.543011 0.197283 -0.577738 0.767160 0.278720 0.000000 -0.341475 0.939891 B 2.000000 4.000000 18.000000 C[purple]
16.974145 -7.834084 60.804916 0.900956 0.407829 0.148170 -0.433911 0.846800 0.307654 -0.000000 -0.341475 0.939891 B 2.000000 4.000000 18.000000 C[purple]
17.062014 -13.727758 77.930723 0.851563 0.492740 0.179019 -0.524252 0.800376 0.290788 0.000000 -0.341475 0.939891 B 2.000000 4.000000 18.000000 C[purple]
8.998516 2.385853 -77.353860 0.989026 0.138864 0.050451 -0.147745 0.929576 0.337728 0.000000 -0.341475 0.939891 B 2.000000 4.000000 18.000000 C[purple]
8.725529 -4.037648 -60.265850 0.999891 -0.013891 -0.005047 0.014779 0.939788 0.341438 0.000000 -0.341475 0.939891 B 2.000000 4.000000 18.000000 C[purple]
8.933888 -10.484652 -43.428708 0.998480 0.051801 0.018820 -0.055114 0.938462 0.340956 0.000000 -0.341475 0.939891 B 2.000000 4.000000 18.000000 C[purple]
9.222477 -16.490605 -26.006169 0.999980 -0.005986 -0.002175 0.006369 0.939872 0.341468 0.000000 -0.341475 0.939891 B 2.000000 4.000000 18.000000 C[purple]
9.461659 -22.994157 -8.768984 0.997151 -0.070894 -0.025757 0.075428 0.937213 0.340503 0.000000 -0.341475 0.939891 B 2.000000 4.000000 18.000000 C[purple]
9.294566 -28.800666 8.473717 0.992268 -0.116654 -0.042382 0.124114 0.932623 0.338835 0.000000 -0.341475 0.939891 B 2.000000 4.000000 18.000000 C[purple]
9.316995 27.341443 25.692727 0.946548 -0.303174 -0.110147 0.322563 0.889652 0.323223 0.000000 -0.341475 0.939891 B 2.000000 4.000000 18.000000 C[purple]
9.311835 21.009305 42.902533 0.991030 0.125605 0.045634 -0.133638 0.931460 0.338412 0.000000 -0.341475 0.939891 B 2.000000 4.000000 18.000000 C[purple]
9.465925 14.628540 60.137842 0.982661 0.174265 0.063313 -0.185410 0.923594 0.335555 0.000000 -0.341475 0.939891 B 2.000000 4.000000 18.000000 C[purple]
9.386332 8.745672 77.400872 0.975413 0.207139 0.075256 -0.220386 0.916781 0.333079 -0.000000 -0.341475 0.939891 B 2.000000 4.000000 18.000000 C[purple]
-10.201893 -11.305437 -77.671986 0.588293 -0.760041 -0.276133 0.808648 0.552931 0.200888 -0.000000 -0.341475 0.939891 B 2.000000 4.000000 18.000000 C[purple]
-10.286961 -17.272934 -60.584730 0.519172 -0.803296 -0.291849 0.854670 0.487965 0.177284 0.000000 -0.341475 0.939891 B 2.000000 4.000000 18.000000 C[purple]
-9.961438 -23.574188 -43.193285 0.406891 -0.858568 -0.311930 0.913477 0.382433 0.138943 0.000000 -0.341475 0.939891 B 2.000000 4.000000 18.000000 C[purple]
-10.339794 -29.713487 -26.164135 0.459457 -0.834811 -0.303299 0.888200 0.431839 0.156893 -0.000000 -0.341475 0.939891 B 2.000000 4.000000 18.000000 C[purple]
-10.486163 26.462992 -8.982463 0.758344 -0.612672 -0.222592 0.651854 0.712761 0.258956 0.000000 -0.341475 0.939891 B 2.000000 4.000000 18.000000 C[purple]
-10.242154 20.247527 7.997098 0.758844 -0.612125 -0.222394 0.651273 0.713230 0.259127 0.000000 -0.341475 0.939891 B 2.000000 4.000000 18.000000 C[purple]
-10.135487 14.003761 25.554547 0.840612 -0.509081 -0.184956 0.541638 0.790083 0.287048 0.000000 -0.341475 0.939891 B 2.000000 4.000000 18.000000 C[purple]
-10.218297 7.596745 42.497946 0.823875 -0.532704 -0.193539 0.566772 0.774352 0.281333 0.000000 -0.341475 0.939891 B 2.000000 4.000000 18.000000 C[purple]
-10.408963 1.325352 59.663940 0.874875 -0.455236 -0.165393 0.484349 0.822287 0.298748 0.000000 -0.341475 0.939891 B 2.000000 4.000000 18.000000 C[purple]
-10.231870 -5.142555 77.007906 0.836874 -0.514492 -0.186922 0.547395 0.786570 0.285772 -0.000000 -0.341475 0.939891 B 2.000000 4.000000 18.000000 C[purple]
-41.132675 25.543791 -77.381083 0.742143 -0.629954 -0.228871 0.670242 0.697533 0.253423 0.000000 -0.341475 0.939891 B 2.000000 4.000000 18.000000 C[purple]
-41.248729 19.070861 -59.980383 0.608858 -0.745596 -0.270885 0.793279 0.572260 0.207910 0.000000 -0.341475 0.939891 B 2.000000 4.000000 18.000000 C[purple]
-41.446808 12.792827 -42.948557 0.470997 -0.829110 -0.301227 0.882135 0.442686 0.160834 0.000000 -0.341475 0.939891 B 2.000000 4.000000 18.000000 C[purple]
-41.503367 6.691126 -25.412317 0.380912 -0.869034 -0.315732 0.924611 0.358015 0.130072 -0.000000 -0.341475 0.939891 B 2.000000 4.000000 18.000000 C[purple]
-41.260320 0.317160 -8.574627 0.397317 -0.862520 -0.313366 0.917682 0.373434 0.135674 0.000000 -0.341475 0.939891 B 2.000000 4.000000 18.000000 C[purple]
-41.437652 -6.058703 8.345078 0.476146 -0.826508 -0.300282 0.879366 0.447526 0.162592 0.000000 -0.341475 0.939891 B 2.000000 4.000000 18.000000 C[purple]
-41.552918 -12.359836 25.768112 0.450789 -0.838975 -0.304811 0.892631 0.423692 0.153933 0.000000 -0.341475 0.939891 B 2.000000 4.000000 18.000000 C[purple]
-41.540058 -18.325839 42.866087 0.294810 -0.898118 -0.326299 0.955556 0.277089 0.100670 0.000000 -0.341475 0.939891 B 2.000000 4.000000 18.000000 C[purple]
-41.694684 -24.744199 60.082223 0.382009 -0.868608 -0.315577 0.924159 0.359046 0.130447 -0.000000 -0.341475 0.939891 B 2.000000 4.000000 18.000000 C[purple]
-41.359226 -30.821452 77.360351 0.432570 -0.847406 -0.307874 0.901600 0.406569 0.147712 -0.000000 -0.341475 0.939891 B 2.000000 4.000000 18.000000 C[purple]
-46.429691 -20.705848 77.639425 0.752816 -0.618666 -0.224770 0.658231 0.707564 0.257068 0.000000 -0.341475 0.939891 B 2.000000 4.000000 18.000000 C[purple]
-46.187905 -26.746160 -77.033242 0.852858 -0.490757 -0.178299 0.522142 0.801594 0.291230 0.000000 -0.341475 0.939891 B 2.000000 4.000000 18.000000 C[purple]
-46.240219 29.310023 -59.962317 0.973155 -0.216315 -0.078590 0.230149 0.914660 0.332309 0.000000 -0.341475 0.939891 B 2.000000 4.000000 18.000000 C[purple]
-46.284147 23.224081 -42.917047 0.946157 -0.304250 -0.110538 0.323708 0.889284 0.323089 0.000000 -0.341475 0.939891 B 2.000000 4.000000 18.000000 C[purple]
-46.290685 17.109257 -25.918548 0.996254 -0.081276 -0.029529 0.086474 0.936370 0.340196 0.000000 -0.341475 0.939891 B 2.000000 4.000000 18.000000 C[purple]
-46.190546 11.218106 -8.439331 0.993223 -0.109239 -0.039688 0.116225 0.933521 0.339161 0.000000 -0.341475 0.939891 B 2.000000 4.000000 18.000000 C[purple]
-46.197265 4.929341 8.796553 0.994956 -0.094280 -0.034253 0.100310 0.935150 0.339753 0.000000 -0.341475 0.939891 B 2.000000 4.000000 18.000000 C[purple]
-46.148814 -1.349771 25.803162 0.881214 -0.444304 -0.161422 0.472718 0.828244 0.300913 -0.000000 -0.341475 0.939891 B 2.000000 4.000000 18.000000 C[purple]
-46.084117 -7.666675 43.404103 0.797729 -0.566769 -0.205915 0.603016 0.749778 0.272405 0.000000 -0.341475 0.939891 B 2.000000 4.000000 18.000000 C[purple]
-46.487237 -14.151749 60.647122 0.828269 -0.526649 -0.191339 0.560330 0.778482 0.282834 0.000000 -0.341475 0.939891 B 2.000000 4.000000 18.000000 C[purple]
-49.456493 21.398063 77.842156 0.434249 -0.846647 -0.307599 0.900793 0.408147 0.148285 -0.000000 -0.341475 0.939891 B 2.000000 4.000000 18.000000 C[purple]
-49.680796 15.023468 -76.885559 0.264188 -0.906497 -0.329343 0.964471 0.248308 0.090214 -0.000000 -0.341475 0.939891 B 2.000000 4.000000 18.000000 C[purple]
-49.704203 8.702998 -59.935275 0.294382 -0.898242 -0.326344 0.955688 0.276687 0.100524 0.000000 -0.341475 0.939891 B 2.000000 4.000000 18.000000 C[purple]
-49.745783 2.329538 -42.523995 0.584744 -0.762456 -0.277011 0.811218 0.549595 0.199676 -0.000000 -0.341475 0.939891 B 2.000000 4.000000 18.000000 C[purple]
-49.445291 -3.865089 -25.393019 0.451094 -0.838830 -0.304759 0.892476 0.423980 0.154038 -0.000000 -0.341475 0.939891 B 2.000000 4.000000 18.000000 C[purple]
-49.474123 -9.963250 -7.848231 0.407728 -0.858217 -0.311802 0.913103 0.383220 0.139229 0.000000 -0.341475 0.939891 B 2.000000 4.000000 18.000000 C[purple]
-49.085005 -16.204736 9.285068 0.524416 -0.800281 -0.290753 0.851462 0.492894 0.179075 0.000000 -0.341475 0.939891 B 2.000000 4.000000 18.000000 C[purple]
-49.334427 -22.494212 26.364415 0.724640 -0.647705 -0.235320 0.689128 0.681082 0.247447 -0.000000 -0.341475 0.939891 B 2.000000 4.000000 18.000000 C[purple]
-49.464358 -28.666387 43.553909 0.834730 -0.517560 -0.188037 0.550660 0.784555 0.285040 0.000000 -0.341475 0.939891 B 2.000000 4.000000 18.000000 C[purple]
-49.506676 27.670832 60.855169 0.680417 -0.688775 -0.250242 0.732825 0.639518 0.232346 0.000000 -0.341475 0.939891 B 2.000000 4.000000 18.000000 C[purple]
-28.225152 7.738433 -77.343715 0.915354 -0.378447 -0.137495 0.402650 0.860333 0.312571 0.000000 -0.341475 0.939891 B 2.000000 4.000000 18.000000 C[purple]
-28.264757 1.675865 -60.359823 0.900868 -0.408001 -0.148232 0.434094 0.846717 0.307624 0.000000 -0.341475 0.939891 B 2.000000 4.000000 18.000000 C[purple]
-28.387381 -4.662365 -43.301539 0.852402 -0.491457 -0.178553 0.522887 0.801165 0.291074 -0.000000 -0.341475 0.939891 B 2.000000 4.000000 18.000000 C[purple]
-28.606791 -11.023879 -26.154964 0.860614 -0.478647 -0.173899 0.509259 0.808883 0.293878 -0.000000 -0.341475 0.939891 B 2.000000 4.000000 18.000000 C[purple]
-28.773344 -17.152131 -8.963945 0.719399 -0.652845 -0.237188 0.694597 0.676157 0.245657 -0.000000 -0.341475 0.939891 B 2.000000 4.000000 18.000000 C[purple]
-28.871566 -23.498836 8.048702 0.841389 -0.507944 -0.184543 0.540429 0.790814 0.287314 -0.000000 -0.341475 0.939891 B 2.000000 4.000000 18.000000 C[purple]
-29.043462 -30.063098 25.443499 0.797245 -0.567371 -0.206134 0.603656 0.749323 0.272239 0.000000 -0.341475 0.939891 B 2.000000 4.000000 18.000000 C[purple]
-28.647462 26.403840 42.635798 0.812853 -0.547457 -0.198899 0.582469 0.763993 0.277569 -0.000000 -0.341475 0.939891 B 2.000000 4.000000 18.000000 C[purple]
-28.469856 20.329061 59.835646 0.813374 -0.546773 -0.198650 0.581741 0.764483 0.277747 0.000000 -0.341475 0.939891 B 2.000000 4.000000 18.000000 C[purple]
-28.598216 14.038230 77.237221 0.927926 -0.350358 -0.127290 0.372765 0.872149 0.316864 0.000000 -0.341475 0.939891 B 2.000000 4.000000 18.000000 C[purple]
29.866834 5.007191 76.980197 -0.088643 0.936191 0.340131 -0.996063 -0.083315 -0.030269 0.000000 -0.341475 0.939891 B 2.000000 4.000000 18.000000 C[purple]
29.490550 -1.120784 -77.948677 0.128645 0.932081 0.338638 -0.991691 0.120913 0.043929 -0.000000 -0.341475 0.939891 B 2.000000 4.000000 18.000000 C[purple]
29.584952 -7.120513 -60.500529 0.008531 0.939857 0.341463 -0.999964 0.008018 0.002913 0.000000 -0.341475 0.939891 B 2.000000 4.000000 18.000000 C[purple]
29.642649 -13.320648 -43.535344 -0.244880 0.911274 0.331079 -0.969553 -0.230160 -0.083620 -0.000000 -0.341475 0.939891 B 2.000000 4.000000 18.000000 C[purple]
29.662477 -19.492404 -26.245098 -0.204668 0.919995 0.334247 -0.978831 -0.192366 -0.069889 -0.000000 -0.341475 0.939891 B 2.000000 4.000000 18.000000 C[purple]
29.587938 -25.618184 -8.933149 -0.263982 0.906551 0.329362 -0.964528 -0.248114 -0.090143 -0.000000 -0.341475 0.939891 B 2.000000 4.000000 18.000000 C[purple]
29.611052 30.694750 7.978942 -0.268202 0.905456 0.328965 -0.963363 -0.252081 -0.091584 -0.000000 -0.341475 0.939891 B 2.000000 4.000000 18.000000 C[purple]
29.780342 24.168060 25.449708 -0.281095 0.901994 0.327707 -0.959680 -0.264199 -0.095987 0.000000 -0.341475 0.939891 B 2.000000 4.000000 18.000000 C[purple]
29.781194 17.844358 42.838078 -0.017839 0.939741 0.341421 -0.999841 -0.016767 -0.006092 0.000000 -0.341475 0.939891 B 2.000000 4.000000 18.000000 C[purple]
29.615156 11.140472 60.001298 -0.006071 0.939873 0.341469 -0.999982 -0.005706 -0.002073 -0.000000 -0.341475 0.939891 B 2.000000 4.000000 18.000000 C[purple]
-12.256728 30.000621 -76.792080 0.984089 0.166999 0.060673 -0.177679 0.924936 0.336042 -0.000000 -0.341475 0.939891 B 2.000000 4.000000 18.000000 C[purple]
-12.216279 23.603900 -59.692629 0.829158 0.525412 0.190890 -0.559014 0.779318 0.283137 -0.000000 -0.341475 0.939891 B 2.000000 4.000000 18.000000 C[purple]
-12.046679 17.500217 -42.520119 0.943537 0.311354 0.113119 -0.331266 0.886822 0.322195 -0.000000 -0.341475 0.939891 B 2.000000 4.000000 18.000000 C[purple]
-12.362602 11.470876 -25.272381 0.941599 0.316495 0.114987 -0.336736 0.885000 0.321533 0.000000 -0.341475 0.939891 B 2.000000 4.000000 18.000000 C[purple]
-12.439737 5.193377 -7.807847 0.966379 0.241668 0.087801 -0.257123 0.908290 0.329995 0.000000 -0.341475 0.939891 B 2.000000 4.000000 18.000000 C[purple]
-12.613571 -0.964333 9.560066 0.987625 0.147404 0.053554 -0.156831 0.928260 0.337250 0.000000 -0.341475 0.939891 B 2.000000 4.000000 18.000000 C[purple]
-12.594909 -7.252467 26.475291 0.950182 0.292960 0.106437 -0.311696 0.893067 0.324464 0.000000 -0.341475 0.939891 B 2.000000 4.000000 18.000000 C[purple]
-12.141296 -13.611822 43.677779 0.944470 0.308846 0.112208 -0.328598 0.887698 0.322513 0.000000 -0.341475 0.939891 B 2.000000 4.000000 18.000000 C[purple]
-12.307592 -20.076264 61.096462 0.890825 0.427036 0.155148 -0.454347 0.837278 0.304195 -0.000000 -0.341475 0.939891 B 2.000000 4.000000 18.000000 C[purple]
-12.460544 -26.357385 78.110870 0.966362 0.241726 0.087822 -0.257185 0.908275 0.329989 0.000000 -0.341475 0.939891 B 2.000000 4.000000 18.000000 C[purple]
-15.063347 11.767816 77.191058 0.997162 0.070755 0.025706 -0.075280 0.937224 0.340506 0.000000 -0.341475 0.939891 B 2.000000 4.000000 18.000000 C[purple]
-15.180581 5.623736 -77.763581 0.998195 0.056451 0.020510 -0.060062 0.938194 0.340859 0.000000 -0.341475 0.939891 B 2.000000 4.000000 18.000000 C[purple]
-15.381578 -0.464382 -60.398671 0.999110 0.039641 0.014402 -0.042176 0.939054 0.341172 0.000000 -0.341475 0.939891 B 2.000000 4.000000 18.000000 C[purple]
-15.197778 -6.732596 -43.493964 0.995161 -0.092349 -0.033552 0.098255 0.935343 0.339823 0.000000 -0.341475 0.939891 B 2.000000 4.000000 18.000000 C[purple]
-15.183035 -13.015727 -25.996324 0.972447 -0.219111 -0.079606 0.233123 0.913994 0.332067 -0.000000 -0.341475 0.939891 B 2.000000 4.000000 18.000000 C[purple]
-15.368282 -19.407708 -9.142072 0.967061 -0.239243 -0.086920 0.254544 0.908932 0.330228 0.000000 -0.341475 0.939891 B 2.000000 4.000000 18.000000 C[purple]
-15.407370 -25.397017 8.366652 0.979439 -0.189613 -0.068889 0.201739 0.920566 0.334454 0.000000 -0.341475 0.939891 B 2.000000 4.000000 18.000000 C[purple]
-15.137392 30.568453 25.598883 0.971122 -0.224243 -0.081471 0.238584 0.912748 0.331614 -0.000000 -0.341475 0.939891 B 2.000000 4.000000 18.000000 C[purple]
-15.063738 24.187498 43.101092 0.912305 -0.384897 -0.139838 0.409512 0.857467 0.311530 -0.000000 -0.341475 0.939891 B 2.000000 4.000000 18.000000 C[purple]
-15.092018 18.019301 60.049455 0.983796 -0.168512 -0.061223 0.179289 0.924661 0.335942 0.000000 -0.341475 0.939891 B 2.000000 4.000000 18.000000 C[purple]
-24.797469 4.603548 77.434016 0.943129 0.312445 0.113515 -0.332427 0.886438 0.322055 0.000000 -0.341475 0.939891 B 2.000000 4.000000 18.000000 C[purple]
-24.780167 -1.708682 -77.093924 0.936866 0.328669 0.119410 -0.349689 0.880551 0.319917 0.000000 -0.341475 0.939891 B 2.000000 4.000000 18.000000 C[purple]
-24.866242 -7.889193 -59.563050 0.920299 0.367701 0.133591 -0.391217 0.864980 0.314259 -0.000000 -0.341475 0.939891 B 2.000000 4.000000 18.000000 C[purple]
-24.852890 -13.864382 -42.571681 0.827066 0.528317 0.191945 -0.562105 0.777352 0.282423 -0.000000 -0.341475 0.939891 B 2.000000 4.000000 18.000000 C[purple]
-24.863995 -20.511126 -25.512789 0.877230 0.451213 0.163932 -0.480070 0.824501 0.299553 0.000000 -0.341475 0.939891 B 2.000000 4.000000 18.000000 C[purple]
-24.835172 -26.542352 -8.413543 0.949955 0.293609 0.106672 -0.312386 0.892854 0.324386 -0.000000 -0.341475 0.939891 B 2.000000 4.000000 18.000000 C[purple]
-24.786821 29.893616 8.636581 0.957803 0.270149 0.098149 -0.287426 0.900230 0.327066 0.000000 -0.341475 0.939891 B 2.000000 4.000000 18.000000 C[purple]
-24.722635 23.541518 25.646286 0.950403 0.292327 0.106206 -0.311022 0.893275 0.324539 0.000000 -0.341475 0.939891 B 2.000000 4.000000 18.000000 C[purple]
-24.812108 17.213053 43.212240 0.952643 0.285812 0.103839 -0.304090 0.895380 0.325304 0.000000 -0.341475 0.939891 B 2.000000 4.000000 18.000000 C[purple]
-24.911586 10.881783 60.329882 0.972858 0.217492 0.079018 -0.231402 0.914380 0.332207 -0.000000 -0.341475 0.939891 B 2.000000 4.000000 18.000000 C[purple]
6.849241 4.001953 77.712378 0.490516 0.819051 0.297573 -0.871432 0.461032 0.167499 -0.000000 -0.341475 0.939891 B 2.000000 4.000000 18.000000 C[purple]
6.953483 -2.336902 -76.866271 0.698981 0.672154 0.244203 -0.715140 0.656966 0.238685 0.000000 -0.341475 0.939891 B 2.000000 4.000000 18.000000 C[purple]
6.988201 -8.491709 -59.923300 0.862327 0.475915 0.172906 -0.506351 0.810493 0.294464 0.000000 -0.341475 0.939891 B 2.000000 4.000000 18.000000 C[purple]
6.870024 -14.428498 -42.615973 0.978802 0.192497 0.069937 -0.204808 0.919967 0.334237 0.000000 -0.341475 0.939891 B 2.000000 4.000000 18.000000 C[purple]
7.020856 -20.550652 -25.610326 0.892081 0.424713 0.154304 -0.451875 0.838459 0.304624 0.000000 -0.341475 0.939891 B 2.000000 4.000000 18.000000 C[purple]
6.947970 -27.076608 -8.382262 0.922609 0.362549 0.131719 -0.385735 0.867152 0.315048 -0.000000 -0.341475 0.939891 B 2.000000 4.000000 18.000000 C[purple]
6.841942 29.308579 9.017737 0.737869 0.634373 0.230477 -0.674944 0.693516 0.251964 -0.000000 -0.341475 0.939891 B 2.000000 4.000000 18.000000 C[purple]
7.184299 22.898871 26.165650 0.763350 0.607155 0.220588 -0.645985 0.717466 0.260665 0.000000 -0.341475 0.939891 B 2.000000 4.000000 18.000000 C[purple]
7.153055 16.709351 43.340476 0.800222 0.563656 0.204784 -0.599704 0.752121 0.273256 0.000000 -0.341475 0.939891 B 2.000000 4.000000 18.000000 C[purple]
7.094470 10.311450 60.663126 0.663134 0.703509 0.255595 -0.748501 0.623274 0.226444 0.000000 -0.341475 0.939891 B 2.000000 4.000000 18.000000 C[purple]
-4.375202 -17.148866 -77.531598 0.950002 0.293474 0.106623 -0.312243 0.892898 0.324402 0.000000 -0.341475 0.939891 B 2.000000 4.000000 18.000000 C[purple]
-4.505146 -23.505382 -60.333084 0.999998 -0.001693 -0.000615 0.001801 0.939889 0.341475 -0.000000 -0.341475 0.939891 B 2.000000 4.000000 18.000000 C[purple]
-4.500108 -30.069733 -42.980606 0.982069 0.177192 0.064376 -0.188524 0.923037 0.335352 0.000000 -0.341475 0.939891 B 2.000000 4.000000 18.000000 C[purple]
-4.642763 26.474503 -25.959671 0.964423 0.248473 0.090274 -0.264364 0.906452 0.329327 0.000000 -0.341475 0.939891 B 2.000000 4.000000 18.000000 C[purple]
-4.892173 20.231321 -8.435217 0.986914 0.151553 0.055061 -0.161245 0.927592 0.337007 -0.000000 -0.341475 0.939891 B 2.000000 4.000000 18.000000 C[purple]
-4.974111 14.057393 9.189605 0.941854 0.315824 0.114743 -0.336022 0.885240 0.321620 0.000000 -0.341475 0.939891 B 2.000000 4.000000 18.000000 C[purple]
-4.916830 8.007617 26.223777 0.967515 0.237618 0.086330 -0.252814 0.909358 0.330383 0.000000 -0.341475 0.939891 B 2.000000 4.000000 18.000000 C[purple]
-4.808307 1.450179 43.157074 0.912034 0.385463 0.140044 -0.410115 0.857212 0.311437 -0.000000 -0.341475 0.939891 B 2.000000 4.000000 18.000000 C[purple]
-4.757215 -4.786347 60.217600 0.997975 0.059782 0.021720 -0.063606 0.937988 0.340784 0.000000 -0.341475 0.939891 B 2.000000 4.000000 18.000000 C[purple]
-4.628635 -10.981364 77.272011 0.960114 0.262803 0.095480 -0.279610 0.902402 0.327855 0.000000 -0.341475 0.939891 B 2.000000 4.000000 18.000000 C[purple]
12.741058 21.998182 77.384710 0.978176 0.195289 0.070951 -0.207779 0.919378 0.334023 0.000000 -0.341475 0.939891 B 2.000000 4.000000 18.000000 C[purple]
12.643900 15.601970 -77.220274 0.997595 0.065142 0.023667 -0.069308 0.937631 0.340654 -0.000000 -0.341475 0.939891 B 2.000000 4.000000 18.000000 C[purple]
12.368117 9.474316 -60.156082 0.999680 0.023788 0.008642 -0.025309 0.939590 0.341366 0.000000 -0.341475 0.939891 B 2.000000 4.000000 18.000000 C[purple]
12.578089 3.560047 -42.889149 0.993204 0.109392 0.039743 -0.116388 0.933503 0.339155 0.000000 -0.341475 0.939891 B 2.000000 4.000000 18.000000 C[purple]
12.469185 -2.638702 -25.815693 0.999973 0.006861 0.002493 -0.007299 0.939866 0.341466 0.000000 -0.341475 0.939891 B 2.000000 4.000000 18.000000 C[purple]
12.507785 -8.939161 -8.718580 0.941283 0.317323 0.115288 -0.337617 0.884704 0.321425 -0.000000 -0.341475 0.939891 B 2.000000 4.000000 18.000000 C[purple]
12.402792 -15.052289 8.354870 0.988175 0.144116 0.052359 -0.153332 0.928776 0.337437 -0.000000 -0.341475 0.939891 B 2.000000 4.000000 18.000000 C[purple]
12.473584 -21.144301 25.839428 0.999037 -0.041241 -0.014983 0.043878 0.938985 0.341147 0.000000 -0.341475 0.939891 B 2.000000 4.000000 18.000000 C[purple]
12.460061 -27.637388 42.994091 0.982384 0.175639 0.063812 -0.186871 0.923334 0.335460 0.000000 -0.341475 0.939891 B 2.000000 4.000000 18.000000 C[purple]
12.862801 28.532516 60.339235 0.993131 0.109977 0.039956 -0.117010 0.933434 0.339130 0.000000 -0.341475 0.939891 B 2.000000 4.000000 18.000000 C[purple]
-38.918968 -16.142777 76.868481 0.963252 0.252455 0.091720 -0.268600 0.905351 0.328927 -0.000000 -0.341475 0.939891 B 2.000000 4.000000 18.000000 C[purple]
-39.227660 -22.579066 -77.987531 0.935105 0.333071 0.121009 -0.354372 0.878896 0.319315 -0.000000 -0.341475 0.939891 B 2.000000 4.000000 18.000000 C[purple]
-39.344206 -29.003760 -60.447569 0.909392 0.390939 0.142034 -0.415941 0.854729 0.310535 0.000000 -0.341475 0.939891 B 2.000000 4.000000 18.000000 C[purple]
-39.168330 27.135012 -42.986287 0.792511 0.573199 0.208251 -0.609857 0.744874 0.270623 -0.000000 -0.341475 0.939891 B 2.000000 4.000000 18.000000 C[purple]
-39.186293 20.930042 -25.565745 0.621900 0.736025 0.267408 -0.783097 0.584518 0.212364 -0.000000 -0.341475 0.939891 B 2.000000 4.000000 18.000000 C[purple]
-39.148010 14.670629 -8.506503 0.892408 0.424106 0.154084 -0.451229 0.838766 0.304735 0.000000 -0.341475 0.939891 B 2.000000 4.000000 18.000000 C[purple]
-39.130062 8.724949 8.643791 0.921567 0.364884 0.132567 -0.388219 0.866172 0.314692 -0.000000 -0.341475 0.939891 B 2.000000 4.000000 18.000000 C[purple]
-38.876811 2.415619 25.708753 0.979265 0.190406 0.069177 -0.202583 0.920402 0.334395 0.000000 -0.341475 0.939891 B 2.000000 4.000000 18.000000 C[purple]
-39.144897 -3.853667 42.780971 0.972256 0.219857 0.079877 -0.233918 0.913815 0.332002 -0.000000 -0.341475 0.939891 B 2.000000 4.000000 18.000000 C[purple]
-38.985700 -10.206483 59.868414 0.920491 0.367275 0.133436 -0.390764 0.865161 0.314325 0.000000 -0.341475 0.939891 B 2.000000 4.000000 18.000000 C[purple]
-43.398323 20.163222 -77.347921 0.989738 0.134304 0.048795 -0.142894 0.930246 0.337971 -0.000000 -0.341475 0.939891 B 2.000000 4.000000 18.000000 C[purple]
-43.470536 13.607846 -60.383210 0.998070 0.058367 0.021206 -0.062100 0.938077 0.340816 -0.000000 -0.341475 0.939891 B 2.000000 4.000000 18.000000 C[purple]
-43.363526 7.631670 -43.134260 0.945131 0.307054 0.111557 -0.326691 0.888320 0.322739 0.000000 -0.341475 0.939891 B 2.000000 4.000000 18.000000 C[purple]
-43.508049 1.292247 -26.059666 0.910998 0.387622 0.140828 -0.412411 0.856238 0.311083 0.000000 -0.341475 0.939891 B 2.000000 4.000000 18.000000 C[purple]
-43.262518 -4.781747 -8.884672 0.951082 0.290369 0.105495 -0.308939 0.893913 0.324771 -0.000000 -0.341475 0.939891 B 2.000000 4.000000 18.000000 C[purple]
-43.578719 -11.149805 8.569631 0.969903 0.228855 0.083146 -0.243491 0.911603 0.331198 0.000000 -0.341475 0.939891 B 2.000000 4.000000 18.000000 C[purple]
-43.345132 -17.486308 26.060248 0.979115 0.191087 0.069425 -0.203308 0.920261 0.334344 -0.000000 -0.341475 0.939891 B 2.000000 4.000000 18.000000 C[purple]
-43.359054 -24.036383 43.554234 0.957949 0.269689 0.097982 -0.286937 0.900368 0.327116 0.000000 -0.341475 0.939891 B 2.000000 4.000000 18.000000 C[purple]
-43.337337 -30.013352 60.688039 0.985983 0.156818 0.056974 -0.166847 0.926716 0.336689 -0.000000 -0.341475 0.939891 B 2.000000 4.000000 18.000000 C[purple]
-43.289973 26.239267 77.606992 0.965773 0.243798 0.088575 -0.259389 0.907721 0.329788 0.000000 -0.341475 0.939891 B 2.000000 4.000000 18.000000 C[purple]
-34.159937 -30.302410 78.384282 0.966509 -0.241207 -0.087634 0.256633 0.908413 0.330039 0.000000 -0.341475 0.939891 B 2.000000 4.000000 18.000000 C[purple]
-34.162328 25.948841 -76.720792 0.950614 -0.291718 -0.105985 0.310374 0.893474 0.324611 0.000000 -0.341475 0.939891 B 2.000000 4.000000 18.000000 C[purple]
-34.223432 19.648920 -59.306995 0.948108 -0.298837 -0.108572 0.317949 0.891118 0.323756 0.000000 -0.341475 0.939891 B 2.000000 4.000000 18.000000 C[purple]
-33.912564 13.351493 -42.391012 0.917007 -0.374896 -0.136205 0.398872 0.861886 0.313135 0.000000 -0.341475 0.939891 B 2.000000 4.000000 18.000000 C[purple]
-33.982785 7.507608 -25.320341 0.921176 -0.365755 -0.132884 0.389146 0.865805 0.314559 -0.000000 -0.341475 0.939891 B 2.000000 4.000000 18.000000 C[purple]
-34.285350 1.100581 -8.214456 0.928049 -0.350070 -0.127185 0.372458 0.872265 0.316906 -0.000000 -0.341475 0.939891 B 2.000000 4.000000 18.000000 C[purple]
-34.384126 -5.089953 9.324041 0.873274 -0.457942 -0.166377 0.487229 0.820783 0.298202 -0.000000 -0.341475 0.939891 B 2.000000 4.000000 18.000000 C[purple]
-34.274050 -11.657081 26.780713 0.828565 -0.526238 -0.191190 0.559892 0.778761 0.282935 -0.000000 -0.341475 0.939891 B 2.000000 4.000000 18.000000 C[purple]
-34.222113 -17.639779 44.070155 0.921727 -0.364525 -0.132437 0.387838 0.866323 0.314747 -0.000000 -0.341475 0.939891 B 2.000000 4.000000 18.000000 C[purple]
-34.035833 -24.092951 60.950069 0.899317 -0.411013 -0.149327 0.437298 0.845259 0.307094 0.000000 -0.341475 0.939891 B 2.000000 4.000000 18.000000 C[purple]
41.699235 18.834259 -77.651565 0.752812 -0.618669 -0.224771 0.658235 0.707561 0.257067 0.000000 -0.341475 0.939891 B 2.000000 4.000000 18.000000 C[purple]
41.689110 12.367658 -60.593260 0.695318 -0.675502 -0.245419 0.718702 0.653523 0.237434 0.000000 -0.341475 0.939891 B 2.000000 4.000000 18.000000 C[purple]
41.781864 6.413230 -43.358051 0.499413 -0.814287 -0.295842 0.866364 0.469394 0.170537 0.000000 -0.341475 0.939891 B 2.000000 4.000000 18.000000 C[purple]
41.765151 0.299206 -26.152646 0.322272 -0.889745 -0.323257 0.946647 0.302901 0.110048 0.000000 -0.341475 0.939891 B 2.000000 4.000000 18.000000 C[purple]
41.754658 -5.733729 -9.051874 0.230800 -0.914515 -0.332256 0.973001 0.216927 0.078813 0.000000 -0.341475 0.939891 B 2.000000 4.000000 18.000000 C[purple]
41.658810 -12.153941 8.333340 0.489056 -0.819822 -0.297853 0.872252 0.459660 0.167001 -0.000000 -0.341475 0.939891 B 2.000000 4.000000 18.000000 C[purple]
41.793118 -18.213750 25.435462 0.524239 -0.800384 -0.290791 0.851571 0.492727 0.179015 -0.000000 -0.341475 0.939891 B 2.000000 4.000000 18.000000 C[purple]
41.981238 -24.651213 42.831745 0.441335 -0.843404 -0.306420 0.897343 0.414807 0.150705 -0.000000 -0.341475 0.939891 B 2.000000 4.000000 18.000000 C[purple]
41.925445 31.147903 59.995398 0.464740 -0.832223 -0.302358 0.885447 0.436805 0.158697 -0.000000 -0.341475 0.939891 B 2.000000 4.000000 18.000000 C[purple]
41.657360 25.181989 77.062747 0.457139 -0.835934 -0.303707 0.889395 0.429661 0.156102 0.000000 -0.341475 0.939891 B 2.000000 4.000000 18.000000 C[purple]
-12.550626 -8.487822 -77.091132 0.742256 -0.629836 -0.228828 0.670117 0.697639 0.253462 0.000000 -0.341475 0.939891 B 2.000000 4.000000 18.000000 C[purple]
-12.457816 -14.784497 -60.104153 0.586539 -0.761237 -0.276568 0.809921 0.551282 0.200289 -0.000000 -0.341475 0.939891 B 2.000000 4.000000 18.000000 C[purple]
-12.674725 -21.142845 -43.066715 0.706309 -0.665352 -0.241732 0.707904 0.663853 0.241187 -0.000000 -0.341475 0.939891 B 2.000000 4.000000 18.000000 C[purple]
-12.594785 -27.376506 -25.888508 0.704463 -0.667079 -0.242359 0.709741 0.662118 0.240557 0.000000 -0.341475 0.939891 B 2.000000 4.000000 18.000000 C[purple]
-12.622478 28.562313 -8.532224 0.653194 -0.711677 -0.258562 0.757191 0.613931 0.223050 0.000000 -0.341475 0.939891 B 2.000000 4.000000 18.000000 C[purple]
-12.378298 22.155661 8.729781 0.609842 -0.744885 -0.270627 0.792523 0.573185 0.208246 -0.000000 -0.341475 0.939891 B 2.000000 4.000000 18.000000 C[purple]
-12.739353 15.951682 25.970488 0.644877 -0.718346 -0.260985 0.764286 0.606114 0.220210 -0.000000 -0.341475 0.939891 B 2.000000 4.000000 18.000000 C[purple]
-12.538690 9.907937 42.941266 0.485432 -0.821722 -0.298543 0.874274 0.456253 0.165763 0.000000 -0.341475 0.939891 B 2.000000 4.000000 18.000000 C[purple]
-12.295331 3.873326 60.431016 0.536836 -0.792973 -0.288098 0.843686 0.504567 0.183316 -0.000000 -0.341475 0.939891 B 2.000000 4.000000 18.000000 C[purple]
-12.225889 -2.436658 77.734281 0.756780 -0.614378 -0.223212 0.653669 0.711291 0.258422 -0.000000 -0.341475 0.939891 B 2.000000 4.000000 18.000000 C[purple]
-3.338764 -31.239608 -77.055211 0.743014 -0.629046 -0.228541 0.669276 0.698352 0.253721 0.000000 -0.341475 0.939891 B 2.000000 4.000000 18.000000 C[purple]
-3.186005 25.414843 -59.989306 0.710889 -0.661029 -0.240161 0.703304 0.668158 0.242751 0.000000 -0.341475 0.939891 B 2.000000 4.000000 18.000000 C[purple]
-2.862886 19.411286 -42.655960 0.726238 -0.646122 -0.234745 0.687443 0.682584 0.247992 0.000000 -0.341475 0.939891 B 2.000000 4.000000 18.000000 C[purple]
-2.821149 13.042933 -25.209825 0.878533 -0.448968 -0.163116 0.477681 0.825725 0.299998 -0.000000 -0.341475 0.939891 B 2.000000 4.000000 18.000000 C[purple]
-2.887765 6.449732 -8.276453 0.816019 -0.543281 -0.197381 0.578025 0.766969 0.278650 -0.000000 -0.341475 0.939891 B 2.000000 4.000000 18.000000 C[purple]
-3.106186 -0.045573 8.636717 0.917083 -0.374731 -0.136145 0.398696 0.861958 0.313161 -0.000000 -0.341475 0.939891 B 2.000000 4.000000 18.000000 C[purple]
-2.973867 -6.203916 25.859217 0.995637 -0.087705 -0.031864 0.093314 0.935790 0.339985 -0.000000 -0.341475 0.939891 B 2.000000 4.000000 18.000000 C[purple]
-3.066418 -12.736423 43.141048 0.999867 -0.015316 -0.005565 0.016296 0.939766 0.341430 -0.000000 -0.341475 0.939891 B 2.000000 4.000000 18.000000 C[purple]
-3.052821 -19.054764 60.555568 0.924328 -0.358661 -0.130307 0.381599 0.868767 0.315635 -0.000000 -0.341475 0.939891 B 2.000000 4.000000 18.000000 C[purple]
-3.101873 -25.338432 77.884626 0.749180 -0.622552 -0.226182 0.662367 0.704147 0.255826 0.000000 -0.341475 0.939891 B 2.000000 4.000000 18.000000 C[purple]
-22.385674 -6.907977 -77.395616 0.954203 0.281177 0.102156 -0.299160 0.896847 0.325837 -0.000000 -0.341475 0.939891 B 2.000000 4.000000 18.000000 C[purple]
-22.237355 -12.816122 -60.036649 0.930480 0.344323 0.125097 -0.366344 0.874549 0.317736 0.000000 -0.341475 0.939891 B 2.000000 4.000000 18.000000 C[purple]
-22.364677 -18.993374 -42.843800 0.987935 0.145563 0.052885 -0.154872 0.928550 0.337355 0.000000 -0.341475 0.939891 B 2.000000 4.000000 18.000000 C[purple]
-22.492420 -24.957944 -25.554249 0.979895 0.187524 0.068130 -0.199516 0.920994 0.334610 0.000000 -0.341475 0.939891 B 2.000000 4.000000 18.000000 C[purple]
-22.846833 31.140434 -8.596084 0.988352 0.143035 0.051966 -0.152182 0.928943 0.337498 0.000000 -0.341475 0.939891 B 2.000000 4.000000 18.000000 C[purple]
-22.614937 25.157546 8.432002 0.995717 0.086898 0.031571 -0.092455 0.935865 0.340013 -0.000000 -0.341475 0.939891 B 2.000000 4.000000 18.000000 C[purple]
-22.510778 18.760550 25.453461 0.942230 0.314832 0.114383 -0.334967 0.885593 0.321748 -0.000000 -0.341475 0.939891 B 2.000000 4.000000 18.000000 C[purple]
-22.439866 12.672956 42.821707 0.961853 0.257123 0.093416 -0.273567 0.904037 0.328449 -0.000000 -0.341475 0.939891 B 2.000000 4.000000 18.000000 C[purple]
