22.267340 -23.058176 77.461592 0.686659 0.683281 0.248246 -0.726980 0.645384 0.234477 -0.000000 -0.341475 0.939891 B 2.000000 4.000000 18.000000 C[purple]
22.505134 -29.400036 -77.480184 0.877590 0.450595 0.163707 -0.479412 0.824839 0.299675 0.000000 -0.341475 0.939891 B 2.000000 4.000000 18.000000 C[purple]
22.553097 26.567158 -59.910270 0.901907 0.405968 0.147494 -0.431931 0.847694 0.307979 0.000000 -0.341475 0.939891 B 2.000000 4.000000 18.000000 C[purple]
22.661432 19.881831 -42.533556 0.869973 0.463459 0.168381 -0.493099 0.817680 0.297074 0.000000 -0.341475 0.939891 B 2.000000 4.000000 18.000000 C[purple]
22.616317 13.753677 -25.324116 0.724706 0.647639 0.235296 -0.689058 0.681144 0.247469 -0.000000 -0.341475 0.939891 B 2.000000 4.000000 18.000000 C[purple]
22.459751 7.833686 -8.284700 0.822556 0.534501 0.194192 -0.568684 0.773113 0.280883 -0.000000 -0.341475 0.939891 B 2.000000 4.000000 18.000000 C[purple]
22.429505 1.933735 9.119424 0.746362 0.625535 0.227266 -0.665540 0.701499 0.254864 0.000000 -0.341475 0.939891 B 2.000000 4.000000 18.000000 C[purple]
22.119612 -4.430127 26.182420 0.677649 0.691182 0.251116 -0.735385 0.636916 0.231400 -0.000000 -0.341475 0.939891 B 2.000000 4.000000 18.000000 C[purple]
22.180596 -10.440884 43.562543 0.785687 0.581439 0.211245 -0.618625 0.738460 0.268293 0.000000 -0.341475 0.939891 B 2.000000 4.000000 18.000000 C[purple]
22.283820 -16.721578 60.475968 0.541099 0.790409 0.287167 -0.840959 0.508574 0.184772 0.000000 -0.341475 0.939891 B 2.000000 4.000000 18.000000 C[purple]
23.795868 -3.273828 77.782257 -0.796936 -0.567754 -0.206273 0.604064 -0.749033 -0.272134 0.000000 -0.341475 0.939891 B 2.000000 4.000000 18.000000 C[purple]
23.824256 -9.590528 -76.882525 -0.810262 -0.550840 -0.200128 0.586068 -0.761558 -0.276685 -0.000000 -0.341475 0.939891 B 2.000000 4.000000 18.000000 C[purple]
23.570972 -15.521743 -59.445017 -0.825332 -0.530707 -0.192813 0.564648 -0.775722 -0.281831 -0.000000 -0.341475 0.939891 B 2.000000 4.000000 18.000000 C[purple]
23.736406 -21.585557 -42.420705 -0.911343 -0.386904 -0.140568 0.411648 -0.856563 -0.311201 -0.000000 -0.341475 0.939891 B 2.000000 4.000000 18.000000 C[purple]
23.905196 -27.947573 -24.994501 -0.986386 -0.154560 -0.056154 0.164445 -0.927095 -0.336827 0.000000 -0.341475 0.939891 B 2.000000 4.000000 18.000000 C[purple]
23.870160 28.244098 -8.109549 -0.969842 -0.229084 -0.083229 0.243735 -0.911545 -0.331177 0.000000 -0.341475 0.939891 B 2.000000 4.000000 18.000000 C[purple]
23.865705 21.743201 8.905854 -0.991889 -0.119465 -0.043403 0.127105 -0.932268 -0.338706 -0.000000 -0.341475 0.939891 B 2.000000 4.000000 18.000000 C[purple]
23.742181 15.826044 26.190056 -0.947833 -0.299608 -0.108852 0.318769 -0.890859 -0.323662 0.000000 -0.341475 0.939891 B 2.000000 4.000000 18.000000 C[purple]
23.465225 9.343547 43.360856 -0.938944 -0.323389 -0.117492 0.344071 -0.882504 -0.320626 -0.000000 -0.341475 0.939891 B 2.000000 4.000000 18.000000 C[purple]
23.622119 2.775087 60.377789 -0.813646 -0.546415 -0.198520 0.581361 -0.764738 -0.277840 0.000000 -0.341475 0.939891 B 2.000000 4.000000 18.000000 C[purple]
39.303031 -29.237702 77.612417 0.860021 0.479587 0.174241 -0.510259 0.808326 0.293676 -0.000000 -0.341475 0.939891 B 2.000000 4.000000 18.000000 C[purple]
39.107603 26.868645 -77.268937 0.807307 0.554659 0.201515 -0.590131 0.758781 0.275676 0.000000 -0.341475 0.939891 B 2.000000 4.000000 18.000000 C[purple]
39.308258 20.433874 -59.998381 0.937306 0.327560 0.119007 -0.348509 0.880965 0.320067 0.000000 -0.341475 0.939891 B 2.000000 4.000000 18.000000 C[purple]
39.286807 14.273400 -43.035664 0.966630 0.240777 0.087478 -0.256175 0.908527 0.330081 0.000000 -0.341475 0.939891 B 2.000000 4.000000 18.000000 C[purple]
39.217506 7.927960 -26.132439 0.888763 0.430815 0.156521 -0.458368 0.835340 0.303491 -0.000000 -0.341475 0.939891 B 2.000000 4.000000 18.000000 C[purple]
39.138574 1.739790 -8.637440 0.950626 0.291683 0.105973 -0.310337 0.893485 0.324616 0.000000 -0.341475 0.939891 B 2.000000 4.000000 18.000000 C[purple]
38.930042 -4.703562 8.717760 0.985075 0.161780 0.058777 -0.172127 0.925863 0.336379 -0.000000 -0.341475 0.939891 B 2.000000 4.000000 18.000000 C[purple]
39.039327 -10.914861 26.079845 0.990946 0.126188 0.045846 -0.134258 0.931381 0.338384 0.000000 -0.341475 0.939891 B 2.000000 4.000000 18.000000 C[purple]
39.056297 -17.041154 43.048883 0.902950 0.403915 0.146748 -0.429746 0.848674 0.308335 -0.000000 -0.341475 0.939891 B 2.000000 4.000000 18.000000 C[purple]
39.367077 -23.219955 60.150022 0.833623 0.519134 0.188609 -0.552334 0.783514 0.284662 0.000000 -0.341475 0.939891 B 2.000000 4.000000 18.000000 C[purple]
-7.130101 -30.801192 76.944518 0.024546 0.939608 0.341373 -0.999699 0.023071 0.008382 -0.000000 -0.341475 0.939891 B 2.000000 4.000000 18.000000 C[purple]
-6.862614 25.588427 -77.572830 -0.073722 0.937333 0.340546 -0.997279 -0.069291 -0.025174 0.000000 -0.341475 0.939891 B 2.000000 4.000000 18.000000 C[purple]
-7.145429 19.290076 -60.494893 -0.038997 0.939176 0.341216 -0.999239 -0.036652 -0.013316 -0.000000 -0.341475 0.939891 B 2.000000 4.000000 18.000000 C[purple]
-7.509163 13.093271 -43.059875 0.079245 0.936935 0.340402 -0.996855 0.074482 0.027060 -0.000000 -0.341475 0.939891 B 2.000000 4.000000 18.000000 C[purple]
-7.280804 6.888676 -25.987738 0.216590 0.917580 0.333370 -0.976263 0.203571 0.073960 0.000000 -0.341475 0.939891 B 2.000000 4.000000 18.000000 C[purple]
-7.254612 0.558707 -8.872530 0.151835 0.928993 0.337516 -0.988406 0.142708 0.051848 0.000000 -0.341475 0.939891 B 2.000000 4.000000 18.000000 C[purple]
-7.091526 -5.738054 8.088085 0.448667 0.839979 0.305176 -0.893699 0.421698 0.153209 -0.000000 -0.341475 0.939891 B 2.000000 4.000000 18.000000 C[purple]
-6.959824 -11.907165 25.601608 0.291088 0.899190 0.326688 -0.956696 0.273591 0.099399 0.000000 -0.341475 0.939891 B 2.000000 4.000000 18.000000 C[purple]
-7.030109 -18.351685 42.891905 0.290462 0.899369 0.326753 -0.956886 0.273003 0.099186 -0.000000 -0.341475 0.939891 B 2.000000 4.000000 18.000000 C[purple]
-7.301406 -24.531515 59.977450 -0.008113 0.939860 0.341464 -0.999967 -0.007625 -0.002770 0.000000 -0.341475 0.939891 B 2.000000 4.000000 18.000000 C[purple]
-13.149221 16.588449 -77.318749 -0.591289 -0.757984 -0.275386 0.806459 -0.555747 -0.201911 0.000000 -0.341475 0.939891 B 2.000000 4.000000 18.000000 C[purple]
-12.751461 10.399048 -60.359857 -0.546731 -0.786978 -0.285920 0.837308 -0.513868 -0.186695 0.000000 -0.341475 0.939891 B 2.000000 4.000000 18.000000 C[purple]
-12.714285 4.252172 -43.061608 -0.747835 -0.623979 -0.226700 0.663884 -0.702883 -0.255367 0.000000 -0.341475 0.939891 B 2.000000 4.000000 18.000000 C[purple]
-12.691272 -2.157134 -25.683793 -0.512426 -0.807114 -0.293236 0.858732 -0.481624 -0.174981 0.000000 -0.341475 0.939891 B 2.000000 4.000000 18.000000 C[purple]
-12.836418 -8.166537 -8.504741 -0.436948 -0.845419 -0.307153 0.899487 -0.410684 -0.149207 0.000000 -0.341475 0.939891 B 2.000000 4.000000 18.000000 C[purple]
-12.852978 -14.258929 8.626999 -0.191897 -0.922423 -0.335129 0.981415 -0.180362 -0.065528 0.000000 -0.341475 0.939891 B 2.000000 4.000000 18.000000 C[purple]
-13.205818 -20.512826 25.643133 -0.341754 -0.883299 -0.320915 0.939789 -0.321212 -0.116701 0.000000 -0.341475 0.939891 B 2.000000 4.000000 18.000000 C[purple]
-13.315157 -26.623806 43.213087 -0.333137 -0.886203 -0.321970 0.942878 -0.313112 -0.113758 0.000000 -0.341475 0.939891 B 2.000000 4.000000 18.000000 C[purple]
-13.515049 29.603548 60.371831 -0.558500 -0.779644 -0.283255 0.829505 -0.524929 -0.190714 0.000000 -0.341475 0.939891 B 2.000000 4.000000 18.000000 C[purple]
-13.434507 23.188021 77.409540 -0.644349 -0.718764 -0.261137 0.764731 -0.605618 -0.220029 -0.000000 -0.341475 0.939891 B 2.000000 4.000000 18.000000 C[purple]
-39.025839 7.943490 -77.429775 -0.826415 -0.529216 -0.192272 0.563062 -0.776740 -0.282200 0.000000 -0.341475 0.939891 B 2.000000 4.000000 18.000000 C[purple]
-39.209398 2.040980 -60.422234 -0.776489 -0.592254 -0.215174 0.630131 -0.729815 -0.265152 -0.000000 -0.341475 0.939891 B 2.000000 4.000000 18.000000 C[purple]
-39.307572 -4.176785 -43.211918 -0.840449 -0.509318 -0.185042 0.541891 -0.789930 -0.286993 -0.000000 -0.341475 0.939891 B 2.000000 4.000000 18.000000 C[purple]
-39.339540 -10.410799 -25.807645 -0.693843 -0.676840 -0.245905 0.720126 -0.652137 -0.236930 -0.000000 -0.341475 0.939891 B 2.000000 4.000000 18.000000 C[purple]
-39.576039 -16.535867 -8.842757 -0.837429 -0.513693 -0.186632 0.546546 -0.787092 -0.285961 0.000000 -0.341475 0.939891 B 2.000000 4.000000 18.000000 C[purple]
-39.707947 -22.821578 8.494069 -0.716523 -0.655633 -0.238201 0.697563 -0.673453 -0.244675 -0.000000 -0.341475 0.939891 B 2.000000 4.000000 18.000000 C[purple]
-39.526847 -29.026911 25.847724 -0.762857 -0.607703 -0.220787 0.646567 -0.717002 -0.260497 0.000000 -0.341475 0.939891 B 2.000000 4.000000 18.000000 C[purple]
-39.679374 27.486379 43.155677 -0.590780 -0.758335 -0.275514 0.806833 -0.555269 -0.201737 -0.000000 -0.341475 0.939891 B 2.000000 4.000000 18.000000 C[purple]
-39.414395 20.980359 60.263518 -0.618610 -0.738471 -0.268297 0.785699 -0.581425 -0.211240 0.000000 -0.341475 0.939891 B 2.000000 4.000000 18.000000 C[purple]
-39.074665 14.586015 77.420745 -0.760807 -0.609969 -0.221610 0.648978 -0.715075 -0.259797 -0.000000 -0.341475 0.939891 B 2.000000 4.000000 18.000000 C[purple]
11.152588 -20.673988 -77.941762 -0.898147 -0.413266 -0.150145 0.439696 -0.844160 -0.306695 -0.000000 -0.341475 0.939891 B 2.000000 4.000000 18.000000 C[purple]
11.062959 -27.149402 -60.796601 -0.924399 -0.358500 -0.130248 0.381427 -0.868834 -0.315660 0.000000 -0.341475 0.939891 B 2.000000 4.000000 18.000000 C[purple]
11.033305 29.164606 -43.410907 -0.965321 -0.245373 -0.089147 0.261065 -0.907296 -0.329633 0.000000 -0.341475 0.939891 B 2.000000 4.000000 18.000000 C[purple]
11.044191 23.112027 -26.434832 -0.978535 -0.193691 -0.070371 0.206079 -0.919716 -0.334146 0.000000 -0.341475 0.939891 B 2.000000 4.000000 18.000000 C[purple]
10.745617 17.130757 -9.003592 -0.964991 -0.246516 -0.089563 0.262282 -0.906986 -0.329521 0.000000 -0.341475 0.939891 B 2.000000 4.000000 18.000000 C[purple]
10.565338 11.036252 8.572748 -0.932747 -0.338860 -0.123112 0.360531 -0.876681 -0.318510 0.000000 -0.341475 0.939891 B 2.000000 4.000000 18.000000 C[purple]
10.804540 4.481810 25.544924 -0.932337 -0.339855 -0.123474 0.361590 -0.876295 -0.318370 0.000000 -0.341475 0.939891 B 2.000000 4.000000 18.000000 C[purple]
10.917511 -1.892459 42.436029 -0.878579 -0.448888 -0.163087 0.477596 -0.825769 -0.300013 -0.000000 -0.341475 0.939891 B 2.000000 4.000000 18.000000 C[purple]
11.001224 -8.211295 59.639589 -0.958299 -0.268589 -0.097582 0.285766 -0.900697 -0.327236 0.000000 -0.341475 0.939891 B 2.000000 4.000000 18.000000 C[purple]
10.856775 -14.216484 76.997850 -0.842743 -0.505959 -0.183822 0.538317 -0.792086 -0.287776 0.000000 -0.341475 0.939891 B 2.000000 4.000000 18.000000 C[purple]
22.500476 -12.384589 77.530511 0.606319 0.747421 0.271549 -0.795221 0.569874 0.207043 0.000000 -0.341475 0.939891 B 2.000000 4.000000 18.000000 C[purple]
22.300639 -18.654680 -77.576663 0.666503 0.700691 0.254571 -0.745503 0.626440 0.227594 0.000000 -0.341475 0.939891 B 2.000000 4.000000 18.000000 C[purple]
22.531457 -24.899027 -60.270708 0.520995 0.802253 0.291470 -0.853560 0.489678 0.177907 -0.000000 -0.341475 0.939891 B 2.000000 4.000000 18.000000 C[purple]
22.559325 31.066684 -43.255950 0.489542 0.819566 0.297760 -0.871980 0.460116 0.167166 -0.000000 -0.341475 0.939891 B 2.000000 4.000000 18.000000 C[purple]
22.337597 24.928566 -26.183130 0.351929 0.879763 0.319630 -0.936027 0.330775 0.120175 0.000000 -0.341475 0.939891 B 2.000000 4.000000 18.000000 C[purple]
22.405773 18.585719 -8.573279 0.391208 0.864984 0.314261 -0.920302 0.367693 0.133588 0.000000 -0.341475 0.939891 B 2.000000 4.000000 18.000000 C[purple]
22.575681 12.435763 8.660961 0.372597 0.872212 0.316887 -0.927993 0.350200 0.127233 -0.000000 -0.341475 0.939891 B 2.000000 4.000000 18.000000 C[purple]
22.754611 6.127721 26.180529 0.422289 0.851975 0.309534 -0.906461 0.396906 0.144201 0.000000 -0.341475 0.939891 B 2.000000 4.000000 18.000000 C[purple]
22.366217 0.107150 43.300870 0.534094 0.794607 0.288692 -0.845425 0.501990 0.182380 -0.000000 -0.341475 0.939891 B 2.000000 4.000000 18.000000 C[purple]
22.637185 -6.069110 60.407690 0.607946 0.746253 0.271124 -0.793979 0.571402 0.207598 0.000000 -0.341475 0.939891 B 2.000000 4.000000 18.000000 C[purple]
-42.284453 -1.730508 77.452184 0.998876 -0.044554 -0.016187 0.047404 0.938834 0.341092 0.000000 -0.341475 0.939891 B 2.000000 4.000000 18.000000 C[purple]
-42.259325 -8.001897 -77.040627 0.950218 -0.292858 -0.106399 0.311587 0.893101 0.324476 0.000000 -0.341475 0.939891 B 2.000000 4.000000 18.000000 C[purple]
-42.252587 -14.026158 -60.011378 0.977585 -0.197886 -0.071895 0.210542 0.918823 0.333821 -0.000000 -0.341475 0.939891 B 2.000000 4.000000 18.000000 C[purple]
-42.629832 -20.522154 -42.987571 0.979463 -0.189503 -0.068849 0.201622 0.920589 0.334463 0.000000 -0.341475 0.939891 B 2.000000 4.000000 18.000000 C[purple]
-42.652001 -26.408391 -25.573841 0.993417 -0.107670 -0.039118 0.114556 0.933703 0.339227 0.000000 -0.341475 0.939891 B 2.000000 4.000000 18.000000 C[purple]
-42.665098 30.069513 -8.528719 0.987565 -0.147762 -0.053684 0.157211 0.928203 0.337229 0.000000 -0.341475 0.939891 B 2.000000 4.000000 18.000000 C[purple]
-42.570412 23.932347 8.926252 0.982199 -0.176552 -0.064144 0.187843 0.923160 0.335397 -0.000000 -0.341475 0.939891 B 2.000000 4.000000 18.000000 C[purple]
-42.424910 17.270015 26.013799 0.981738 -0.178805 -0.064962 0.190240 0.922726 0.335239 -0.000000 -0.341475 0.939891 B 2.000000 4.000000 18.000000 C[purple]
-42.542088 11.234197 43.124520 0.999361 0.033600 0.012207 -0.035749 0.939290 0.341257 -0.000000 -0.341475 0.939891 B 2.000000 4.000000 18.000000 C[purple]
-42.250332 4.876438 60.114282 0.995717 -0.086894 -0.031570 0.092451 0.935865 0.340013 0.000000 -0.341475 0.939891 B 2.000000 4.000000 18.000000 C[purple]
1.616957 -28.420851 77.623911 0.876175 -0.453021 -0.164589 0.481993 0.823509 0.299192 -0.000000 -0.341475 0.939891 B 2.000000 4.000000 18.000000 C[purple]
1.603361 27.905790 -77.153423 0.934295 -0.335073 -0.121737 0.356502 0.878135 0.319039 0.000000 -0.341475 0.939891 B 2.000000 4.000000 18.000000 C[purple]
1.383308 21.666088 -60.063660 0.812819 -0.547502 -0.198915 0.582517 0.763961 0.277558 0.000000 -0.341475 0.939891 B 2.000000 4.000000 18.000000 C[purple]
1.571414 15.695050 -42.810098 0.895229 -0.418821 -0.152164 0.445607 0.841417 0.305699 -0.000000 -0.341475 0.939891 B 2.000000 4.000000 18.000000 C[purple]
1.704984 9.426821 -25.715264 0.905110 -0.399621 -0.145188 0.425178 0.850704 0.309073 0.000000 -0.341475 0.939891 B 2.000000 4.000000 18.000000 C[purple]
1.385507 3.347065 -8.383335 0.917535 -0.373751 -0.135789 0.397654 0.862383 0.313316 0.000000 -0.341475 0.939891 B 2.000000 4.000000 18.000000 C[purple]
1.346307 -2.688908 8.785903 0.953796 -0.282396 -0.102598 0.300456 0.896464 0.325698 0.000000 -0.341475 0.939891 B 2.000000 4.000000 18.000000 C[purple]
1.280856 -9.119666 25.898294 0.939610 -0.321676 -0.116869 0.342248 0.883130 0.320854 0.000000 -0.341475 0.939891 B 2.000000 4.000000 18.000000 C[purple]
1.411895 -15.499160 43.124350 0.930954 -0.343188 -0.124685 0.365136 0.874995 0.317898 -0.000000 -0.341475 0.939891 B 2.000000 4.000000 18.000000 C[purple]
1.227102 -22.138557 60.475769 0.908665 -0.392429 -0.142575 0.417526 0.854046 0.310287 -0.000000 -0.341475 0.939891 B 2.000000 4.000000 18.000000 C[purple]
-3.391910 -26.593097 -77.272208 -0.998359 -0.053830 -0.019557 0.057273 -0.938348 -0.340915 0.000000 -0.341475 0.939891 B 2.000000 4.000000 18.000000 C[purple]
-3.560418 29.465151 -60.381450 -0.999946 -0.009779 -0.003553 0.010404 -0.939840 -0.341457 0.000000 -0.341475 0.939891 B 2.000000 4.000000 18.000000 C[purple]
-3.527203 23.525505 -43.277071 -0.998183 0.056639 0.020578 -0.060262 -0.938183 -0.340855 0.000000 -0.341475 0.939891 B 2.000000 4.000000 18.000000 C[purple]
-3.836664 17.360425 -26.021557 -0.995044 -0.093455 -0.033953 0.099432 -0.935233 -0.339783 0.000000 -0.341475 0.939891 B 2.000000 4.000000 18.000000 C[purple]
-3.866458 10.948447 -8.715032 -0.987426 -0.148581 -0.053981 0.158083 -0.928072 -0.337182 0.000000 -0.341475 0.939891 B 2.000000 4.000000 18.000000 C[purple]
-3.691639 4.365968 8.420785 -0.986245 -0.155352 -0.056442 0.165288 -0.926963 -0.336779 0.000000 -0.341475 0.939891 B 2.000000 4.000000 18.000000 C[purple]
-3.847754 -1.787268 25.506214 -0.975540 -0.206607 -0.075063 0.219820 -0.916901 -0.333123 0.000000 -0.341475 0.939891 B 2.000000 4.000000 18.000000 C[purple]
-3.782453 -7.766526 42.996108 -0.992893 -0.111860 -0.040640 0.119013 -0.933211 -0.339048 -0.000000 -0.341475 0.939891 B 2.000000 4.000000 18.000000 C[purple]
-3.411160 -14.091336 60.148954 -0.999992 -0.003827 -0.001390 0.004072 -0.939883 -0.341473 0.000000 -0.341475 0.939891 B 2.000000 4.000000 18.000000 C[purple]
-3.263522 -20.277659 77.259340 -0.994517 -0.098293 -0.035711 0.104579 -0.934737 -0.339603 -0.000000 -0.341475 0.939891 B 2.000000 4.000000 18.000000 C[purple]
39.382083 -18.473080 77.425436 0.998651 -0.048808 -0.017732 0.051929 0.938623 0.341015 0.000000 -0.341475 0.939891 B 2.000000 4.000000 18.000000 C[purple]
39.417235 -24.459200 -76.983640 0.999269 -0.035928 -0.013053 0.038225 0.939204 0.341226 0.000000 -0.341475 0.939891 B 2.000000 4.000000 18.000000 C[purple]
39.112557 -30.795992 -59.760725 0.999903 -0.013082 -0.004753 0.013919 0.939800 0.341442 -0.000000 -0.341475 0.939891 B 2.000000 4.000000 18.000000 C[purple]
39.511150 25.420038 -42.739444 0.999172 -0.038229 -0.013889 0.040673 0.939113 0.341193 0.000000 -0.341475 0.939891 B 2.000000 4.000000 18.000000 C[purple]
39.699312 19.322970 -25.568437 0.999978 0.006275 0.002280 -0.006676 0.939870 0.341468 -0.000000 -0.341475 0.939891 B 2.000000 4.000000 18.000000 C[purple]
39.508226 12.953359 -8.502818 0.999927 0.011385 0.004136 -0.012114 0.939822 0.341450 0.000000 -0.341475 0.939891 B 2.000000 4.000000 18.000000 C[purple]
39.532088 6.494242 8.797307 0.969692 0.229642 0.083432 -0.244329 0.911405 0.331126 0.000000 -0.341475 0.939891 B 2.000000 4.000000 18.000000 C[purple]
39.515861 0.159209 26.170108 0.984018 0.167365 0.060806 -0.178068 0.924869 0.336018 0.000000 -0.341475 0.939891 B 2.000000 4.000000 18.000000 C[purple]
39.769139 -6.034433 43.081288 0.972972 0.217043 0.078855 -0.230924 0.914487 0.332246 -0.000000 -0.341475 0.939891 B 2.000000 4.000000 18.000000 C[purple]
39.411711 -11.959907 60.255192 0.978039 0.195894 0.071171 -0.208423 0.919250 0.333976 0.000000 -0.341475 0.939891 B 2.000000 4.000000 18.000000 C[purple]
-31.100169 11.329196 -77.400932 0.704197 -0.667327 -0.242449 0.710005 0.661868 0.240466 0.000000 -0.341475 0.939891 B 2.000000 4.000000 18.000000 C[purple]
-30.938472 5.049046 -59.798357 0.746083 -0.625829 -0.227373 0.665853 0.701236 0.254769 -0.000000 -0.341475 0.939891 B 2.000000 4.000000 18.000000 C[purple]
-30.673120 -1.046345 -42.376081 0.822354 -0.534775 -0.194291 0.568976 0.772923 0.280814 0.000000 -0.341475 0.939891 B 2.000000 4.000000 18.000000 C[purple]
-30.689996 -7.339950 -24.944432 0.948403 -0.298008 -0.108270 0.317066 0.891395 0.323856 -0.000000 -0.341475 0.939891 B 2.000000 4.000000 18.000000 C[purple]
-30.681942 -13.655410 -8.018310 0.885656 -0.436431 -0.158562 0.464343 0.832419 0.302430 0.000000 -0.341475 0.939891 B 2.000000 4.000000 18.000000 C[purple]
-30.945706 -19.981895 9.121983 0.720393 -0.651876 -0.236836 0.693566 0.677091 0.245997 -0.000000 -0.341475 0.939891 B 2.000000 4.000000 18.000000 C[purple]
-30.766400 -25.864199 26.397690 0.680810 -0.688432 -0.250117 0.732460 0.639887 0.232480 0.000000 -0.341475 0.939891 B 2.000000 4.000000 18.000000 C[purple]
-30.761722 30.298905 43.298313 0.683544 -0.686035 -0.249246 0.729909 0.642457 0.233414 0.000000 -0.341475 0.939891 B 2.000000 4.000000 18.000000 C[purple]
-31.064477 23.832832 60.395600 0.689453 -0.680792 -0.247341 0.724331 0.648010 0.235431 0.000000 -0.341475 0.939891 B 2.000000 4.000000 18.000000 C[purple]
-31.183614 17.953800 77.486768 0.756724 -0.614438 -0.223234 0.653734 0.711238 0.258403 -0.000000 -0.341475 0.939891 B 2.000000 4.000000 18.000000 C[purple]
5.532168 19.405079 77.527652 -0.095920 0.935557 0.339901 -0.995389 -0.090154 -0.032754 0.000000 -0.341475 0.939891 B 2.000000 4.000000 18.000000 C[purple]
5.572871 12.742416 -77.349546 -0.096170 0.935534 0.339893 -0.995365 -0.090389 -0.032840 0.000000 -0.341475 0.939891 B 2.000000 4.000000 18.000000 C[purple]
5.473172 6.818168 -59.921157 -0.015591 0.939776 0.341434 -0.999878 -0.014654 -0.005324 -0.000000 -0.341475 0.939891 B 2.000000 4.000000 18.000000 C[purple]
5.329334 0.413593 -42.611197 -0.114165 0.933746 0.339243 -0.993462 -0.107302 -0.038984 -0.000000 -0.341475 0.939891 B 2.000000 4.000000 18.000000 C[purple]
5.525816 -6.009000 -25.711476 -0.034028 0.939346 0.341278 -0.999421 -0.031983 -0.011620 -0.000000 -0.341475 0.939891 B 2.000000 4.000000 18.000000 C[purple]
5.748335 -12.352647 -8.174490 -0.047413 0.938834 0.341091 -0.998875 -0.044563 -0.016190 0.000000 -0.341475 0.939891 B 2.000000 4.000000 18.000000 C[purple]
5.540890 -18.339802 9.032441 -0.169731 0.926253 0.336521 -0.985490 -0.159529 -0.057959 -0.000000 -0.341475 0.939891 B 2.000000 4.000000 18.000000 C[purple]
5.686539 -24.662037 26.153369 -0.215602 0.917786 0.333444 -0.976481 -0.202642 -0.073623 0.000000 -0.341475 0.939891 B 2.000000 4.000000 18.000000 C[purple]
5.577156 -30.683393 43.135227 -0.169114 0.926353 0.336557 -0.985596 -0.158949 -0.057748 -0.000000 -0.341475 0.939891 B 2.000000 4.000000 18.000000 C[purple]
5.836942 25.659034 60.161566 -0.133126 0.931525 0.338436 -0.991099 -0.125124 -0.045459 -0.000000 -0.341475 0.939891 B 2.000000 4.000000 18.000000 C[purple]
4.313948 -0.983695 77.012113 0.724277 0.648063 0.235450 -0.689509 0.680741 0.247323 0.000000 -0.341475 0.939891 B 2.000000 4.000000 18.000000 C[purple]
4.350722 -6.981429 -77.612103 0.845197 0.502329 0.182503 -0.534455 0.794393 0.288614 -0.000000 -0.341475 0.939891 B 2.000000 4.000000 18.000000 C[purple]
4.337725 -13.021977 -60.538965 0.879417 0.447436 0.162560 -0.476051 0.826556 0.300299 0.000000 -0.341475 0.939891 B 2.000000 4.000000 18.000000 C[purple]
4.295685 -19.202360 -43.189876 0.994031 0.102536 0.037253 -0.109094 0.934281 0.339437 0.000000 -0.341475 0.939891 B 2.000000 4.000000 18.000000 C[purple]
4.168074 -25.508762 -26.149885 0.927582 0.351160 0.127581 -0.373618 0.871826 0.316747 0.000000 -0.341475 0.939891 B 2.000000 4.000000 18.000000 C[purple]
4.143408 30.544486 -8.810024 0.917351 0.374151 0.135934 -0.398079 0.862210 0.313253 -0.000000 -0.341475 0.939891 B 2.000000 4.000000 18.000000 C[purple]
4.182013 24.085940 8.000168 0.877968 0.449944 0.163471 -0.478720 0.825194 0.299804 0.000000 -0.341475 0.939891 B 2.000000 4.000000 18.000000 C[purple]
4.085363 17.889103 25.517387 0.781315 0.586620 0.213127 -0.624137 0.734351 0.266800 0.000000 -0.341475 0.939891 B 2.000000 4.000000 18.000000 C[purple]
4.064840 11.474691 42.929753 0.702120 0.669257 0.243150 -0.712059 0.659916 0.239757 0.000000 -0.341475 0.939891 B 2.000000 4.000000 18.000000 C[purple]
4.311201 5.244445 59.983395 0.682415 0.687027 0.249607 -0.730965 0.641396 0.233028 0.000000 -0.341475 0.939891 B 2.000000 4.000000 18.000000 C[purple]
-17.559796 -19.701884 77.467634 -0.726279 -0.646081 -0.234730 0.687400 -0.682623 -0.248007 0.000000 -0.341475 0.939891 B 2.000000 4.000000 18.000000 C[purple]
-17.779135 -25.841799 -77.571045 -0.746356 -0.625542 -0.227268 0.665547 -0.701493 -0.254862 0.000000 -0.341475 0.939891 B 2.000000 4.000000 18.000000 C[purple]
-17.686852 30.208015 -60.170770 -0.468247 -0.830485 -0.301727 0.883598 -0.440101 -0.159895 0.000000 -0.341475 0.939891 B 2.000000 4.000000 18.000000 C[purple]
-17.910943 23.874383 -42.854571 -0.457209 -0.835900 -0.303694 0.889359 -0.429727 -0.156126 0.000000 -0.341475 0.939891 B 2.000000 4.000000 18.000000 C[purple]
-18.207716 17.802794 -25.595446 -0.687898 -0.682180 -0.247845 0.725808 -0.646549 -0.234900 0.000000 -0.341475 0.939891 B 2.000000 4.000000 18.000000 C[purple]
-18.081734 11.371294 -8.442789 -0.408697 -0.857810 -0.311654 0.912670 -0.384131 -0.139560 -0.000000 -0.341475 0.939891 B 2.000000 4.000000 18.000000 C[purple]
-17.647463 5.246747 8.603877 -0.432530 -0.847424 -0.307881 0.901620 -0.406531 -0.147698 0.000000 -0.341475 0.939891 B 2.000000 4.000000 18.000000 C[purple]
-17.424633 -0.774548 25.882495 -0.514014 -0.806221 -0.292911 0.857782 -0.483117 -0.175523 0.000000 -0.341475 0.939891 B 2.000000 4.000000 18.000000 C[purple]
-17.808548 -6.863952 43.173733 -0.571964 -0.770973 -0.280105 0.820279 -0.537583 -0.195311 0.000000 -0.341475 0.939891 B 2.000000 4.000000 18.000000 C[purple]
-17.695897 -13.174078 60.452962 -0.718249 -0.653963 -0.237594 0.695786 -0.675075 -0.245264 0.000000 -0.341475 0.939891 B 2.000000 4.000000 18.000000 C[purple]
-20.377056 4.856595 77.203453 0.636698 0.724762 0.263316 -0.771114 0.598426 0.217417 0.000000 -0.341475 0.939891 B 2.000000 4.000000 18.000000 C[purple]
-20.165482 -1.196033 -77.599324 0.616160 0.740278 0.268953 -0.787621 0.579123 0.210403 0.000000 -0.341475 0.939891 B 2.000000 4.000000 18.000000 C[purple]
-20.479518 -7.316114 -60.085276 0.487358 0.820715 0.298177 -0.873202 0.458063 0.166421 -0.000000 -0.341475 0.939891 B 2.000000 4.000000 18.000000 C[purple]
-20.379641 -13.727482 -42.770377 0.506710 0.810295 0.294392 -0.862117 0.476252 0.173029 -0.000000 -0.341475 0.939891 B 2.000000 4.000000 18.000000 C[purple]
-20.519826 -20.011762 -25.663327 0.291287 0.899133 0.326668 -0.956636 0.273778 0.099467 0.000000 -0.341475 0.939891 B 2.000000 4.000000 18.000000 C[purple]
-20.528302 -26.216717 -8.572278 -0.080633 0.936830 0.340364 -0.996744 -0.075786 -0.027534 0.000000 -0.341475 0.939891 B 2.000000 4.000000 18.000000 C[purple]
-20.663671 29.924542 8.850837 0.089114 0.936151 0.340117 -0.996021 0.083757 0.030430 0.000000 -0.341475 0.939891 B 2.000000 4.000000 18.000000 C[purple]
-21.071967 23.577039 25.922008 0.124710 0.932553 0.338810 -0.992193 0.117214 0.042586 0.000000 -0.341475 0.939891 B 2.000000 4.000000 18.000000 C[purple]
-20.902449 17.367337 43.211431 0.443354 0.842468 0.306080 -0.896347 0.416704 0.151395 -0.000000 -0.341475 0.939891 B 2.000000 4.000000 18.000000 C[purple]
-20.604853 11.111055 60.159683 0.555916 0.781274 0.283848 -0.831239 0.522500 0.189832 -0.000000 -0.341475 0.939891 B 2.000000 4.000000 18.000000 C[purple]
-27.457358 16.569756 77.601282 0.594144 -0.756009 -0.274669 0.804359 0.558430 0.202886 0.000000 -0.341475 0.939891 B 2.000000 4.000000 18.000000 C[purple]
-27.628534 10.147858 -77.450937 0.641623 -0.720915 -0.261919 0.767020 0.603055 0.219098 -0.000000 -0.341475 0.939891 B 2.000000 4.000000 18.000000 C[purple]
-27.604482 3.638543 -59.896670 0.594907 -0.755479 -0.274476 0.803795 0.559147 0.203146 0.000000 -0.341475 0.939891 B 2.000000 4.000000 18.000000 C[purple]
-27.780857 -2.617251 -42.821188 0.837366 -0.513784 -0.186665 0.546642 0.787033 0.285940 0.000000 -0.341475 0.939891 B 2.000000 4.000000 18.000000 C[purple]
-27.784254 -8.859115 -25.680660 0.530245 -0.796881 -0.289518 0.847845 0.498372 0.181066 0.000000 -0.341475 0.939891 B 2.000000 4.000000 18.000000 C[purple]
-27.606837 -14.814656 -8.602930 0.496780 -0.815709 -0.296358 0.867876 0.466919 0.169638 -0.000000 -0.341475 0.939891 B 2.000000 4.000000 18.000000 C[purple]
-27.546041 -21.241759 8.287622 0.470429 -0.829395 -0.301331 0.882438 0.442152 0.160640 0.000000 -0.341475 0.939891 B 2.000000 4.000000 18.000000 C[purple]
-27.282646 -27.415280 25.778442 0.504413 -0.811561 -0.294851 0.863463 0.474093 0.172244 0.000000 -0.341475 0.939891 B 2.000000 4.000000 18.000000 C[purple]
-27.482638 28.947376 43.245395 0.350098 -0.880408 -0.319865 0.936713 0.329054 0.119550 0.000000 -0.341475 0.939891 B 2.000000 4.000000 18.000000 C[purple]
-27.694493 22.581581 60.207070 0.505674 -0.810867 -0.294599 0.862725 0.475278 0.172675 -0.000000 -0.341475 0.939891 B 2.000000 4.000000 18.000000 C[purple]
26.165575 13.571337 77.057188 0.624320 0.734213 0.266750 -0.781169 0.586793 0.213190 -0.000000 -0.341475 0.939891 B 2.000000 4.000000 18.000000 C[purple]
26.214764 7.537351 -77.366700 0.574550 0.769272 0.279487 -0.818469 0.540014 0.196195 -0.000000 -0.341475 0.939891 B 2.000000 4.000000 18.000000 C[purple]
26.145090 0.979024 -60.309170 0.446557 0.840972 0.305537 -0.894755 0.419715 0.152488 -0.000000 -0.341475 0.939891 B 2.000000 4.000000 18.000000 C[purple]
26.283935 -5.330254 -42.852709 0.227218 0.915307 0.332544 -0.973844 0.213560 0.077589 0.000000 -0.341475 0.939891 B 2.000000 4.000000 18.000000 C[purple]
26.298126 -11.242066 -25.683076 0.390077 0.865435 0.314424 -0.920782 0.366630 0.133202 -0.000000 -0.341475 0.939891 B 2.000000 4.000000 18.000000 C[purple]
26.202200 -17.441982 -8.707150 0.643413 0.719504 0.261406 -0.765519 0.604738 0.219710 -0.000000 -0.341475 0.939891 B 2.000000 4.000000 18.000000 C[purple]
26.237569 -23.854748 8.302005 0.747410 0.624429 0.226864 -0.664363 0.702484 0.255222 -0.000000 -0.341475 0.939891 B 2.000000 4.000000 18.000000 C[purple]
26.206329 -30.240342 25.302595 0.864111 0.473048 0.171865 -0.503302 0.812170 0.295073 0.000000 -0.341475 0.939891 B 2.000000 4.000000 18.000000 C[purple]
26.268972 26.040234 42.276766 0.685331 0.684458 0.248673 -0.728231 0.644137 0.234024 -0.000000 -0.341475 0.939891 B 2.000000 4.000000 18.000000 C[purple]
26.222907 19.642290 59.885558 0.586495 0.761267 0.276579 -0.809952 0.551242 0.200274 0.000000 -0.341475 0.939891 B 2.000000 4.000000 18.000000 C[purple]
12.324446 -2.015563 77.426305 0.682537 0.686920 0.249568 -0.730851 0.641510 0.233070 0.000000 -0.341475 0.939891 B 2.000000 4.000000 18.000000 C[purple]
12.055786 -8.261791 -77.324886 0.705367 0.666234 0.242052 -0.708842 0.662968 0.240866 0.000000 -0.341475 0.939891 B 2.000000 4.000000 18.000000 C[purple]
12.348362 -14.688918 -60.277397 0.542631 0.789481 0.286829 -0.839971 0.510014 0.185295 -0.000000 -0.341475 0.939891 B 2.000000 4.000000 18.000000 C[purple]
12.518433 -21.176859 -42.787825 0.461329 0.833898 0.302967 -0.887229 0.433599 0.157533 -0.000000 -0.341475 0.939891 B 2.000000 4.000000 18.000000 C[purple]
12.360452 -27.502134 -25.583310 0.618622 0.738462 0.268293 -0.785689 0.581437 0.211244 -0.000000 -0.341475 0.939891 B 2.000000 4.000000 18.000000 C[purple]
12.452153 29.021310 -8.580023 0.538605 0.791913 0.287713 -0.842558 0.506230 0.183920 -0.000000 -0.341475 0.939891 B 2.000000 4.000000 18.000000 C[purple]
12.217459 22.871014 8.660091 0.263361 0.906710 0.329420 -0.964697 0.247531 0.089931 0.000000 -0.341475 0.939891 B 2.000000 4.000000 18.000000 C[purple]
12.494940 16.768633 26.036509 0.369761 0.873278 0.317274 -0.929127 0.347535 0.126264 0.000000 -0.341475 0.939891 B 2.000000 4.000000 18.000000 C[purple]
12.615795 10.325019 43.228398 0.497944 0.815082 0.296131 -0.867209 0.468013 0.170036 0.000000 -0.341475 0.939891 B 2.000000 4.000000 18.000000 C[purple]
12.271579 4.202860 60.427246 0.400631 0.861165 0.312873 -0.916239 0.376550 0.136806 0.000000 -0.341475 0.939891 B 2.000000 4.000000 18.000000 C[purple]
35.756932 10.038632 -77.218037 -0.091252 0.935969 0.340051 -0.995828 -0.085767 -0.031160 0.000000 -0.341475 0.939891 B 2.000000 4.000000 18.000000 C[purple]
35.583968 3.627912 -59.766070 -0.404253 0.859668 0.312330 -0.914647 -0.379954 -0.138042 0.000000 -0.341475 0.939891 B 2.000000 4.000000 18.000000 C[purple]
35.540015 -2.918425 -42.534526 -0.578438 0.766693 0.278550 -0.815726 -0.543669 -0.197522 -0.000000 -0.341475 0.939891 B 2.000000 4.000000 18.000000 C[purple]
35.807059 -9.311747 -25.300969 -0.526035 0.799342 0.290412 -0.850463 -0.494415 -0.179628 -0.000000 -0.341475 0.939891 B 2.000000 4.000000 18.000000 C[purple]
35.619043 -15.517471 -8.168537 -0.421638 0.852259 0.309638 -0.906764 -0.396294 -0.143979 0.000000 -0.341475 0.939891 B 2.000000 4.000000 18.000000 C[purple]
35.846093 -21.625386 8.799154 -0.262416 0.906952 0.329508 -0.964955 -0.246642 -0.089609 0.000000 -0.341475 0.939891 B 2.000000 4.000000 18.000000 C[purple]
36.158498 -27.568980 26.114838 -0.260751 0.907376 0.329662 -0.965406 -0.245077 -0.089040 0.000000 -0.341475 0.939891 B 2.000000 4.000000 18.000000 C[purple]
36.254056 28.442813 43.408320 -0.311651 0.893081 0.324469 -0.950197 -0.292918 -0.106421 0.000000 -0.341475 0.939891 B 2.000000 4.000000 18.000000 C[purple]
35.809088 22.199512 60.659317 -0.353005 0.879382 0.319492 -0.935621 -0.331786 -0.120543 0.000000 -0.341475 0.939891 B 2.000000 4.000000 18.000000 C[purple]
35.563638 16.139627 77.773977 -0.181542 0.924273 0.335801 -0.983383 -0.170630 -0.061992 0.000000 -0.341475 0.939891 B 2.000000 4.000000 18.000000 C[purple]
-35.564577 11.806577 -77.830674 0.647179 -0.716514 -0.260320 0.762338 0.608278 0.220996 0.000000 -0.341475 0.939891 B 2.000000 4.000000 18.000000 C[purple]
-35.364859 5.516530 -60.533590 0.463100 -0.833031 -0.302652 0.886306 0.435264 0.158137 -0.000000 -0.341475 0.939891 B 2.000000 4.000000 18.000000 C[purple]
-35.295733 -0.666629 -43.440330 0.596390 -0.754445 -0.274101 0.802695 0.560541 0.203652 0.000000 -0.341475 0.939891 B 2.000000 4.000000 18.000000 C[purple]
-35.350185 -6.801289 -26.313336 0.738883 -0.633331 -0.230098 0.673834 0.694469 0.252310 0.000000 -0.341475 0.939891 B 2.000000 4.000000 18.000000 C[purple]
-35.420572 -13.041159 -8.790654 0.699220 -0.671934 -0.244123 0.714907 0.657190 0.238766 0.000000 -0.341475 0.939891 B 2.000000 4.000000 18.000000 C[purple]
-35.345515 -19.376434 8.509370 0.744511 -0.627480 -0.227972 0.667610 0.699759 0.254232 0.000000 -0.341475 0.939891 B 2.000000 4.000000 18.000000 C[purple]
-35.406922 -25.504412 25.553175 0.858485 -0.482013 -0.175122 0.512839 0.806882 0.293151 0.000000 -0.341475 0.939891 B 2.000000 4.000000 18.000000 C[purple]
-35.513092 30.629072 42.688612 0.625326 -0.733457 -0.266475 0.780364 0.587738 0.213533 -0.000000 -0.341475 0.939891 B 2.000000 4.000000 18.000000 C[purple]
-35.604286 24.358808 59.971550 0.518227 -0.803835 -0.292044 0.855243 0.487077 0.176962 -0.000000 -0.341475 0.939891 B 2.000000 4.000000 18.000000 C[purple]
-35.722851 18.146422 77.115897 0.424590 -0.850963 -0.309167 0.905386 0.399069 0.144987 0.000000 -0.341475 0.939891 B 2.000000 4.000000 18.000000 C[purple]
-29.832228 -9.999138 77.421127 0.926473 0.353739 0.128518 -0.376361 0.870783 0.316368 0.000000 -0.341475 0.939891 B 2.000000 4.000000 18.000000 C[purple]
-29.996323 -15.947497 -77.084939 0.896862 0.415723 0.151038 -0.442310 0.842952 0.306256 -0.000000 -0.341475 0.939891 B 2.000000 4.000000 18.000000 C[purple]
-30.149250 -22.178661 -59.841500 0.978365 0.194449 0.070646 -0.206885 0.919557 0.334088 -0.000000 -0.341475 0.939891 B 2.000000 4.000000 18.000000 C[purple]
-30.494164 -28.440196 -42.436322 0.974666 0.210220 0.076376 -0.223664 0.916080 0.332825 0.000000 -0.341475 0.939891 B 2.000000 4.000000 18.000000 C[purple]
-30.474371 27.710792 -25.474568 0.994176 0.101290 0.036800 -0.107768 0.934417 0.339487 0.000000 -0.341475 0.939891 B 2.000000 4.000000 18.000000 C[purple]
-30.257280 21.307399 -8.498736 0.999096 0.039967 0.014520 -0.042523 0.939041 0.341167 -0.000000 -0.341475 0.939891 B 2.000000 4.000000 18.000000 C[purple]
-30.113068 15.331139 8.836862 0.991601 -0.121563 -0.044166 0.129338 0.931996 0.338607 -0.000000 -0.341475 0.939891 B 2.000000 4.000000 18.000000 C[purple]
-30.087904 9.336305 25.883921 0.985385 0.160103 0.058167 -0.170342 0.926154 0.336485 0.000000 -0.341475 0.939891 B 2.000000 4.000000 18.000000 C[purple]
-30.228318 2.839052 43.154323 0.976674 0.201820 0.073324 -0.214727 0.917967 0.333510 0.000000 -0.341475 0.939891 B 2.000000 4.000000 18.000000 C[purple]
-30.051314 -3.745880 60.347987 0.943342 0.311876 0.113309 -0.331821 0.886639 0.322128 0.000000 -0.341475 0.939891 B 2.000000 4.000000 18.000000 C[purple]
33.151012 -5.749024 77.152131 0.883310 0.440611 0.160080 -0.468790 0.830215 0.301629 0.000000 -0.341475 0.939891 B 2.000000 4.000000 18.000000 C[purple]
33.036801 -11.917433 -77.456227 0.993952 0.103216 0.037500 -0.109817 0.934206 0.339410 0.000000 -0.341475 0.939891 B 2.000000 4.000000 18.000000 C[purple]
33.164279 -18.325741 -60.289020 0.892190 0.424512 0.154231 -0.451661 0.838561 0.304661 -0.000000 -0.341475 0.939891 B 2.000000 4.000000 18.000000 C[purple]
32.974244 -24.881368 -43.098341 0.909954 0.389782 0.141613 -0.414710 0.855257 0.310727 0.000000 -0.341475 0.939891 B 2.000000 4.000000 18.000000 C[purple]
33.081571 31.148583 -25.990131 0.827644 0.527517 0.191654 -0.561253 0.777895 0.282620 0.000000 -0.341475 0.939891 B 2.000000 4.000000 18.000000 C[purple]
33.109020 25.161382 -8.600857 0.822544 0.534518 0.194198 -0.568702 0.773101 0.280878 0.000000 -0.341475 0.939891 B 2.000000 4.000000 18.000000 C[purple]
33.347585 18.817782 8.551222 0.702549 0.668859 0.243006 -0.711635 0.660320 0.239903 0.000000 -0.341475 0.939891 B 2.000000 4.000000 18.000000 C[purple]
33.181991 12.516565 25.521760 0.578687 0.766528 0.278490 -0.815550 0.543902 0.197607 -0.000000 -0.341475 0.939891 B 2.000000 4.000000 18.000000 C[purple]
33.241801 6.394480 42.734731 0.590639 0.758431 0.275549 -0.806936 0.555136 0.201689 -0.000000 -0.341475 0.939891 B 2.000000 4.000000 18.000000 C[purple]
33.088425 0.450287 60.072116 0.619325 0.737941 0.268104 -0.785135 0.582098 0.211484 0.000000 -0.341475 0.939891 B 2.000000 4.000000 18.000000 C[purple]
23.564363 18.304428 -77.313570 0.917286 0.374291 0.135985 -0.398228 0.862149 0.313231 0.000000 -0.341475 0.939891 B 2.000000 4.000000 18.000000 C[purple]
23.786422 11.805244 -60.330334 0.827486 0.527735 0.191734 -0.561486 0.777747 0.282566 -0.000000 -0.341475 0.939891 B 2.000000 4.000000 18.000000 C[purple]
24.025249 5.521282 -43.031323 0.902779 0.404251 0.146870 -0.430105 0.848514 0.308277 0.000000 -0.341475 0.939891 B 2.000000 4.000000 18.000000 C[purple]
23.930610 -0.860875 -26.161950 0.870091 0.463263 0.168310 -0.492891 0.817791 0.297115 0.000000 -0.341475 0.939891 B 2.000000 4.000000 18.000000 C[purple]
23.757134 -6.781276 -9.088670 0.853078 0.490419 0.178176 -0.521783 0.801801 0.291305 -0.000000 -0.341475 0.939891 B 2.000000 4.000000 18.000000 C[purple]
23.499774 -13.094245 7.923014 0.924536 0.358187 0.130134 -0.381094 0.868963 0.315706 0.000000 -0.341475 0.939891 B 2.000000 4.000000 18.000000 C[purple]
23.582637 -19.624098 25.400149 0.886956 0.434093 0.157712 -0.461855 0.833641 0.302874 -0.000000 -0.341475 0.939891 B 2.000000 4.000000 18.000000 C[purple]
23.765491 -25.789633 42.677743 0.771562 0.597916 0.217231 -0.636154 0.725184 0.263469 0.000000 -0.341475 0.939891 B 2.000000 4.000000 18.000000 C[purple]
23.617911 30.377113 60.319495 0.738065 0.634173 0.230404 -0.674730 0.693700 0.252031 0.000000 -0.341475 0.939891 B 2.000000 4.000000 18.000000 C[purple]
23.828951 24.252169 77.479674 0.809218 0.552194 0.200620 -0.587509 0.760576 0.276328 -0.000000 -0.341475 0.939891 B 2.000000 4.000000 18.000000 C[purple]
15.305937 28.103274 77.350128 0.367984 0.873940 0.317515 -0.929832 0.345865 0.125658 0.000000 -0.341475 0.939891 B 2.000000 4.000000 18.000000 C[purple]
15.186273 22.041328 -77.604053 0.417727 0.853959 0.310255 -0.908572 0.392618 0.142644 0.000000 -0.341475 0.939891 B 2.000000 4.000000 18.000000 C[purple]
15.055971 15.717670 -60.125749 0.082154 0.936714 0.340321 -0.996620 0.077216 0.028053 0.000000 -0.341475 0.939891 B 2.000000 4.000000 18.000000 C[purple]
14.843836 9.273328 -43.007270 0.150802 0.929142 0.337570 -0.988564 0.141737 0.051495 -0.000000 -0.341475 0.939891 B 2.000000 4.000000 18.000000 C[purple]
14.981718 3.165831 -26.013022 0.424293 0.851095 0.309215 -0.905525 0.398789 0.144886 -0.000000 -0.341475 0.939891 B 2.000000 4.000000 18.000000 C[purple]
14.997778 -3.084282 -8.696357 0.405321 0.859224 0.312168 -0.914174 0.380958 0.138407 -0.000000 -0.341475 0.939891 B 2.000000 4.000000 18.000000 C[purple]
15.003655 -9.368243 8.294420 0.290521 0.899352 0.326747 -0.956869 0.273058 0.099206 0.000000 -0.341475 0.939891 B 2.000000 4.000000 18.000000 C[purple]
