6.429100 29.693004 77.480013 -0.054573 0.938490 0.340967 -0.998510 -0.051293 -0.018635 0.000000 -0.341475 0.939891 B 2.000000 4.000000 18.000000 C[purple]
6.525989 23.230137 -77.510349 0.130103 0.931902 0.338573 -0.991500 0.122283 0.044427 -0.000000 -0.341475 0.939891 B 2.000000 4.000000 18.000000 C[purple]
6.405416 17.054633 -59.887178 0.077246 0.937082 0.340455 -0.997012 0.072603 0.026378 0.000000 -0.341475 0.939891 B 2.000000 4.000000 18.000000 C[purple]
6.782365 11.021783 -42.846900 0.027462 0.939536 0.341347 -0.999623 0.025812 0.009378 0.000000 -0.341475 0.939891 B 2.000000 4.000000 18.000000 C[purple]
6.646590 4.581015 -25.629790 0.087520 0.936284 0.340165 -0.996163 0.082259 0.029886 0.000000 -0.341475 0.939891 B 2.000000 4.000000 18.000000 C[purple]
6.448316 -1.745213 -8.514286 -0.114346 0.933726 0.339236 -0.993441 -0.107472 -0.039046 0.000000 -0.341475 0.939891 B 2.000000 4.000000 18.000000 C[purple]
6.423178 -8.203561 8.344591 -0.228824 0.914953 0.332415 -0.973468 -0.215069 -0.078138 -0.000000 -0.341475 0.939891 B 2.000000 4.000000 18.000000 C[purple]
6.339755 -14.797394 25.740669 -0.366105 0.874637 0.317768 -0.930574 -0.344099 -0.125016 0.000000 -0.341475 0.939891 B 2.000000 4.000000 18.000000 C[purple]
6.463084 -20.817201 43.172850 -0.326897 0.888253 0.322715 -0.945060 -0.307247 -0.111627 0.000000 -0.341475 0.939891 B 2.000000 4.000000 18.000000 C[purple]
6.575051 -26.774394 60.231395 -0.237941 0.912897 0.331668 -0.971280 -0.223638 -0.081251 -0.000000 -0.341475 0.939891 B 2.000000 4.000000 18.000000 C[purple]
43.599087 23.919511 77.357534 0.590726 0.758372 0.275527 -0.806872 0.555218 0.201718 0.000000 -0.341475 0.939891 B 2.000000 4.000000 18.000000 C[purple]
43.428801 17.614886 -77.596854 0.423546 0.851423 0.309334 -0.905875 0.398087 0.144631 -0.000000 -0.341475 0.939891 B 2.000000 4.000000 18.000000 C[purple]
43.851582 11.303031 -60.277564 0.501202 0.813316 0.295489 -0.865330 0.471075 0.171148 0.000000 -0.341475 0.939891 B 2.000000 4.000000 18.000000 C[purple]
43.960129 4.816268 -42.946089 0.558194 0.779837 0.283326 -0.829711 0.524641 0.190609 -0.000000 -0.341475 0.939891 B 2.000000 4.000000 18.000000 C[purple]
44.082182 -1.237162 -25.971619 0.392285 0.864553 0.314104 -0.919844 0.368705 0.133956 0.000000 -0.341475 0.939891 B 2.000000 4.000000 18.000000 C[purple]
43.960405 -7.213081 -8.838345 0.359446 0.877074 0.318653 -0.933166 0.337840 0.122742 -0.000000 -0.341475 0.939891 B 2.000000 4.000000 18.000000 C[purple]
43.643103 -13.212442 8.464522 0.387637 0.866403 0.314776 -0.921812 0.364336 0.132369 0.000000 -0.341475 0.939891 B 2.000000 4.000000 18.000000 C[purple]
43.842883 -19.284273 25.719113 0.431808 0.847749 0.307999 -0.901965 0.405853 0.147452 0.000000 -0.341475 0.939891 B 2.000000 4.000000 18.000000 C[purple]
43.650036 -25.821894 43.040149 0.295575 0.897896 0.326218 -0.955320 0.277808 0.100931 0.000000 -0.341475 0.939891 B 2.000000 4.000000 18.000000 C[purple]
43.501999 30.274494 60.390994 0.336759 0.884992 0.321530 -0.941591 0.316517 0.114995 -0.000000 -0.341475 0.939891 B 2.000000 4.000000 18.000000 C[purple]
5.531332 -27.111855 77.265301 0.797207 -0.567418 -0.206151 0.603706 0.749288 0.272227 0.000000 -0.341475 0.939891 B 2.000000 4.000000 18.000000 C[purple]
5.745171 29.044958 -77.389952 0.804207 -0.558624 -0.202956 0.594350 0.755866 0.274617 0.000000 -0.341475 0.939891 B 2.000000 4.000000 18.000000 C[purple]
5.759411 22.861785 -60.424011 0.950617 -0.291711 -0.105983 0.310367 0.893476 0.324612 -0.000000 -0.341475 0.939891 B 2.000000 4.000000 18.000000 C[purple]
5.753920 16.875495 -42.948890 0.990632 -0.128349 -0.046631 0.136557 0.931086 0.338277 0.000000 -0.341475 0.939891 B 2.000000 4.000000 18.000000 C[purple]
5.769085 10.538081 -25.788352 0.862432 -0.475747 -0.172845 0.506172 0.810592 0.294499 0.000000 -0.341475 0.939891 B 2.000000 4.000000 18.000000 C[purple]
5.974495 4.347549 -8.521331 0.744609 -0.627378 -0.227935 0.667501 0.699851 0.254266 0.000000 -0.341475 0.939891 B 2.000000 4.000000 18.000000 C[purple]
5.858309 -2.071709 8.495442 0.520615 -0.802471 -0.291549 0.853792 0.489321 0.177777 0.000000 -0.341475 0.939891 B 2.000000 4.000000 18.000000 C[purple]
5.742687 -8.680846 25.708866 0.569504 -0.772579 -0.280689 0.821988 0.535272 0.194472 -0.000000 -0.341475 0.939891 B 2.000000 4.000000 18.000000 C[purple]
5.689543 -14.852131 42.749354 0.704087 -0.667429 -0.242486 0.710114 0.661765 0.240428 -0.000000 -0.341475 0.939891 B 2.000000 4.000000 18.000000 C[purple]
5.558593 -20.857549 60.158561 0.729052 -0.643316 -0.233726 0.684458 0.685229 0.248953 -0.000000 -0.341475 0.939891 B 2.000000 4.000000 18.000000 C[purple]
-0.484060 -22.435200 -77.127498 0.335499 0.885415 0.321684 -0.942041 0.315332 0.114565 -0.000000 -0.341475 0.939891 B 2.000000 4.000000 18.000000 C[purple]
-0.895679 -28.443549 -60.022832 0.300651 0.896406 0.325677 -0.953734 0.282579 0.102665 -0.000000 -0.341475 0.939891 B 2.000000 4.000000 18.000000 C[purple]
-0.794655 27.877698 -42.905028 -0.041559 0.939079 0.341180 -0.999136 -0.039061 -0.014192 0.000000 -0.341475 0.939891 B 2.000000 4.000000 18.000000 C[purple]
-0.569834 21.359672 -25.480026 -0.150454 0.929192 0.337588 -0.988617 -0.141410 -0.051376 0.000000 -0.341475 0.939891 B 2.000000 4.000000 18.000000 C[purple]
-0.549019 15.090345 -8.092671 -0.074793 0.937258 0.340519 -0.997199 -0.070298 -0.025540 0.000000 -0.341475 0.939891 B 2.000000 4.000000 18.000000 C[purple]
-0.503031 8.745383 9.193149 0.130479 0.931856 0.338556 -0.991451 0.122636 0.044555 -0.000000 -0.341475 0.939891 B 2.000000 4.000000 18.000000 C[purple]
-0.558560 2.548340 26.351368 0.110494 0.934136 0.339384 -0.993877 0.103853 0.037731 0.000000 -0.341475 0.939891 B 2.000000 4.000000 18.000000 C[purple]
-0.758292 -3.730473 43.318072 -0.018427 0.939731 0.341417 -0.999830 -0.017320 -0.006293 0.000000 -0.341475 0.939891 B 2.000000 4.000000 18.000000 C[purple]
-0.539134 -10.076838 60.782351 0.127183 0.932258 0.338702 -0.991879 0.119538 0.043430 -0.000000 -0.341475 0.939891 B 2.000000 4.000000 18.000000 C[purple]
-0.171125 -16.261366 77.951610 0.309080 0.893870 0.324755 -0.951036 0.290501 0.105543 -0.000000 -0.341475 0.939891 B 2.000000 4.000000 18.000000 C[purple]
-43.009122 -21.394220 77.763413 0.500728 0.813574 0.295583 -0.865604 0.470630 0.170986 -0.000000 -0.341475 0.939891 B 2.000000 4.000000 18.000000 C[purple]
-42.966278 -27.350533 -77.158501 0.477771 0.825679 0.299981 -0.878484 0.449053 0.163147 0.000000 -0.341475 0.939891 B 2.000000 4.000000 18.000000 C[purple]
-42.791143 28.898959 -60.098180 0.232591 0.914114 0.332110 -0.972575 0.218610 0.079424 0.000000 -0.341475 0.939891 B 2.000000 4.000000 18.000000 C[purple]
-42.691726 22.642659 -42.526073 0.173421 0.925649 0.336301 -0.984848 0.162997 0.059219 0.000000 -0.341475 0.939891 B 2.000000 4.000000 18.000000 C[purple]
-43.004397 16.409517 -25.077132 0.374157 0.871622 0.316672 -0.927365 0.351667 0.127765 0.000000 -0.341475 0.939891 B 2.000000 4.000000 18.000000 C[purple]
-42.653535 10.247105 -8.006543 0.419067 0.853379 0.310044 -0.907955 0.393878 0.143101 -0.000000 -0.341475 0.939891 B 2.000000 4.000000 18.000000 C[purple]
-42.437437 3.988014 9.070913 0.550441 0.784690 0.285089 -0.834874 0.517354 0.187962 0.000000 -0.341475 0.939891 B 2.000000 4.000000 18.000000 C[purple]
-42.449114 -2.184898 26.130624 0.559041 0.779301 0.283131 -0.829140 0.525437 0.190899 -0.000000 -0.341475 0.939891 B 2.000000 4.000000 18.000000 C[purple]
-42.815288 -8.427338 43.336739 0.438471 0.844722 0.306899 -0.898745 0.412115 0.149727 -0.000000 -0.341475 0.939891 B 2.000000 4.000000 18.000000 C[purple]
-42.786685 -14.826563 60.544240 0.517692 0.804139 0.292155 -0.855567 0.486574 0.176779 -0.000000 -0.341475 0.939891 B 2.000000 4.000000 18.000000 C[purple]
13.136066 -22.540884 77.482232 -0.768077 0.601866 0.218666 -0.640358 -0.721908 -0.262279 -0.000000 -0.341475 0.939891 B 2.000000 4.000000 18.000000 C[purple]
13.069750 -28.586720 -77.032339 -0.731516 0.640840 0.232826 -0.681824 -0.687545 -0.249795 -0.000000 -0.341475 0.939891 B 2.000000 4.000000 18.000000 C[purple]
13.310131 27.865210 -59.773173 -0.779974 0.588195 0.213699 -0.625812 -0.733090 -0.266342 0.000000 -0.341475 0.939891 B 2.000000 4.000000 18.000000 C[purple]
13.190376 21.442772 -42.506794 -0.916274 0.376476 0.136779 -0.400553 -0.861197 -0.312885 -0.000000 -0.341475 0.939891 B 2.000000 4.000000 18.000000 C[purple]
13.269203 15.470626 -25.481399 -0.889288 0.429856 0.156173 -0.457347 -0.835834 -0.303670 -0.000000 -0.341475 0.939891 B 2.000000 4.000000 18.000000 C[purple]
13.290003 9.130074 -8.388657 -0.688607 0.681548 0.247616 -0.725135 -0.647215 -0.235142 0.000000 -0.341475 0.939891 B 2.000000 4.000000 18.000000 C[purple]
13.305516 2.689282 8.758585 -0.550056 0.784929 0.285176 -0.835128 -0.516993 -0.187831 0.000000 -0.341475 0.939891 B 2.000000 4.000000 18.000000 C[purple]
13.233001 -3.627665 26.108615 -0.413649 0.855711 0.310892 -0.910437 -0.388784 -0.141251 0.000000 -0.341475 0.939891 B 2.000000 4.000000 18.000000 C[purple]
13.159479 -9.760899 43.107689 -0.662208 0.704279 0.255874 -0.749320 -0.622403 -0.226128 -0.000000 -0.341475 0.939891 B 2.000000 4.000000 18.000000 C[purple]
12.929714 -16.216065 60.411051 -0.808082 0.553661 0.201153 -0.589069 -0.759509 -0.275940 -0.000000 -0.341475 0.939891 B 2.000000 4.000000 18.000000 C[purple]
4.377354 -20.096715 77.284167 0.888466 -0.431356 -0.156718 0.458943 0.835061 0.303389 0.000000 -0.341475 0.939891 B 2.000000 4.000000 18.000000 C[purple]
4.305682 -26.527408 -77.391683 0.773245 -0.595992 -0.216532 0.634108 0.726766 0.264044 0.000000 -0.341475 0.939891 B 2.000000 4.000000 18.000000 C[purple]
4.578656 29.304928 -60.199415 0.768738 -0.601120 -0.218395 0.639563 0.722530 0.262505 0.000000 -0.341475 0.939891 B 2.000000 4.000000 18.000000 C[purple]
4.615479 23.005610 -43.240803 0.770116 -0.599559 -0.217828 0.637903 0.723825 0.262976 0.000000 -0.341475 0.939891 B 2.000000 4.000000 18.000000 C[purple]
4.789268 16.943093 -26.196337 0.647755 -0.716055 -0.260153 0.761849 0.608818 0.221192 -0.000000 -0.341475 0.939891 B 2.000000 4.000000 18.000000 C[purple]
4.704510 10.898271 -8.883556 0.681848 -0.687524 -0.249787 0.731494 0.640863 0.232834 0.000000 -0.341475 0.939891 B 2.000000 4.000000 18.000000 C[purple]
4.376718 4.499617 8.355749 0.765699 -0.604537 -0.219637 0.643199 0.719673 0.261467 0.000000 -0.341475 0.939891 B 2.000000 4.000000 18.000000 C[purple]
4.544749 -1.445814 25.423652 0.670331 -0.697457 -0.253396 0.742062 0.630038 0.228902 -0.000000 -0.341475 0.939891 B 2.000000 4.000000 18.000000 C[purple]
4.586002 -7.566730 42.665058 0.643585 -0.719369 -0.261357 0.765375 0.604900 0.219768 -0.000000 -0.341475 0.939891 B 2.000000 4.000000 18.000000 C[purple]
4.568846 -13.673905 60.242281 0.696291 -0.674616 -0.245097 0.717760 0.654437 0.237766 0.000000 -0.341475 0.939891 B 2.000000 4.000000 18.000000 C[purple]
-37.441135 -7.301740 77.534591 0.357318 0.877842 0.318932 -0.933983 0.335840 0.122015 -0.000000 -0.341475 0.939891 B 2.000000 4.000000 18.000000 C[purple]
-37.425806 -13.605869 -76.924637 0.311788 0.893039 0.324453 -0.950152 0.293047 0.106468 0.000000 -0.341475 0.939891 B 2.000000 4.000000 18.000000 C[purple]
-37.201147 -19.990684 -59.938542 0.404912 0.859394 0.312230 -0.914356 0.380573 0.138268 0.000000 -0.341475 0.939891 B 2.000000 4.000000 18.000000 C[purple]
-37.537538 -26.089947 -42.851477 0.187451 0.923230 0.335422 -0.982274 0.176184 0.064010 -0.000000 -0.341475 0.939891 B 2.000000 4.000000 18.000000 C[purple]
-37.452856 30.271720 -25.796290 0.300171 0.896548 0.325728 -0.953885 0.282128 0.102501 -0.000000 -0.341475 0.939891 B 2.000000 4.000000 18.000000 C[purple]
-37.749647 23.910152 -8.474697 0.438028 0.844926 0.306973 -0.898962 0.411698 0.149576 0.000000 -0.341475 0.939891 B 2.000000 4.000000 18.000000 C[purple]
-37.803361 17.823515 8.991847 0.539493 0.791379 0.287519 -0.841990 0.507065 0.184224 0.000000 -0.341475 0.939891 B 2.000000 4.000000 18.000000 C[purple]
-37.581238 11.458962 25.831995 0.682367 0.687069 0.249622 -0.731009 0.641351 0.233012 -0.000000 -0.341475 0.939891 B 2.000000 4.000000 18.000000 C[purple]
-37.482643 5.232888 43.225727 0.760597 0.610200 0.221694 -0.649224 0.714878 0.259725 0.000000 -0.341475 0.939891 B 2.000000 4.000000 18.000000 C[purple]
-37.631567 -1.152702 60.438325 0.593529 0.756436 0.274824 -0.804813 0.557853 0.202676 0.000000 -0.341475 0.939891 B 2.000000 4.000000 18.000000 C[purple]
-38.109812 -27.461818 76.959274 0.822565 -0.534489 -0.194187 0.568672 0.773121 0.280886 0.000000 -0.341475 0.939891 B 2.000000 4.000000 18.000000 C[purple]
-38.353768 28.851772 -77.936530 0.848485 -0.497409 -0.180715 0.529220 0.797483 0.289737 0.000000 -0.341475 0.939891 B 2.000000 4.000000 18.000000 C[purple]
-38.305308 22.346904 -60.694248 0.693052 -0.677555 -0.246165 0.720887 0.651393 0.236660 0.000000 -0.341475 0.939891 B 2.000000 4.000000 18.000000 C[purple]
-38.350287 16.146208 -43.329523 0.632340 -0.728125 -0.264538 0.774691 0.594331 0.215929 0.000000 -0.341475 0.939891 B 2.000000 4.000000 18.000000 C[purple]
-38.382974 10.133385 -26.011877 0.654663 -0.710483 -0.258128 0.755921 0.615312 0.223551 -0.000000 -0.341475 0.939891 B 2.000000 4.000000 18.000000 C[purple]
-38.653218 4.143796 -8.944211 0.669922 -0.697805 -0.253522 0.742432 0.629653 0.228762 0.000000 -0.341475 0.939891 B 2.000000 4.000000 18.000000 C[purple]
-38.848074 -1.988804 8.399932 0.698703 -0.672409 -0.244296 0.715412 0.656705 0.238590 -0.000000 -0.341475 0.939891 B 2.000000 4.000000 18.000000 C[purple]
-38.821393 -8.309734 25.544713 0.648392 -0.715545 -0.259968 0.761307 0.609417 0.221410 0.000000 -0.341475 0.939891 B 2.000000 4.000000 18.000000 C[purple]
-38.691805 -14.790306 42.585755 0.740360 -0.631804 -0.229543 0.672210 0.695858 0.252815 -0.000000 -0.341475 0.939891 B 2.000000 4.000000 18.000000 C[purple]
-38.548437 -21.256384 59.880301 0.793246 -0.572300 -0.207925 0.608901 0.745565 0.270874 -0.000000 -0.341475 0.939891 B 2.000000 4.000000 18.000000 C[purple]
13.474141 18.824565 76.998047 0.360737 0.876605 0.318483 -0.932667 0.339054 0.123183 0.000000 -0.341475 0.939891 B 2.000000 4.000000 18.000000 C[purple]
13.205055 12.668885 -77.423254 0.298620 0.897005 0.325895 -0.954372 0.280670 0.101971 0.000000 -0.341475 0.939891 B 2.000000 4.000000 18.000000 C[purple]
13.403799 6.605515 -60.111921 0.476561 0.826297 0.300205 -0.879142 0.447915 0.162734 0.000000 -0.341475 0.939891 B 2.000000 4.000000 18.000000 C[purple]
13.548508 0.377377 -43.062334 0.756852 0.614299 0.223184 -0.653586 0.711358 0.258446 -0.000000 -0.341475 0.939891 B 2.000000 4.000000 18.000000 C[purple]
13.461653 -5.634184 -25.818923 0.844246 0.503740 0.183016 -0.535956 0.793499 0.288289 0.000000 -0.341475 0.939891 B 2.000000 4.000000 18.000000 C[purple]
13.466211 -12.211668 -8.890822 0.812833 0.547484 0.198908 -0.582497 0.763974 0.277562 -0.000000 -0.341475 0.939891 B 2.000000 4.000000 18.000000 C[purple]
13.303195 -18.319290 8.146253 0.601947 0.750537 0.272680 -0.798536 0.565764 0.205550 0.000000 -0.341475 0.939891 B 2.000000 4.000000 18.000000 C[purple]
13.524423 -24.859776 25.446608 0.450347 0.839185 0.304888 -0.892854 0.423277 0.153782 0.000000 -0.341475 0.939891 B 2.000000 4.000000 18.000000 C[purple]
13.546207 -31.225260 42.381515 0.357552 0.877758 0.318902 -0.933893 0.336060 0.122095 0.000000 -0.341475 0.939891 B 2.000000 4.000000 18.000000 C[purple]
13.533143 25.266600 59.785684 0.346785 0.881566 0.320285 -0.937945 0.325940 0.118418 0.000000 -0.341475 0.939891 B 2.000000 4.000000 18.000000 C[purple]
1.870621 4.763049 76.738446 0.639061 0.722923 0.262648 -0.769156 0.600648 0.218224 0.000000 -0.341475 0.939891 B 2.000000 4.000000 18.000000 C[purple]
1.838277 -1.343620 -77.804647 0.594415 0.755821 0.274600 -0.804158 0.558685 0.202978 0.000000 -0.341475 0.939891 B 2.000000 4.000000 18.000000 C[purple]
1.775573 -7.965247 -60.694162 0.568894 0.772976 0.280833 -0.822411 0.534698 0.194263 0.000000 -0.341475 0.939891 B 2.000000 4.000000 18.000000 C[purple]
1.968266 -14.368738 -43.260170 0.753703 0.617710 0.224423 -0.657215 0.708399 0.257371 0.000000 -0.341475 0.939891 B 2.000000 4.000000 18.000000 C[purple]
1.959033 -20.622255 -26.316567 0.588122 0.760157 0.276176 -0.808772 0.552771 0.200829 0.000000 -0.341475 0.939891 B 2.000000 4.000000 18.000000 C[purple]
2.010813 -26.770364 -9.222606 0.399091 0.861796 0.313103 -0.916911 0.375102 0.136280 0.000000 -0.341475 0.939891 B 2.000000 4.000000 18.000000 C[purple]
1.926116 29.583014 8.015712 0.565599 0.775110 0.281608 -0.824681 0.531601 0.193138 0.000000 -0.341475 0.939891 B 2.000000 4.000000 18.000000 C[purple]
2.012884 23.421051 25.079932 0.456232 0.836372 0.303866 -0.889861 0.428808 0.155792 0.000000 -0.341475 0.939891 B 2.000000 4.000000 18.000000 C[purple]
2.235468 17.210848 42.180639 0.515189 0.805558 0.292671 -0.857077 0.484221 0.175924 0.000000 -0.341475 0.939891 B 2.000000 4.000000 18.000000 C[purple]
1.811792 11.097548 59.414899 0.609474 0.745151 0.270724 -0.792806 0.572839 0.208120 0.000000 -0.341475 0.939891 B 2.000000 4.000000 18.000000 C[purple]
-27.930762 -5.005510 77.452095 0.940420 0.319578 0.116107 -0.340016 0.883892 0.321130 0.000000 -0.341475 0.939891 B 2.000000 4.000000 18.000000 C[purple]
-28.180284 -11.399632 -77.500042 0.939816 0.321143 0.116676 -0.341681 0.883324 0.320924 0.000000 -0.341475 0.939891 B 2.000000 4.000000 18.000000 C[purple]
-27.864987 -17.940759 -60.411106 0.894388 0.420406 0.152739 -0.447292 0.840627 0.305412 0.000000 -0.341475 0.939891 B 2.000000 4.000000 18.000000 C[purple]
-27.915577 -23.892640 -43.044258 0.878452 0.449109 0.163167 -0.477831 0.825649 0.299970 -0.000000 -0.341475 0.939891 B 2.000000 4.000000 18.000000 C[purple]
-28.225016 -30.215351 -25.935232 0.854825 0.487725 0.177197 -0.518917 0.803442 0.291902 0.000000 -0.341475 0.939891 B 2.000000 4.000000 18.000000 C[purple]
-28.189087 26.241441 -8.590746 0.741438 0.630687 0.229137 -0.671021 0.696871 0.253183 0.000000 -0.341475 0.939891 B 2.000000 4.000000 18.000000 C[purple]
-27.880560 19.699590 8.786033 0.782232 0.585540 0.212735 -0.622987 0.735213 0.267113 0.000000 -0.341475 0.939891 B 2.000000 4.000000 18.000000 C[purple]
-28.016282 13.591171 26.146331 0.735582 0.636716 0.231328 -0.677436 0.691367 0.251183 0.000000 -0.341475 0.939891 B 2.000000 4.000000 18.000000 C[purple]
-27.836004 7.612650 43.181627 0.796319 0.568519 0.206551 -0.604877 0.748452 0.271923 0.000000 -0.341475 0.939891 B 2.000000 4.000000 18.000000 C[purple]
-27.963806 1.422503 60.262204 0.795081 0.570047 0.207106 -0.606503 0.747289 0.271501 0.000000 -0.341475 0.939891 B 2.000000 4.000000 18.000000 C[purple]
47.228089 14.090936 76.962431 -0.556085 0.781167 0.283809 -0.831126 -0.522659 -0.189889 -0.000000 -0.341475 0.939891 B 2.000000 4.000000 18.000000 C[purple]
46.999943 7.815636 -77.612305 -0.732436 0.639911 0.232489 -0.680836 -0.688410 -0.250109 0.000000 -0.341475 0.939891 B 2.000000 4.000000 18.000000 C[purple]
46.596238 1.641049 -60.434709 -0.677396 0.691401 0.251196 -0.735618 -0.636678 -0.231314 0.000000 -0.341475 0.939891 B 2.000000 4.000000 18.000000 C[purple]
46.558420 -4.549675 -43.444261 -0.395988 0.863060 0.313562 -0.918256 -0.372186 -0.135220 0.000000 -0.341475 0.939891 B 2.000000 4.000000 18.000000 C[purple]
46.689386 -10.938302 -26.025183 -0.402653 0.860332 0.312570 -0.915353 -0.378450 -0.137496 -0.000000 -0.341475 0.939891 B 2.000000 4.000000 18.000000 C[purple]
46.809063 -17.246329 -8.766048 -0.388801 0.865942 0.314609 -0.921322 -0.365430 -0.132766 0.000000 -0.341475 0.939891 B 2.000000 4.000000 18.000000 C[purple]
46.847629 -23.551376 8.156154 -0.613135 0.742493 0.269758 -0.789978 -0.576280 -0.209370 -0.000000 -0.341475 0.939891 B 2.000000 4.000000 18.000000 C[purple]
46.758898 -29.905390 25.310367 -0.695188 0.675619 0.245462 -0.718828 -0.653401 -0.237390 -0.000000 -0.341475 0.939891 B 2.000000 4.000000 18.000000 C[purple]
46.798588 26.036889 42.585377 -0.652457 0.712274 0.258779 -0.757826 -0.613238 -0.222798 0.000000 -0.341475 0.939891 B 2.000000 4.000000 18.000000 C[purple]
46.936350 19.991457 59.892157 -0.559928 0.778738 0.282926 -0.828541 -0.526271 -0.191202 0.000000 -0.341475 0.939891 B 2.000000 4.000000 18.000000 C[purple]
-27.025083 -17.155163 77.696151 0.861899 0.476599 0.173155 -0.507080 0.810091 0.294317 0.000000 -0.341475 0.939891 B 2.000000 4.000000 18.000000 C[purple]
-26.790414 -23.545681 -77.081556 0.669656 0.698030 0.253604 -0.742671 0.629404 0.228671 0.000000 -0.341475 0.939891 B 2.000000 4.000000 18.000000 C[purple]
-26.502170 -30.002874 -60.188853 0.712694 0.659310 0.239537 -0.701475 0.669854 0.243367 0.000000 -0.341475 0.939891 B 2.000000 4.000000 18.000000 C[purple]
-26.584139 26.187104 -43.140978 0.719271 0.652970 0.237233 -0.694729 0.676036 0.245613 -0.000000 -0.341475 0.939891 B 2.000000 4.000000 18.000000 C[purple]
-26.629733 19.863753 -25.738731 0.590504 0.758525 0.275583 -0.807035 0.555009 0.201643 0.000000 -0.341475 0.939891 B 2.000000 4.000000 18.000000 C[purple]
-26.834662 13.751358 -8.451495 0.775644 0.593231 0.215529 -0.631171 0.729021 0.264863 -0.000000 -0.341475 0.939891 B 2.000000 4.000000 18.000000 C[purple]
-26.848965 7.701189 8.665738 0.885627 0.436482 0.158580 -0.464396 0.832393 0.302420 0.000000 -0.341475 0.939891 B 2.000000 4.000000 18.000000 C[purple]
-26.478818 1.463967 25.939629 0.895112 0.419042 0.152244 -0.445842 0.841307 0.305659 -0.000000 -0.341475 0.939891 B 2.000000 4.000000 18.000000 C[purple]
-26.602309 -4.519764 43.367880 0.926398 0.353911 0.128581 -0.376545 0.870713 0.316342 0.000000 -0.341475 0.939891 B 2.000000 4.000000 18.000000 C[purple]
-26.667964 -10.910824 60.239880 0.901353 0.407052 0.147888 -0.433084 0.847174 0.307790 -0.000000 -0.341475 0.939891 B 2.000000 4.000000 18.000000 C[purple]
-24.357155 -3.726406 77.273821 0.439667 0.844173 0.306700 -0.898161 0.413239 0.150135 -0.000000 -0.341475 0.939891 B 2.000000 4.000000 18.000000 C[purple]
-24.458742 -9.896163 -77.239498 0.192927 0.922233 0.335060 -0.981213 0.181330 0.065880 -0.000000 -0.341475 0.939891 B 2.000000 4.000000 18.000000 C[purple]
-24.364917 -15.986732 -60.255055 0.339175 0.884177 0.321234 -0.940723 0.318787 0.115820 -0.000000 -0.341475 0.939891 B 2.000000 4.000000 18.000000 C[purple]
-24.154349 -22.060012 -43.182311 0.442862 0.842697 0.306163 -0.896590 0.416242 0.151226 -0.000000 -0.341475 0.939891 B 2.000000 4.000000 18.000000 C[purple]
-24.066016 -28.447436 -26.075969 0.616274 0.740194 0.268923 -0.787532 0.579230 0.210442 0.000000 -0.341475 0.939891 B 2.000000 4.000000 18.000000 C[purple]
-24.225192 28.017832 -8.750564 0.843913 0.504232 0.183195 -0.536480 0.793186 0.288176 -0.000000 -0.341475 0.939891 B 2.000000 4.000000 18.000000 C[purple]
-24.222829 21.880955 8.655459 0.633221 0.727448 0.264292 -0.773971 0.595159 0.216230 0.000000 -0.341475 0.939891 B 2.000000 4.000000 18.000000 C[purple]
-24.365312 15.635416 25.843074 0.540792 0.790595 0.287234 -0.841156 0.508286 0.184667 0.000000 -0.341475 0.939891 B 2.000000 4.000000 18.000000 C[purple]
-24.404145 9.154298 43.081476 0.351972 0.879747 0.319625 -0.936010 0.330816 0.120190 0.000000 -0.341475 0.939891 B 2.000000 4.000000 18.000000 C[purple]
-24.543980 2.793587 59.944167 0.305640 0.894914 0.325135 -0.952147 0.287268 0.104369 0.000000 -0.341475 0.939891 B 2.000000 4.000000 18.000000 C[purple]
-13.603281 25.224113 -77.957403 0.988369 -0.142934 -0.051930 0.152075 0.928959 0.337504 0.000000 -0.341475 0.939891 B 2.000000 4.000000 18.000000 C[purple]
-13.608825 19.162989 -60.599433 0.977964 0.196224 0.071291 -0.208773 0.919179 0.333951 0.000000 -0.341475 0.939891 B 2.000000 4.000000 18.000000 C[purple]
-13.395031 12.962852 -43.429690 0.978688 0.193007 0.070122 -0.205351 0.919860 0.334198 -0.000000 -0.341475 0.939891 B 2.000000 4.000000 18.000000 C[purple]
-13.534066 6.974335 -26.046067 0.989912 0.133165 0.048381 -0.141681 0.930409 0.338031 0.000000 -0.341475 0.939891 B 2.000000 4.000000 18.000000 C[purple]
-13.518285 0.959361 -8.649152 0.999636 -0.025369 -0.009217 0.026992 0.939548 0.341351 -0.000000 -0.341475 0.939891 B 2.000000 4.000000 18.000000 C[purple]
-13.615843 -5.408461 8.397882 0.963918 -0.250198 -0.090901 0.266200 0.905978 0.329154 0.000000 -0.341475 0.939891 B 2.000000 4.000000 18.000000 C[purple]
-13.576329 -11.656811 25.524356 0.986581 -0.153456 -0.055753 0.163270 0.927279 0.336893 0.000000 -0.341475 0.939891 B 2.000000 4.000000 18.000000 C[purple]
-13.617212 -17.959261 42.601290 0.964246 -0.249078 -0.090494 0.265007 0.906286 0.329266 -0.000000 -0.341475 0.939891 B 2.000000 4.000000 18.000000 C[purple]
-13.599808 -24.381035 59.865444 0.994961 -0.094235 -0.034237 0.100261 0.935155 0.339755 -0.000000 -0.341475 0.939891 B 2.000000 4.000000 18.000000 C[purple]
-13.590527 -30.581568 76.840766 0.984817 -0.163159 -0.059278 0.173593 0.925621 0.336291 0.000000 -0.341475 0.939891 B 2.000000 4.000000 18.000000 C[purple]
1.139240 -4.267024 77.183369 0.851837 -0.492321 -0.178867 0.523807 0.800634 0.290881 -0.000000 -0.341475 0.939891 B 2.000000 4.000000 18.000000 C[purple]
1.166316 -10.487513 -77.813383 0.964178 -0.249311 -0.090578 0.265256 0.906222 0.329243 0.000000 -0.341475 0.939891 B 2.000000 4.000000 18.000000 C[purple]
0.917749 -16.568212 -60.310338 0.951593 -0.288885 -0.104956 0.307360 0.894394 0.324946 -0.000000 -0.341475 0.939891 B 2.000000 4.000000 18.000000 C[purple]
0.817984 -22.509518 -43.098446 0.992771 -0.112806 -0.040984 0.120021 0.933097 0.339007 -0.000000 -0.341475 0.939891 B 2.000000 4.000000 18.000000 C[purple]
0.764183 -28.969774 -25.763206 0.996366 -0.080057 -0.029086 0.085177 0.936475 0.340234 0.000000 -0.341475 0.939891 B 2.000000 4.000000 18.000000 C[purple]
1.149246 27.004963 -8.652160 0.996910 -0.073831 -0.026824 0.078553 0.936986 0.340420 0.000000 -0.341475 0.939891 B 2.000000 4.000000 18.000000 C[purple]
1.232392 21.094237 8.758245 0.947727 -0.299902 -0.108959 0.319082 0.890760 0.323626 0.000000 -0.341475 0.939891 B 2.000000 4.000000 18.000000 C[purple]
1.356534 14.794448 25.870566 0.979737 -0.188249 -0.068393 0.200288 0.920846 0.334556 -0.000000 -0.341475 0.939891 B 2.000000 4.000000 18.000000 C[purple]
1.115189 8.293001 42.821345 0.976595 -0.202156 -0.073446 0.215085 0.917893 0.333483 -0.000000 -0.341475 0.939891 B 2.000000 4.000000 18.000000 C[purple]
1.168313 2.108321 59.846678 0.925552 -0.355861 -0.129289 0.378620 0.869918 0.316053 0.000000 -0.341475 0.939891 B 2.000000 4.000000 18.000000 C[purple]
-24.608344 16.574904 -76.826706 0.794159 0.571181 0.207518 -0.607710 0.746423 0.271186 -0.000000 -0.341475 0.939891 B 2.000000 4.000000 18.000000 C[purple]
-24.492276 10.255238 -59.913981 0.807618 0.554259 0.201370 -0.589706 0.759073 0.275782 0.000000 -0.341475 0.939891 B 2.000000 4.000000 18.000000 C[purple]
-24.737146 4.266704 -42.729018 0.638399 0.723439 0.262835 -0.769705 0.600026 0.217998 0.000000 -0.341475 0.939891 B 2.000000 4.000000 18.000000 C[purple]
-24.746100 -2.210848 -25.818992 0.744349 0.627651 0.228034 -0.667791 0.699606 0.254177 0.000000 -0.341475 0.939891 B 2.000000 4.000000 18.000000 C[purple]
-24.589052 -8.586916 -8.379936 0.621079 0.736637 0.267631 -0.783748 0.583747 0.212083 0.000000 -0.341475 0.939891 B 2.000000 4.000000 18.000000 C[purple]
-24.646981 -15.024782 8.720285 0.725025 0.647324 0.235182 -0.688723 0.681444 0.247578 -0.000000 -0.341475 0.939891 B 2.000000 4.000000 18.000000 C[purple]
-24.440533 -21.093695 25.976261 0.736418 0.635861 0.231017 -0.676527 0.692152 0.251469 0.000000 -0.341475 0.939891 B 2.000000 4.000000 18.000000 C[purple]
-24.460872 -27.156690 43.264400 0.898090 0.413375 0.150185 -0.439812 0.844106 0.306676 -0.000000 -0.341475 0.939891 B 2.000000 4.000000 18.000000 C[purple]
-24.570568 28.890118 60.539099 0.823030 0.533856 0.193957 -0.567997 0.773559 0.281045 0.000000 -0.341475 0.939891 B 2.000000 4.000000 18.000000 C[purple]
-24.538424 22.913255 77.566779 0.822473 0.534614 0.194233 -0.568805 0.773034 0.280854 0.000000 -0.341475 0.939891 B 2.000000 4.000000 18.000000 C[purple]
-49.577891 -1.139270 77.503453 0.999938 -0.010506 -0.003817 0.011178 0.939832 0.341454 -0.000000 -0.341475 0.939891 B 2.000000 4.000000 18.000000 C[purple]
-49.673396 -7.228466 -77.388903 0.942596 0.313864 0.114031 -0.333936 0.885937 0.321873 0.000000 -0.341475 0.939891 B 2.000000 4.000000 18.000000 C[purple]
-49.519525 -13.242552 -60.305004 0.966893 0.239843 0.087138 -0.255182 0.908774 0.330170 0.000000 -0.341475 0.939891 B 2.000000 4.000000 18.000000 C[purple]
-49.592913 -19.799612 -43.197012 0.999846 -0.016512 -0.005999 0.017568 0.939746 0.341423 0.000000 -0.341475 0.939891 B 2.000000 4.000000 18.000000 C[purple]
-49.964774 -26.015667 -25.890089 0.996854 -0.074497 -0.027066 0.079261 0.936934 0.340401 -0.000000 -0.341475 0.939891 B 2.000000 4.000000 18.000000 C[purple]
-49.826076 30.078026 -8.452010 0.982448 -0.175325 -0.063698 0.186537 0.923394 0.335482 0.000000 -0.341475 0.939891 B 2.000000 4.000000 18.000000 C[purple]
-49.542647 23.652463 8.726314 0.966528 -0.241139 -0.087609 0.256561 0.908431 0.330046 0.000000 -0.341475 0.939891 B 2.000000 4.000000 18.000000 C[purple]
-49.674276 17.399387 25.937046 0.886331 -0.435218 -0.158121 0.463051 0.833055 0.302660 0.000000 -0.341475 0.939891 B 2.000000 4.000000 18.000000 C[purple]
-49.690127 11.157215 43.074048 0.782115 -0.585678 -0.212785 0.623134 0.735103 0.267073 0.000000 -0.341475 0.939891 B 2.000000 4.000000 18.000000 C[purple]
-49.616463 4.881542 60.340229 0.917906 -0.372946 -0.135496 0.396797 0.862732 0.313442 -0.000000 -0.341475 0.939891 B 2.000000 4.000000 18.000000 C[purple]
-6.422417 30.231780 77.663395 0.817992 0.540653 0.196427 -0.575229 0.768823 0.279324 0.000000 -0.341475 0.939891 B 2.000000 4.000000 18.000000 C[purple]
-6.391199 23.782447 -76.857415 0.914208 0.380885 0.138381 -0.405244 0.859256 0.312180 0.000000 -0.341475 0.939891 B 2.000000 4.000000 18.000000 C[purple]
-6.485410 17.757785 -59.510428 0.986568 0.153533 0.055781 -0.163352 0.927266 0.336889 -0.000000 -0.341475 0.939891 B 2.000000 4.000000 18.000000 C[purple]
-6.750355 11.677372 -42.543667 0.992653 0.113720 0.041316 -0.120993 0.932986 0.338967 -0.000000 -0.341475 0.939891 B 2.000000 4.000000 18.000000 C[purple]
-6.628604 5.521022 -25.085977 0.994094 0.101998 0.037057 -0.108521 0.934340 0.339459 -0.000000 -0.341475 0.939891 B 2.000000 4.000000 18.000000 C[purple]
-6.803160 -0.504773 -7.990709 0.999066 0.040610 0.014754 -0.043207 0.939013 0.341157 0.000000 -0.341475 0.939891 B 2.000000 4.000000 18.000000 C[purple]
-6.801482 -7.005274 9.234333 0.990496 -0.129271 -0.046966 0.137538 0.930958 0.338230 -0.000000 -0.341475 0.939891 B 2.000000 4.000000 18.000000 C[purple]
-6.722262 -13.328326 26.234642 0.984511 0.164786 0.059869 -0.175325 0.925332 0.336186 -0.000000 -0.341475 0.939891 B 2.000000 4.000000 18.000000 C[purple]
-6.629955 -19.326796 43.227615 0.969459 0.230512 0.083748 -0.245254 0.911185 0.331046 0.000000 -0.341475 0.939891 B 2.000000 4.000000 18.000000 C[purple]
-6.637675 -25.784446 60.669176 0.880381 0.445759 0.161950 -0.474267 0.827462 0.300629 -0.000000 -0.341475 0.939891 B 2.000000 4.000000 18.000000 C[purple]
-50.094225 -12.135878 -77.390328 0.059864 0.938205 0.340863 -0.998207 0.056265 0.020442 -0.000000 -0.341475 0.939891 B 2.000000 4.000000 18.000000 C[purple]
-50.063571 -18.221084 -60.284626 -0.046242 0.938885 0.341110 -0.998930 -0.043462 -0.015790 -0.000000 -0.341475 0.939891 B 2.000000 4.000000 18.000000 C[purple]
50.098995 -24.345089 -43.338442 -0.018509 0.939730 0.341417 -0.999829 -0.017396 -0.006320 -0.000000 -0.341475 0.939891 B 2.000000 4.000000 18.000000 C[purple]
49.927337 -30.724716 -26.062188 0.168257 0.926491 0.336607 -0.985743 0.158143 0.057456 -0.000000 -0.341475 0.939891 B 2.000000 4.000000 18.000000 C[purple]
49.897635 25.564678 -8.789791 0.021739 0.939669 0.341395 -0.999764 0.020433 0.007423 0.000000 -0.341475 0.939891 B 2.000000 4.000000 18.000000 C[purple]
49.922622 19.403178 8.253086 -0.016483 0.939763 0.341429 -0.999864 -0.015492 -0.005629 0.000000 -0.341475 0.939891 B 2.000000 4.000000 18.000000 C[purple]
49.920770 13.176372 25.587915 0.305972 0.894814 0.325098 -0.952041 0.287580 0.104482 0.000000 -0.341475 0.939891 B 2.000000 4.000000 18.000000 C[purple]
49.870993 6.716754 42.966043 0.434196 0.846671 0.307607 -0.900819 0.408096 0.148267 0.000000 -0.341475 0.939891 B 2.000000 4.000000 18.000000 C[purple]
50.012530 0.375784 59.916123 0.172841 0.925745 0.336336 -0.984950 0.162452 0.059021 -0.000000 -0.341475 0.939891 B 2.000000 4.000000 18.000000 C[purple]
-50.190883 -6.042436 77.173371 0.084315 0.936544 0.340259 -0.996439 0.079247 0.028791 -0.000000 -0.341475 0.939891 B 2.000000 4.000000 18.000000 C[purple]
-45.960870 23.969754 -77.407050 0.890590 -0.427468 -0.155305 0.454807 0.837058 0.304115 -0.000000 -0.341475 0.939891 B 2.000000 4.000000 18.000000 C[purple]
-45.755369 17.787731 -60.370344 0.930598 -0.344039 -0.124994 0.366042 0.874661 0.317776 0.000000 -0.341475 0.939891 B 2.000000 4.000000 18.000000 C[purple]
-45.863827 11.659080 -43.183704 0.884233 -0.438972 -0.159485 0.467046 0.831083 0.301944 0.000000 -0.341475 0.939891 B 2.000000 4.000000 18.000000 C[purple]
-45.707513 5.708110 -25.810416 0.979265 -0.190405 -0.069177 0.202582 0.920402 0.334395 0.000000 -0.341475 0.939891 B 2.000000 4.000000 18.000000 C[purple]
-45.807520 -0.387244 -8.373597 0.986257 -0.155285 -0.056417 0.165216 0.926974 0.336783 -0.000000 -0.341475 0.939891 B 2.000000 4.000000 18.000000 C[purple]
-46.043187 -6.707722 8.667147 0.951691 -0.288601 -0.104853 0.307058 0.894485 0.324979 0.000000 -0.341475 0.939891 B 2.000000 4.000000 18.000000 C[purple]
-46.023496 -12.961974 25.745963 0.988317 -0.143250 -0.052045 0.152411 0.928910 0.337486 0.000000 -0.341475 0.939891 B 2.000000 4.000000 18.000000 C[purple]
-46.249739 -19.480909 43.159148 0.993105 -0.110178 -0.040029 0.117224 0.933411 0.339121 -0.000000 -0.341475 0.939891 B 2.000000 4.000000 18.000000 C[purple]
-46.099531 -26.072290 60.344237 0.997595 0.065143 0.023667 -0.069309 0.937631 0.340654 0.000000 -0.341475 0.939891 B 2.000000 4.000000 18.000000 C[purple]
-45.990186 30.128646 77.567215 0.974683 -0.210153 -0.076351 0.223593 0.916095 0.332830 -0.000000 -0.341475 0.939891 B 2.000000 4.000000 18.000000 C[purple]
-34.155148 27.909818 77.573131 0.977127 0.199875 0.072617 -0.212658 0.918392 0.333665 -0.000000 -0.341475 0.939891 B 2.000000 4.000000 18.000000 C[purple]
-34.268019 21.489062 -77.106224 0.986987 0.151134 0.054909 -0.160799 0.927660 0.337032 -0.000000 -0.341475 0.939891 B 2.000000 4.000000 18.000000 C[purple]
-34.100367 14.956060 -59.859227 0.898498 0.412590 0.149900 -0.438977 0.844490 0.306815 0.000000 -0.341475 0.939891 B 2.000000 4.000000 18.000000 C[purple]
-33.985087 8.925423 -42.460307 0.929812 0.345913 0.125675 -0.368035 0.873921 0.317508 0.000000 -0.341475 0.939891 B 2.000000 4.000000 18.000000 C[purple]
-34.075825 2.769880 -25.268827 0.866298 0.469502 0.170577 -0.499528 0.814225 0.295819 -0.000000 -0.341475 0.939891 B 2.000000 4.000000 18.000000 C[purple]
-33.732845 -3.454762 -8.215939 0.902268 0.405258 0.147236 -0.431176 0.848033 0.308102 0.000000 -0.341475 0.939891 B 2.000000 4.000000 18.000000 C[purple]
-33.736146 -9.821420 8.675045 0.988786 0.140365 0.050997 -0.149342 0.929350 0.337646 -0.000000 -0.341475 0.939891 B 2.000000 4.000000 18.000000 C[purple]
-33.602328 -15.842834 25.883242 0.991757 -0.120428 -0.043753 0.128129 0.932144 0.338661 -0.000000 -0.341475 0.939891 B 2.000000 4.000000 18.000000 C[purple]
-33.727573 -22.278948 43.012501 0.999549 -0.028228 -0.010256 0.030033 0.939467 0.341321 -0.000000 -0.341475 0.939891 B 2.000000 4.000000 18.000000 C[purple]
-33.778031 -28.286471 60.560072 0.990332 0.130378 0.047368 -0.138716 0.930804 0.338174 -0.000000 -0.341475 0.939891 B 2.000000 4.000000 18.000000 C[purple]
-8.465256 9.859017 -77.961531 0.585911 0.761664 0.276723 -0.810375 0.550693 0.200074 -0.000000 -0.341475 0.939891 B 2.000000 4.000000 18.000000 C[purple]
-8.284774 3.581875 -61.078005 0.469071 0.830074 0.301578 -0.883160 0.440876 0.160176 0.000000 -0.341475 0.939891 B 2.000000 4.000000 18.000000 C[purple]
-8.252615 -2.518769 -43.955171 0.222616 0.916305 0.332907 -0.974906 0.209235 0.076018 0.000000 -0.341475 0.939891 B 2.000000 4.000000 18.000000 C[purple]
-8.384161 -8.861471 -26.563701 0.426531 0.850106 0.308855 -0.904473 0.400893 0.145650 -0.000000 -0.341475 0.939891 B 2.000000 4.000000 18.000000 C[purple]
-8.244718 -15.072993 -9.208567 0.296985 0.897485 0.326069 -0.954882 0.279134 0.101413 0.000000 -0.341475 0.939891 B 2.000000 4.000000 18.000000 C[purple]
-8.210115 -21.368248 7.936520 0.584045 0.762929 0.277183 -0.811721 0.548938 0.199437 -0.000000 -0.341475 0.939891 B 2.000000 4.000000 18.000000 C[purple]
-8.144322 -27.888360 24.739180 0.602002 0.750498 0.272666 -0.798495 0.565816 0.205569 -0.000000 -0.341475 0.939891 B 2.000000 4.000000 18.000000 C[purple]
-8.327213 28.692778 42.123414 0.693407 0.677235 0.246049 -0.720546 0.651727 0.236781 -0.000000 -0.341475 0.939891 B 2.000000 4.000000 18.000000 C[purple]
-8.332389 22.279384 59.497355 0.618123 0.738831 0.268428 -0.786082 0.580968 0.211074 0.000000 -0.341475 0.939891 B 2.000000 4.000000 18.000000 C[purple]
-8.429448 15.732038 76.701209 0.497792 0.815164 0.296160 -0.867297 0.467870 0.169984 -0.000000 -0.341475 0.939891 B 2.000000 4.000000 18.000000 C[purple]
-13.412423 -1.214143 -77.126230 0.647415 -0.716326 -0.260251 0.762138 0.608499 0.221076 0.000000 -0.341475 0.939891 B 2.000000 4.000000 18.000000 C[purple]
-13.365619 -7.118557 -59.751936 0.667944 -0.699477 -0.254130 0.744211 0.627795 0.228087 0.000000 -0.341475 0.939891 B 2.000000 4.000000 18.000000 C[purple]
-13.639016 -13.226750 -42.227401 0.667632 -0.699740 -0.254225 0.744491 0.627501 0.227980 -0.000000 -0.341475 0.939891 B 2.000000 4.000000 18.000000 C[purple]
-13.675671 -19.345677 -24.962345 0.855577 -0.486558 -0.176773 0.517675 0.804149 0.292159 -0.000000 -0.341475 0.939891 B 2.000000 4.000000 18.000000 C[purple]
-13.711091 -25.921810 -7.984049 0.845097 -0.502478 -0.182557 0.534614 0.794298 0.288580 0.000000 -0.341475 0.939891 B 2.000000 4.000000 18.000000 C[purple]
-13.711006 29.910850 9.113450 0.873067 -0.458291 -0.166504 0.487601 0.820587 0.298131 0.000000 -0.341475 0.939891 B 2.000000 4.000000 18.000000 C[purple]
-13.641480 23.982485 26.374671 0.863102 -0.474673 -0.172455 0.505030 0.811221 0.294728 0.000000 -0.341475 0.939891 B 2.000000 4.000000 18.000000 C[purple]
-13.828347 17.417564 43.444639 0.895361 -0.418572 -0.152073 0.445342 0.841541 0.305744 0.000000 -0.341475 0.939891 B 2.000000 4.000000 18.000000 C[purple]
-13.843101 11.125006 60.692585 0.717751 -0.654446 -0.237769 0.696300 0.674608 0.245094 0.000000 -0.341475 0.939891 B 2.000000 4.000000 18.000000 C[purple]
-13.672810 5.122665 77.675027 0.545194 -0.787920 -0.286262 0.838310 0.512423 0.186170 -0.000000 -0.341475 0.939891 B 2.000000 4.000000 18.000000 C[purple]
16.393047 -7.794178 77.386405 -0.704789 -0.666774 -0.242248 0.709417 -0.662425 -0.240668 -0.000000 -0.341475 0.939891 B 2.000000 4.000000 18.000000 C[purple]
16.515200 -14.179413 -77.415307 -0.759677 -0.611212 -0.222062 0.650301 -0.714013 -0.259411 0.000000 -0.341475 0.939891 B 2.000000 4.000000 18.000000 C[purple]
16.598670 -20.056398 -60.001807 -0.721795 -0.650504 -0.236337 0.692106 -0.678409 -0.246475 -0.000000 -0.341475 0.939891 B 2.000000 4.000000 18.000000 C[purple]
16.848922 -26.430572 -42.943367 -0.484556 -0.822179 -0.298709 0.874760 -0.455430 -0.165464 0.000000 -0.341475 0.939891 B 2.000000 4.000000 18.000000 C[purple]
17.153929 29.809001 -25.793510 -0.499168 -0.814420 -0.295890 0.866505 -0.469163 -0.170453 -0.000000 -0.341475 0.939891 B 2.000000 4.000000 18.000000 C[purple]
16.721038 23.546220 -8.426152 -0.541725 -0.790031 -0.287029 0.840556 -0.509162 -0.184986 0.000000 -0.341475 0.939891 B 2.000000 4.000000 18.000000 C[purple]
16.841375 17.421322 8.525824 -0.302033 -0.895995 -0.325528 0.953297 -0.283878 -0.103137 -0.000000 -0.341475 0.939891 B 2.000000 4.000000 18.000000 C[purple]
16.570447 11.054809 25.695992 -0.309107 -0.893862 -0.324752 0.951027 -0.290527 -0.105553 0.000000 -0.341475 0.939891 B 2.000000 4.000000 18.000000 C[purple]
