0.378350 -17.502122 -77.401355 0.416553 -0.854466 -0.310439 0.909112 0.391514 0.142242 -0.000000 -0.341475 0.939891 B 2.000000 4.000000 18.000000 C[purple]
0.370539 -24.042729 -60.333640 0.505962 -0.810708 -0.294542 0.862556 0.475549 0.172773 -0.000000 -0.341475 0.939891 B 2.000000 4.000000 18.000000 C[purple]
0.508487 -30.209223 -42.955783 0.465892 -0.831654 -0.302152 0.884842 0.437888 0.159091 0.000000 -0.341475 0.939891 B 2.000000 4.000000 18.000000 C[purple]
0.494709 25.869818 -25.524267 0.220256 -0.916809 -0.333089 0.975442 0.207016 0.075212 0.000000 -0.341475 0.939891 B 2.000000 4.000000 18.000000 C[purple]
0.482516 19.594279 -8.569939 0.461016 -0.834051 -0.303022 0.887392 0.433305 0.157426 0.000000 -0.341475 0.939891 B 2.000000 4.000000 18.000000 C[purple]
0.570187 13.516649 8.717123 0.456405 -0.836289 -0.303835 0.889772 0.428971 0.155851 -0.000000 -0.341475 0.939891 B 2.000000 4.000000 18.000000 C[purple]
0.457787 7.390158 26.018936 0.552406 -0.783470 -0.284645 0.833575 0.519201 0.188633 0.000000 -0.341475 0.939891 B 2.000000 4.000000 18.000000 C[purple]
0.836973 1.216934 43.224640 0.388454 -0.866079 -0.314659 0.921468 0.365105 0.132648 0.000000 -0.341475 0.939891 B 2.000000 4.000000 18.000000 C[purple]
0.854410 -4.749176 60.413801 0.233416 -0.913928 -0.332043 0.972377 0.219386 0.079706 0.000000 -0.341475 0.939891 B 2.000000 4.000000 18.000000 C[purple]
0.587739 -11.069361 77.394900 0.286949 -0.900365 -0.327115 0.957946 0.269700 0.097986 -0.000000 -0.341475 0.939891 B 2.000000 4.000000 18.000000 C[purple]
18.636050 29.842776 77.589711 0.877005 -0.451600 -0.164073 0.480481 0.824289 0.299476 0.000000 -0.341475 0.939891 B 2.000000 4.000000 18.000000 C[purple]
18.560930 23.358215 -77.563175 0.929535 -0.346570 -0.125914 0.368735 0.873661 0.317413 0.000000 -0.341475 0.939891 B 2.000000 4.000000 18.000000 C[purple]
18.691343 17.152158 -60.146419 0.925945 -0.354957 -0.128961 0.377657 0.870288 0.316188 0.000000 -0.341475 0.939891 B 2.000000 4.000000 18.000000 C[purple]
18.657048 10.874411 -43.098235 0.695409 -0.675419 -0.245389 0.718614 0.653608 0.237465 0.000000 -0.341475 0.939891 B 2.000000 4.000000 18.000000 C[purple]
18.609410 4.563905 -25.913638 0.841759 -0.507404 -0.184347 0.539854 0.791161 0.287440 -0.000000 -0.341475 0.939891 B 2.000000 4.000000 18.000000 C[purple]
18.543988 -1.585440 -8.806107 0.797606 -0.566922 -0.205971 0.603179 0.749663 0.272363 0.000000 -0.341475 0.939891 B 2.000000 4.000000 18.000000 C[purple]
18.534787 -8.161040 8.437403 0.695887 -0.674983 -0.245231 0.718151 0.654058 0.237628 -0.000000 -0.341475 0.939891 B 2.000000 4.000000 18.000000 C[purple]
18.823712 -14.512324 25.631204 0.749654 -0.622048 -0.225999 0.661830 0.704593 0.255988 0.000000 -0.341475 0.939891 B 2.000000 4.000000 18.000000 C[purple]
18.676170 -20.569601 43.005485 0.841361 -0.507986 -0.184558 0.540473 0.790788 0.287304 -0.000000 -0.341475 0.939891 B 2.000000 4.000000 18.000000 C[purple]
18.483742 -26.406509 60.146700 0.821387 -0.536087 -0.194768 0.570371 0.772014 0.280483 0.000000 -0.341475 0.939891 B 2.000000 4.000000 18.000000 C[purple]
23.021475 23.821185 -77.534529 0.280039 0.902284 0.327812 -0.959989 0.263206 0.095627 0.000000 -0.341475 0.939891 B 2.000000 4.000000 18.000000 C[purple]
23.052918 17.774095 -60.267953 0.506917 0.810181 0.294350 -0.861995 0.476447 0.173100 -0.000000 -0.341475 0.939891 B 2.000000 4.000000 18.000000 C[purple]
23.001180 11.647025 -42.942605 0.373198 0.871985 0.316804 -0.927752 0.350765 0.127438 0.000000 -0.341475 0.939891 B 2.000000 4.000000 18.000000 C[purple]
22.823952 5.495181 -25.434655 0.230851 0.914503 0.332252 -0.972989 0.216975 0.078830 0.000000 -0.341475 0.939891 B 2.000000 4.000000 18.000000 C[purple]
22.826334 -0.587710 -8.396683 0.479214 0.824940 0.299712 -0.877698 0.450408 0.163640 0.000000 -0.341475 0.939891 B 2.000000 4.000000 18.000000 C[purple]
22.987803 -6.937983 8.725124 0.410914 0.856874 0.311314 -0.911674 0.386215 0.140317 0.000000 -0.341475 0.939891 B 2.000000 4.000000 18.000000 C[purple]
22.957652 -13.159370 25.686823 0.371850 0.872494 0.316989 -0.928293 0.349498 0.126978 -0.000000 -0.341475 0.939891 B 2.000000 4.000000 18.000000 C[purple]
22.951403 -19.411289 43.076035 0.570224 0.772110 0.280518 -0.821489 0.535948 0.194718 0.000000 -0.341475 0.939891 B 2.000000 4.000000 18.000000 C[purple]
23.266985 -25.832551 60.326233 0.456937 0.836032 0.303742 -0.889499 0.429470 0.156033 0.000000 -0.341475 0.939891 B 2.000000 4.000000 18.000000 C[purple]
23.033295 30.141823 77.582500 0.414280 0.855441 0.310794 -0.910150 0.389378 0.141466 -0.000000 -0.341475 0.939891 B 2.000000 4.000000 18.000000 C[purple]
-16.140987 9.149345 -76.801319 0.991004 -0.125789 -0.045701 0.133833 0.931435 0.338403 0.000000 -0.341475 0.939891 B 2.000000 4.000000 18.000000 C[purple]
-15.965394 3.183065 -59.775465 0.997942 0.060265 0.021895 -0.064119 0.937957 0.340773 0.000000 -0.341475 0.939891 B 2.000000 4.000000 18.000000 C[purple]
-16.013214 -3.285668 -42.343091 0.991020 0.125674 0.045659 -0.133711 0.931451 0.338409 0.000000 -0.341475 0.939891 B 2.000000 4.000000 18.000000 C[purple]
-15.939880 -9.310350 -25.111221 0.979348 -0.190028 -0.069040 0.202181 0.920480 0.334423 0.000000 -0.341475 0.939891 B 2.000000 4.000000 18.000000 C[purple]
-15.899026 -15.558976 -7.784257 0.987678 -0.147095 -0.053442 0.156502 0.928309 0.337268 -0.000000 -0.341475 0.939891 B 2.000000 4.000000 18.000000 C[purple]
-15.957700 -21.882506 9.213705 0.912641 -0.384191 -0.139582 0.408761 0.857783 0.311645 0.000000 -0.341475 0.939891 B 2.000000 4.000000 18.000000 C[purple]
-15.832105 -28.076323 26.345340 0.869783 -0.463774 -0.168496 0.493434 0.817501 0.297010 0.000000 -0.341475 0.939891 B 2.000000 4.000000 18.000000 C[purple]
-15.975009 27.999596 43.564431 0.959746 -0.263986 -0.095910 0.280869 0.902056 0.327730 0.000000 -0.341475 0.939891 B 2.000000 4.000000 18.000000 C[purple]
-16.136588 21.409641 60.584166 0.976404 -0.202972 -0.073742 0.215952 0.917713 0.333418 0.000000 -0.341475 0.939891 B 2.000000 4.000000 18.000000 C[purple]
-16.483286 15.268058 77.879139 0.967422 -0.237950 -0.086451 0.253168 0.909271 0.330351 0.000000 -0.341475 0.939891 B 2.000000 4.000000 18.000000 C[purple]
24.846500 0.865065 -77.779211 -0.113197 0.933850 0.339281 -0.993573 -0.106393 -0.038654 0.000000 -0.341475 0.939891 B 2.000000 4.000000 18.000000 C[purple]
24.710678 -5.348375 -60.815073 -0.037630 0.939225 0.341234 -0.999292 -0.035368 -0.012850 -0.000000 -0.341475 0.939891 B 2.000000 4.000000 18.000000 C[purple]
24.523011 -11.823419 -43.412200 -0.006116 0.939873 0.341469 -0.999981 -0.005748 -0.002088 0.000000 -0.341475 0.939891 B 2.000000 4.000000 18.000000 C[purple]
24.450496 -18.479918 -26.222340 -0.059698 0.938214 0.340866 -0.998217 -0.056109 -0.020385 -0.000000 -0.341475 0.939891 B 2.000000 4.000000 18.000000 C[purple]
24.211316 -24.972054 -9.051155 -0.274243 0.903856 0.328383 -0.961661 -0.257758 -0.093647 0.000000 -0.341475 0.939891 B 2.000000 4.000000 18.000000 C[purple]
24.497117 -30.946989 8.330679 -0.296546 0.897613 0.326115 -0.955019 -0.278721 -0.101263 -0.000000 -0.341475 0.939891 B 2.000000 4.000000 18.000000 C[purple]
24.533275 25.240669 25.651376 -0.000594 0.939891 0.341475 -1.000000 -0.000558 -0.000203 0.000000 -0.341475 0.939891 B 2.000000 4.000000 18.000000 C[purple]
24.675118 19.265213 42.749535 -0.222072 0.916422 0.332949 -0.975030 -0.208724 -0.075832 -0.000000 -0.341475 0.939891 B 2.000000 4.000000 18.000000 C[purple]
24.646187 13.190579 59.924919 -0.271974 0.904461 0.328603 -0.962304 -0.255626 -0.092873 0.000000 -0.341475 0.939891 B 2.000000 4.000000 18.000000 C[purple]
24.785645 7.031962 77.241708 -0.203933 0.920139 0.334299 -0.978985 -0.191674 -0.069638 -0.000000 -0.341475 0.939891 B 2.000000 4.000000 18.000000 C[purple]
2.401280 6.711810 -77.275722 0.510669 0.808097 0.293593 -0.859777 0.479973 0.174381 0.000000 -0.341475 0.939891 B 2.000000 4.000000 18.000000 C[purple]
2.738151 0.232378 -59.986727 0.324635 0.888985 0.322981 -0.945839 0.305122 0.110855 0.000000 -0.341475 0.939891 B 2.000000 4.000000 18.000000 C[purple]
2.839992 -5.783944 -42.456206 0.311006 0.893279 0.324541 -0.950408 0.292312 0.106201 0.000000 -0.341475 0.939891 B 2.000000 4.000000 18.000000 C[purple]
2.473316 -12.122530 -25.267113 0.415552 0.854896 0.310596 -0.909569 0.390573 0.141901 -0.000000 -0.341475 0.939891 B 2.000000 4.000000 18.000000 C[purple]
2.078660 -18.389451 -8.293513 0.479507 0.824790 0.299658 -0.877538 0.450684 0.163740 0.000000 -0.341475 0.939891 B 2.000000 4.000000 18.000000 C[purple]
2.145559 -24.555679 8.668688 0.694559 0.676191 0.245670 -0.719436 0.652809 0.237175 -0.000000 -0.341475 0.939891 B 2.000000 4.000000 18.000000 C[purple]
2.464428 -30.854861 26.087074 0.602607 0.750068 0.272510 -0.798038 0.566385 0.205776 -0.000000 -0.341475 0.939891 B 2.000000 4.000000 18.000000 C[purple]
2.385522 25.463599 43.118038 0.477795 0.825667 0.299976 -0.878471 0.449075 0.163155 0.000000 -0.341475 0.939891 B 2.000000 4.000000 18.000000 C[purple]
2.009252 19.439855 60.148329 0.479554 0.824766 0.299649 -0.877513 0.450728 0.163756 -0.000000 -0.341475 0.939891 B 2.000000 4.000000 18.000000 C[purple]
2.184065 13.306993 77.568943 0.635528 0.725669 0.263646 -0.772078 0.597327 0.217017 0.000000 -0.341475 0.939891 B 2.000000 4.000000 18.000000 C[purple]
-42.851486 -30.160434 -76.877351 0.229764 -0.914745 -0.332340 0.973246 0.215953 0.078459 0.000000 -0.341475 0.939891 B 2.000000 4.000000 18.000000 C[purple]
-43.148451 25.955326 -59.629296 0.059641 -0.938218 -0.340868 0.998220 0.056056 0.020366 0.000000 -0.341475 0.939891 B 2.000000 4.000000 18.000000 C[purple]
-43.102436 19.692700 -42.532293 0.251925 -0.909576 -0.330462 0.967747 0.236782 0.086026 0.000000 -0.341475 0.939891 B 2.000000 4.000000 18.000000 C[purple]
-43.019605 13.475048 -25.546060 0.581457 -0.764674 -0.277817 0.813577 0.546506 0.198553 0.000000 -0.341475 0.939891 B 2.000000 4.000000 18.000000 C[purple]
-42.673123 7.266581 -8.428082 0.430608 -0.848288 -0.308195 0.902539 0.404724 0.147042 -0.000000 -0.341475 0.939891 B 2.000000 4.000000 18.000000 C[purple]
-42.916222 1.131742 8.495884 0.206081 -0.919716 -0.334146 0.978535 0.193694 0.070372 0.000000 -0.341475 0.939891 B 2.000000 4.000000 18.000000 C[purple]
-42.918647 -5.136468 25.673069 0.062610 -0.938047 -0.340805 0.998038 0.058846 0.021380 0.000000 -0.341475 0.939891 B 2.000000 4.000000 18.000000 C[purple]
-42.944085 -11.431698 42.733358 0.430525 -0.848325 -0.308208 0.902579 0.404647 0.147014 -0.000000 -0.341475 0.939891 B 2.000000 4.000000 18.000000 C[purple]
-42.847689 -17.564785 60.251823 0.236695 -0.913183 -0.331772 0.971584 0.222467 0.080826 -0.000000 -0.341475 0.939891 B 2.000000 4.000000 18.000000 C[purple]
-42.587841 -23.836442 77.716868 0.400710 -0.861132 -0.312861 0.916205 0.376624 0.136833 -0.000000 -0.341475 0.939891 B 2.000000 4.000000 18.000000 C[purple]
38.943413 -4.835487 77.364224 0.999729 -0.021896 -0.007955 0.023297 0.939636 0.341383 -0.000000 -0.341475 0.939891 B 2.000000 4.000000 18.000000 C[purple]
39.136198 -11.110636 -77.544806 0.985152 -0.161365 -0.058626 0.171685 0.925935 0.336405 0.000000 -0.341475 0.939891 B 2.000000 4.000000 18.000000 C[purple]
39.055864 -17.422772 -60.241096 0.981856 0.178230 0.064753 -0.189628 0.922837 0.335280 -0.000000 -0.341475 0.939891 B 2.000000 4.000000 18.000000 C[purple]
38.870344 -23.980347 -42.960581 0.982130 0.176893 0.064268 -0.188206 0.923094 0.335373 -0.000000 -0.341475 0.939891 B 2.000000 4.000000 18.000000 C[purple]
39.060763 -30.472218 -26.130415 0.983763 0.168684 0.061285 -0.179472 0.924630 0.335931 0.000000 -0.341475 0.939891 B 2.000000 4.000000 18.000000 C[purple]
39.195881 25.847625 -8.841802 0.999782 -0.019639 -0.007135 0.020895 0.939686 0.341401 0.000000 -0.341475 0.939891 B 2.000000 4.000000 18.000000 C[purple]
38.867790 19.604420 8.478936 0.990702 0.127869 0.046457 -0.136047 0.931152 0.338301 -0.000000 -0.341475 0.939891 B 2.000000 4.000000 18.000000 C[purple]
38.781406 13.423962 25.959270 0.999996 0.002747 0.000998 -0.002923 0.939887 0.341474 0.000000 -0.341475 0.939891 B 2.000000 4.000000 18.000000 C[purple]
38.802393 7.641005 43.035116 0.998532 0.050906 0.018495 -0.054161 0.938511 0.340974 -0.000000 -0.341475 0.939891 B 2.000000 4.000000 18.000000 C[purple]
38.710400 1.451625 60.467676 0.999438 0.031511 0.011448 -0.033526 0.939362 0.341283 -0.000000 -0.341475 0.939891 B 2.000000 4.000000 18.000000 C[purple]
-7.905421 -5.407641 77.183916 -0.561671 0.777628 0.282523 -0.827360 -0.527910 -0.191797 0.000000 -0.341475 0.939891 B 2.000000 4.000000 18.000000 C[purple]
-7.626012 -11.833836 -77.730400 -0.640560 0.721750 0.262222 -0.767909 -0.602056 -0.218735 0.000000 -0.341475 0.939891 B 2.000000 4.000000 18.000000 C[purple]
-7.384464 -17.973971 -60.345103 -0.729938 0.642428 0.233403 -0.683513 -0.686062 -0.249256 0.000000 -0.341475 0.939891 B 2.000000 4.000000 18.000000 C[purple]
-7.814903 -24.168140 -43.180062 -0.767062 0.603009 0.219081 -0.641573 -0.720954 -0.261933 -0.000000 -0.341475 0.939891 B 2.000000 4.000000 18.000000 C[purple]
-8.034023 -30.270082 -25.985431 -0.878749 0.448595 0.162981 -0.477284 -0.825928 -0.300071 0.000000 -0.341475 0.939891 B 2.000000 4.000000 18.000000 C[purple]
-8.269734 25.953909 -8.727019 -0.863981 0.473258 0.171941 -0.503524 -0.812048 -0.295028 0.000000 -0.341475 0.939891 B 2.000000 4.000000 18.000000 C[purple]
-8.165629 19.747700 8.589532 -0.685769 0.684071 0.248532 -0.727820 -0.644548 -0.234173 0.000000 -0.341475 0.939891 B 2.000000 4.000000 18.000000 C[purple]
-8.280996 13.274582 25.810739 -0.449239 0.839709 0.305078 -0.893412 -0.422236 -0.153404 0.000000 -0.341475 0.939891 B 2.000000 4.000000 18.000000 C[purple]
-8.136613 7.197697 42.923838 -0.325136 0.888824 0.322922 -0.945667 -0.305593 -0.111026 0.000000 -0.341475 0.939891 B 2.000000 4.000000 18.000000 C[purple]
-8.228114 0.823662 60.253684 -0.492160 0.818180 0.297256 -0.870505 -0.462576 -0.168060 0.000000 -0.341475 0.939891 B 2.000000 4.000000 18.000000 C[purple]
-23.501901 -25.660022 77.557108 0.787319 0.579486 0.210535 -0.616546 0.739994 0.268850 -0.000000 -0.341475 0.939891 B 2.000000 4.000000 18.000000 C[purple]
-23.155494 30.335593 -77.356363 0.853684 0.489487 0.177838 -0.520792 0.802369 0.291512 0.000000 -0.341475 0.939891 B 2.000000 4.000000 18.000000 C[purple]
-23.436539 24.469540 -60.185387 0.867976 0.466755 0.169579 -0.496606 0.815803 0.296393 0.000000 -0.341475 0.939891 B 2.000000 4.000000 18.000000 C[purple]
-23.245497 17.944041 -43.149012 0.873300 0.457898 0.166361 -0.487182 0.820807 0.298211 0.000000 -0.341475 0.939891 B 2.000000 4.000000 18.000000 C[purple]
-23.455224 11.721879 -26.176968 0.776784 0.591912 0.215050 -0.629767 0.730092 0.265253 -0.000000 -0.341475 0.939891 B 2.000000 4.000000 18.000000 C[purple]
-23.366715 5.593350 -9.118677 0.665525 0.701511 0.254869 -0.746375 0.625521 0.227261 0.000000 -0.341475 0.939891 B 2.000000 4.000000 18.000000 C[purple]
-23.156055 -0.525076 8.280213 0.615084 0.741068 0.269240 -0.788462 0.578111 0.210036 0.000000 -0.341475 0.939891 B 2.000000 4.000000 18.000000 C[purple]
-23.294561 -6.791058 25.706559 0.606605 0.747216 0.271474 -0.795003 0.570143 0.207141 -0.000000 -0.341475 0.939891 B 2.000000 4.000000 18.000000 C[purple]
-23.110439 -13.146316 42.702671 0.836534 0.514980 0.187099 -0.547915 0.786251 0.285656 -0.000000 -0.341475 0.939891 B 2.000000 4.000000 18.000000 C[purple]
-23.251945 -19.542038 60.204549 0.750163 0.621506 0.225802 -0.661253 0.705071 0.256162 0.000000 -0.341475 0.939891 B 2.000000 4.000000 18.000000 C[purple]
1.680533 25.133015 77.133867 0.989218 0.137648 0.050010 -0.146452 0.929757 0.337794 -0.000000 -0.341475 0.939891 B 2.000000 4.000000 18.000000 C[purple]
1.495483 18.953088 -77.437618 0.995736 0.086702 0.031500 -0.092247 0.935883 0.340019 -0.000000 -0.341475 0.939891 B 2.000000 4.000000 18.000000 C[purple]
1.471129 12.931101 -59.889475 0.994497 0.098470 0.035776 -0.104768 0.934718 0.339596 -0.000000 -0.341475 0.939891 B 2.000000 4.000000 18.000000 C[purple]
1.442023 6.969785 -42.859518 0.983951 -0.167712 -0.060932 0.178437 0.924807 0.335995 0.000000 -0.341475 0.939891 B 2.000000 4.000000 18.000000 C[purple]
1.460206 0.617341 -25.828149 0.887566 -0.432989 -0.157311 0.460680 0.834215 0.303082 -0.000000 -0.341475 0.939891 B 2.000000 4.000000 18.000000 C[purple]
1.316583 -5.559637 -8.778409 0.944695 -0.308238 -0.111987 0.327951 0.887910 0.322590 -0.000000 -0.341475 0.939891 B 2.000000 4.000000 18.000000 C[purple]
1.346329 -11.976596 8.345589 0.981080 -0.181964 -0.066110 0.193602 0.922108 0.335015 -0.000000 -0.341475 0.939891 B 2.000000 4.000000 18.000000 C[purple]
1.536660 -18.311256 25.321877 0.997129 -0.071175 -0.025859 0.075727 0.937192 0.340495 0.000000 -0.341475 0.939891 B 2.000000 4.000000 18.000000 C[purple]
1.515226 -24.533166 42.613470 0.945237 0.306766 0.111452 -0.326384 0.888420 0.322775 -0.000000 -0.341475 0.939891 B 2.000000 4.000000 18.000000 C[purple]
1.503166 -31.097307 59.772081 0.996206 0.081790 0.029716 -0.087021 0.936325 0.340180 -0.000000 -0.341475 0.939891 B 2.000000 4.000000 18.000000 C[purple]
-45.103036 -26.783536 -77.713243 -0.946973 0.301999 0.109720 -0.321312 -0.890051 -0.323368 0.000000 -0.341475 0.939891 B 2.000000 4.000000 18.000000 C[purple]
-45.111103 29.708712 -60.344208 -0.839900 0.510118 0.185333 -0.542741 -0.789414 -0.286805 0.000000 -0.341475 0.939891 B 2.000000 4.000000 18.000000 C[purple]
-44.999987 23.469711 -43.422952 -0.694710 0.676054 0.245620 -0.719290 -0.652952 -0.237226 -0.000000 -0.341475 0.939891 B 2.000000 4.000000 18.000000 C[purple]
-44.857266 17.184128 -26.025982 -0.743603 0.628431 0.228318 -0.668621 -0.698906 -0.253922 0.000000 -0.341475 0.939891 B 2.000000 4.000000 18.000000 C[purple]
-44.811980 10.904645 -8.676869 -0.896764 0.415910 0.151106 -0.442509 -0.842860 -0.306223 -0.000000 -0.341475 0.939891 B 2.000000 4.000000 18.000000 C[purple]
-44.981829 4.540429 8.377651 -0.812169 0.548353 0.199224 -0.583422 -0.763350 -0.277336 -0.000000 -0.341475 0.939891 B 2.000000 4.000000 18.000000 C[purple]
-44.825294 -1.405406 25.650595 -0.634371 0.726563 0.263970 -0.773029 -0.596239 -0.216622 0.000000 -0.341475 0.939891 B 2.000000 4.000000 18.000000 C[purple]
-44.915980 -7.631500 43.192801 -0.789956 0.576307 0.209380 -0.613164 -0.742472 -0.269750 0.000000 -0.341475 0.939891 B 2.000000 4.000000 18.000000 C[purple]
-44.968189 -14.227758 60.477585 -0.904805 0.400230 0.145409 -0.425826 -0.850418 -0.308969 -0.000000 -0.341475 0.939891 B 2.000000 4.000000 18.000000 C[purple]
-44.943361 -20.380360 77.402339 -0.983289 0.171108 0.062166 -0.182051 -0.924184 -0.335769 -0.000000 -0.341475 0.939891 B 2.000000 4.000000 18.000000 C[purple]
-33.530084 24.974610 77.375662 0.952289 0.286853 0.104218 -0.305198 0.895047 0.325183 -0.000000 -0.341475 0.939891 B 2.000000 4.000000 18.000000 C[purple]
-33.435447 18.753537 -77.455520 0.930674 0.343859 0.124929 -0.365850 0.874732 0.317802 -0.000000 -0.341475 0.939891 B 2.000000 4.000000 18.000000 C[purple]
-33.510178 12.176070 -60.358947 0.921985 0.363950 0.132228 -0.387226 0.866565 0.314835 0.000000 -0.341475 0.939891 B 2.000000 4.000000 18.000000 C[purple]
-33.485623 5.787553 -43.047082 0.998036 0.058876 0.021391 -0.062642 0.938045 0.340805 -0.000000 -0.341475 0.939891 B 2.000000 4.000000 18.000000 C[purple]
-33.603286 -0.312567 -25.461321 0.979357 0.189989 0.069026 -0.202140 0.920488 0.334426 -0.000000 -0.341475 0.939891 B 2.000000 4.000000 18.000000 C[purple]
-33.697411 -6.802657 -8.296895 0.903738 0.402355 0.146181 -0.428087 0.849415 0.308604 -0.000000 -0.341475 0.939891 B 2.000000 4.000000 18.000000 C[purple]
-34.038873 -13.011137 8.881548 0.839750 0.510335 0.185412 -0.542973 0.789273 0.286754 -0.000000 -0.341475 0.939891 B 2.000000 4.000000 18.000000 C[purple]
-33.800226 -18.991171 25.923126 0.848309 0.497673 0.180812 -0.529501 0.797318 0.289677 0.000000 -0.341475 0.939891 B 2.000000 4.000000 18.000000 C[purple]
-33.663292 -25.234608 43.330293 0.857279 0.483905 0.175809 -0.514852 0.805748 0.292740 -0.000000 -0.341475 0.939891 B 2.000000 4.000000 18.000000 C[purple]
-33.888525 -31.220716 60.359680 0.935106 0.333068 0.121008 -0.354369 0.878897 0.319316 -0.000000 -0.341475 0.939891 B 2.000000 4.000000 18.000000 C[purple]
-41.506351 -25.715234 -77.077532 0.996674 0.076594 0.027828 -0.081492 0.936765 0.340340 0.000000 -0.341475 0.939891 B 2.000000 4.000000 18.000000 C[purple]
-41.386104 30.347993 -60.092788 0.974794 0.209696 0.076186 -0.223107 0.916200 0.332868 -0.000000 -0.341475 0.939891 B 2.000000 4.000000 18.000000 C[purple]
-41.574522 24.075441 -43.113469 0.997006 0.072672 0.026403 -0.077319 0.937077 0.340453 -0.000000 -0.341475 0.939891 B 2.000000 4.000000 18.000000 C[purple]
-41.470899 17.947588 -25.559698 0.984458 0.165062 0.059969 -0.175618 0.925283 0.336168 -0.000000 -0.341475 0.939891 B 2.000000 4.000000 18.000000 C[purple]
-41.467733 11.596770 -7.929178 0.999792 0.019155 0.006959 -0.020380 0.939695 0.341404 -0.000000 -0.341475 0.939891 B 2.000000 4.000000 18.000000 C[purple]
-41.191130 5.220775 9.179047 0.999996 -0.002488 -0.000904 0.002647 0.939887 0.341474 0.000000 -0.341475 0.939891 B 2.000000 4.000000 18.000000 C[purple]
-41.112346 -0.864427 26.164303 0.995765 0.086405 0.031392 -0.091931 0.935911 0.340029 0.000000 -0.341475 0.939891 B 2.000000 4.000000 18.000000 C[purple]
-41.464324 -7.117035 43.363249 0.999938 0.010445 0.003795 -0.011114 0.939833 0.341454 -0.000000 -0.341475 0.939891 B 2.000000 4.000000 18.000000 C[purple]
-41.427751 -13.100961 60.714891 0.981684 -0.179064 -0.065056 0.190515 0.922676 0.335221 -0.000000 -0.341475 0.939891 B 2.000000 4.000000 18.000000 C[purple]
-41.242624 -19.412048 77.588111 0.994849 -0.095271 -0.034613 0.101364 0.935050 0.339717 0.000000 -0.341475 0.939891 B 2.000000 4.000000 18.000000 C[purple]
-13.219859 -11.342144 -77.767526 0.726040 0.646318 0.234816 -0.687652 0.682399 0.247925 0.000000 -0.341475 0.939891 B 2.000000 4.000000 18.000000 C[purple]
-13.383691 -17.444600 -60.772613 0.902802 0.404207 0.146854 -0.430057 0.848535 0.308285 0.000000 -0.341475 0.939891 B 2.000000 4.000000 18.000000 C[purple]
-13.289839 -23.730599 -43.279567 0.871741 0.460516 0.167312 -0.489968 0.819341 0.297678 0.000000 -0.341475 0.939891 B 2.000000 4.000000 18.000000 C[purple]
-13.202535 -29.990797 -26.203793 0.989575 0.135365 0.049180 -0.144022 0.930092 0.337915 0.000000 -0.341475 0.939891 B 2.000000 4.000000 18.000000 C[purple]
-12.826440 26.044071 -8.978995 0.979467 0.189485 0.068842 -0.201603 0.920592 0.334464 -0.000000 -0.341475 0.939891 B 2.000000 4.000000 18.000000 C[purple]
-12.871474 19.510937 7.976959 0.988556 0.141787 0.051513 -0.150855 0.929135 0.337568 0.000000 -0.341475 0.939891 B 2.000000 4.000000 18.000000 C[purple]
-12.888571 13.443941 25.446278 0.989289 0.137197 0.049846 -0.145972 0.929823 0.337818 0.000000 -0.341475 0.939891 B 2.000000 4.000000 18.000000 C[purple]
-13.190772 7.209076 42.859755 0.992988 0.111106 0.040366 -0.118211 0.933301 0.339081 -0.000000 -0.341475 0.939891 B 2.000000 4.000000 18.000000 C[purple]
-13.195060 0.910691 59.907851 0.913599 0.382174 0.138849 -0.406615 0.858684 0.311972 -0.000000 -0.341475 0.939891 B 2.000000 4.000000 18.000000 C[purple]
-13.360318 -5.009135 76.951460 0.793144 0.572426 0.207970 -0.609034 0.745469 0.270839 -0.000000 -0.341475 0.939891 B 2.000000 4.000000 18.000000 C[purple]
-23.396503 3.350815 77.336686 0.995337 -0.090658 -0.032937 0.096456 0.935508 0.339883 0.000000 -0.341475 0.939891 B 2.000000 4.000000 18.000000 C[purple]
-23.580560 -2.712692 -77.482635 0.999917 0.012104 0.004398 -0.012878 0.939813 0.341447 0.000000 -0.341475 0.939891 B 2.000000 4.000000 18.000000 C[purple]
-23.531752 -9.291036 -60.099811 0.993680 -0.105502 -0.038330 0.112249 0.933951 0.339317 0.000000 -0.341475 0.939891 B 2.000000 4.000000 18.000000 C[purple]
-23.450757 -15.284554 -42.910721 0.997769 0.062746 0.022796 -0.066759 0.937794 0.340714 -0.000000 -0.341475 0.939891 B 2.000000 4.000000 18.000000 C[purple]
-23.399321 -21.984571 -25.531896 0.995521 0.088854 0.032282 -0.094537 0.935681 0.339946 0.000000 -0.341475 0.939891 B 2.000000 4.000000 18.000000 C[purple]
-23.019636 -28.126256 -8.123850 0.993153 0.109800 0.039892 -0.116822 0.933455 0.339137 -0.000000 -0.341475 0.939891 B 2.000000 4.000000 18.000000 C[purple]
-23.011133 28.305898 8.920099 0.978966 -0.191760 -0.069669 0.204023 0.920121 0.334293 -0.000000 -0.341475 0.939891 B 2.000000 4.000000 18.000000 C[purple]
-23.262451 21.838046 25.935406 0.922222 -0.363419 -0.132035 0.386661 0.866788 0.314916 0.000000 -0.341475 0.939891 B 2.000000 4.000000 18.000000 C[purple]
-23.320575 15.228506 42.977978 0.980040 -0.186850 -0.067885 0.198799 0.921131 0.334660 -0.000000 -0.341475 0.939891 B 2.000000 4.000000 18.000000 C[purple]
-23.127397 9.335843 60.311620 0.998668 -0.048497 -0.017620 0.051599 0.938639 0.341021 0.000000 -0.341475 0.939891 B 2.000000 4.000000 18.000000 C[purple]
-45.118853 -27.569094 77.744347 -0.097729 0.935392 0.339841 -0.995213 -0.091854 -0.033372 -0.000000 -0.341475 0.939891 B 2.000000 4.000000 18.000000 C[purple]
-45.124075 28.690232 -77.048076 0.159572 0.927847 0.337100 -0.987186 0.149980 0.054490 -0.000000 -0.341475 0.939891 B 2.000000 4.000000 18.000000 C[purple]
-45.407752 22.415782 -60.051148 0.243487 0.911604 0.331198 -0.969904 0.228851 0.083145 0.000000 -0.341475 0.939891 B 2.000000 4.000000 18.000000 C[purple]
-45.263208 15.917268 -42.514383 0.139357 0.930719 0.338143 -0.990242 0.130981 0.047587 -0.000000 -0.341475 0.939891 B 2.000000 4.000000 18.000000 C[purple]
-44.979636 9.622474 -25.546939 0.005500 0.939876 0.341470 -0.999985 0.005170 0.001878 -0.000000 -0.341475 0.939891 B 2.000000 4.000000 18.000000 C[purple]
-45.191849 3.604776 -8.433468 0.047136 0.938846 0.341096 -0.998888 0.044303 0.016096 0.000000 -0.341475 0.939891 B 2.000000 4.000000 18.000000 C[purple]
-45.431772 -2.671533 8.670297 0.209205 0.919093 0.333919 -0.977872 0.196630 0.071438 0.000000 -0.341475 0.939891 B 2.000000 4.000000 18.000000 C[purple]
-45.005897 -8.797262 25.693782 0.144701 0.929999 0.337882 -0.989475 0.136003 0.049412 -0.000000 -0.341475 0.939891 B 2.000000 4.000000 18.000000 C[purple]
-45.121171 -15.473207 42.835279 0.119807 0.933121 0.339016 -0.992797 0.112606 0.040911 0.000000 -0.341475 0.939891 B 2.000000 4.000000 18.000000 C[purple]
-45.166415 -21.516081 60.170301 -0.094214 0.935710 0.339957 -0.995552 -0.088551 -0.032172 0.000000 -0.341475 0.939891 B 2.000000 4.000000 18.000000 C[purple]
35.726040 -10.048432 76.948784 0.630538 -0.729504 -0.265039 0.776159 0.592637 0.215313 0.000000 -0.341475 0.939891 B 2.000000 4.000000 18.000000 C[purple]
35.759234 -16.446875 -77.941826 0.465774 -0.831713 -0.302173 0.884904 0.437776 0.159050 0.000000 -0.341475 0.939891 B 2.000000 4.000000 18.000000 C[purple]
35.759795 -22.750268 -60.439813 0.718175 -0.654035 -0.237620 0.695863 0.675006 0.245239 0.000000 -0.341475 0.939891 B 2.000000 4.000000 18.000000 C[purple]
36.053438 -28.984043 -42.944855 0.579310 -0.766112 -0.278339 0.815107 0.544488 0.197820 -0.000000 -0.341475 0.939891 B 2.000000 4.000000 18.000000 C[purple]
35.823174 27.223744 -25.852733 0.568931 -0.772952 -0.280824 0.822385 0.534733 0.194276 -0.000000 -0.341475 0.939891 B 2.000000 4.000000 18.000000 C[purple]
35.994740 20.981708 -8.927706 0.537865 -0.792357 -0.287874 0.843031 0.505535 0.183668 0.000000 -0.341475 0.939891 B 2.000000 4.000000 18.000000 C[purple]
35.692942 14.862966 8.264713 0.489567 -0.819552 -0.297755 0.871966 0.460140 0.167175 0.000000 -0.341475 0.939891 B 2.000000 4.000000 18.000000 C[purple]
35.642690 8.686869 25.345028 0.549840 -0.785063 -0.285224 0.835270 0.516790 0.187757 0.000000 -0.341475 0.939891 B 2.000000 4.000000 18.000000 C[purple]
35.836663 2.539495 42.627872 0.349963 -0.880455 -0.319882 0.936763 0.328927 0.119504 -0.000000 -0.341475 0.939891 B 2.000000 4.000000 18.000000 C[purple]
35.777553 -3.979667 59.962518 0.413528 -0.855762 -0.310910 0.910491 0.388671 0.141210 0.000000 -0.341475 0.939891 B 2.000000 4.000000 18.000000 C[purple]
34.712343 -6.701849 -77.998399 0.983099 -0.172068 -0.062515 0.183073 0.924006 0.335704 0.000000 -0.341475 0.939891 B 2.000000 4.000000 18.000000 C[purple]
34.589406 -13.069736 -60.492406 0.960829 -0.260482 -0.094637 0.277140 0.903075 0.328100 0.000000 -0.341475 0.939891 B 2.000000 4.000000 18.000000 C[purple]
34.533927 -19.200787 -43.336116 0.998274 -0.055203 -0.020056 0.058733 0.938268 0.340886 0.000000 -0.341475 0.939891 B 2.000000 4.000000 18.000000 C[purple]
34.734020 -25.386577 -26.133951 0.998816 0.045725 0.016613 -0.048650 0.938778 0.341071 -0.000000 -0.341475 0.939891 B 2.000000 4.000000 18.000000 C[purple]
34.710045 30.665180 -8.499752 0.995573 0.088346 0.032097 -0.093996 0.935729 0.339964 0.000000 -0.341475 0.939891 B 2.000000 4.000000 18.000000 C[purple]
34.985686 24.573090 8.617669 0.961338 0.258820 0.094033 -0.275372 0.903552 0.328273 0.000000 -0.341475 0.939891 B 2.000000 4.000000 18.000000 C[purple]
34.890475 18.383974 25.566496 0.999976 0.006536 0.002375 -0.006954 0.939868 0.341467 0.000000 -0.341475 0.939891 B 2.000000 4.000000 18.000000 C[purple]
35.055435 12.376289 42.652627 0.999996 -0.002719 -0.000988 0.002893 0.939887 0.341474 0.000000 -0.341475 0.939891 B 2.000000 4.000000 18.000000 C[purple]
35.058262 6.064776 59.792661 0.991419 -0.122864 -0.044638 0.130722 0.931826 0.338545 0.000000 -0.341475 0.939891 B 2.000000 4.000000 18.000000 C[purple]
34.887368 -0.152120 77.020864 0.962433 -0.255199 -0.092718 0.271520 0.904582 0.328647 0.000000 -0.341475 0.939891 B 2.000000 4.000000 18.000000 C[purple]
-29.373174 -28.894609 77.289067 0.963799 -0.250603 -0.091048 0.266630 0.905866 0.329114 -0.000000 -0.341475 0.939891 B 2.000000 4.000000 18.000000 C[purple]
-29.437672 27.189011 -77.158837 0.901560 -0.406647 -0.147741 0.432654 0.847368 0.307861 0.000000 -0.341475 0.939891 B 2.000000 4.000000 18.000000 C[purple]
-29.223521 20.808799 -60.285438 0.940718 -0.318802 -0.115825 0.339190 0.884172 0.321232 -0.000000 -0.341475 0.939891 B 2.000000 4.000000 18.000000 C[purple]
-29.072776 14.615654 -43.085431 0.846134 -0.500933 -0.181996 0.532970 0.795274 0.288934 0.000000 -0.341475 0.939891 B 2.000000 4.000000 18.000000 C[purple]
-29.189270 8.187550 -26.029766 0.950342 -0.292502 -0.106270 0.311209 0.893217 0.324518 0.000000 -0.341475 0.939891 B 2.000000 4.000000 18.000000 C[purple]
-29.237128 2.073385 -8.817991 0.771569 -0.597908 -0.217228 0.636146 0.725190 0.263472 0.000000 -0.341475 0.939891 B 2.000000 4.000000 18.000000 C[purple]
-29.211027 -4.214318 8.651355 0.957911 -0.269809 -0.098025 0.287064 0.900332 0.327103 -0.000000 -0.341475 0.939891 B 2.000000 4.000000 18.000000 C[purple]
-29.139676 -10.489519 25.692062 0.865976 -0.470026 -0.170767 0.500086 0.813922 0.295709 -0.000000 -0.341475 0.939891 B 2.000000 4.000000 18.000000 C[purple]
-29.267725 -16.679378 42.676824 0.868271 -0.466270 -0.169403 0.496090 0.816080 0.296493 -0.000000 -0.341475 0.939891 B 2.000000 4.000000 18.000000 C[purple]
-29.180815 -23.070950 59.930374 0.964685 -0.247574 -0.089947 0.263408 0.906698 0.329416 -0.000000 -0.341475 0.939891 B 2.000000 4.000000 18.000000 C[purple]
-3.335086 -29.252998 -76.891705 0.904966 0.399909 0.145293 -0.425485 0.850569 0.309023 0.000000 -0.341475 0.939891 B 2.000000 4.000000 18.000000 C[purple]
-3.163431 26.671712 -59.939421 0.889456 0.429550 0.156062 -0.457021 0.835991 0.303727 -0.000000 -0.341475 0.939891 B 2.000000 4.000000 18.000000 C[purple]
-3.465649 20.607906 -42.927114 0.853429 0.489880 0.177980 -0.521209 0.802130 0.291425 -0.000000 -0.341475 0.939891 B 2.000000 4.000000 18.000000 C[purple]
-3.279511 14.127428 -25.496477 0.839178 0.511166 0.185714 -0.543856 0.788736 0.286559 0.000000 -0.341475 0.939891 B 2.000000 4.000000 18.000000 C[purple]
-3.372563 7.694597 -8.307520 0.914083 0.381151 0.138477 -0.405526 0.859138 0.312137 -0.000000 -0.341475 0.939891 B 2.000000 4.000000 18.000000 C[purple]
-3.401940 1.470492 8.884070 0.915134 0.378917 0.137666 -0.403150 0.860126 0.312496 0.000000 -0.341475 0.939891 B 2.000000 4.000000 18.000000 C[purple]
-3.227534 -5.048945 25.756337 0.852976 0.490577 0.178233 -0.521951 0.801704 0.291270 0.000000 -0.341475 0.939891 B 2.000000 4.000000 18.000000 C[purple]
-3.139736 -11.238188 43.317160 0.802228 0.561131 0.203867 -0.597018 0.754007 0.273941 -0.000000 -0.341475 0.939891 B 2.000000 4.000000 18.000000 C[purple]
-3.319474 -17.390079 60.509289 0.929290 0.347151 0.126125 -0.369352 0.873431 0.317330 -0.000000 -0.341475 0.939891 B 2.000000 4.000000 18.000000 C[purple]
-3.465579 -23.422809 77.946855 0.906255 0.397322 0.144353 -0.422732 0.851780 0.309464 -0.000000 -0.341475 0.939891 B 2.000000 4.000000 18.000000 C[purple]
-14.060450 -28.057787 77.465363 -0.988256 -0.143619 -0.052179 0.152804 -0.928853 -0.337465 0.000000 -0.341475 0.939891 B 2.000000 4.000000 18.000000 C[purple]
-14.300456 28.268966 -77.138986 -0.995945 -0.084552 -0.030719 0.089960 -0.936080 -0.340091 -0.000000 -0.341475 0.939891 B 2.000000 4.000000 18.000000 C[purple]
-14.095868 21.668515 -59.719914 -0.996229 -0.081545 -0.029627 0.086760 -0.936347 -0.340188 0.000000 -0.341475 0.939891 B 2.000000 4.000000 18.000000 C[purple]
-13.956942 15.323856 -42.853312 -0.991703 0.120824 0.043897 -0.128551 -0.932092 -0.338642 0.000000 -0.341475 0.939891 B 2.000000 4.000000 18.000000 C[purple]
-13.719500 9.352362 -25.751181 -0.999475 0.030455 0.011065 -0.032403 -0.939397 -0.341296 0.000000 -0.341475 0.939891 B 2.000000 4.000000 18.000000 C[purple]
-13.827607 3.047677 -8.770890 -0.986738 0.152565 0.055429 -0.162322 -0.927426 -0.336947 0.000000 -0.341475 0.939891 B 2.000000 4.000000 18.000000 C[purple]
-13.865186 -3.163125 8.848372 -0.983951 0.167712 0.060932 -0.178438 -0.924807 -0.335995 -0.000000 -0.341475 0.939891 B 2.000000 4.000000 18.000000 C[purple]
-13.958353 -9.658816 26.116661 -0.995772 -0.086335 -0.031367 0.091856 -0.935917 -0.340032 0.000000 -0.341475 0.939891 B 2.000000 4.000000 18.000000 C[purple]
-13.800141 -15.677669 43.237148 -0.994797 0.095756 0.034790 -0.101880 -0.935000 -0.339699 -0.000000 -0.341475 0.939891 B 2.000000 4.000000 18.000000 C[purple]
-14.039985 -21.658471 60.355016 -0.994395 0.099371 0.036103 -0.105726 -0.934623 -0.339562 -0.000000 -0.341475 0.939891 B 2.000000 4.000000 18.000000 C[purple]
-37.303772 -26.841333 -76.983098 0.482942 0.823017 0.299014 -0.875652 0.453913 0.164913 0.000000 -0.341475 0.939891 B 2.000000 4.000000 18.000000 C[purple]
-37.457599 29.797827 -59.774557 0.532538 0.795529 0.289027 -0.846406 0.500527 0.181849 -0.000000 -0.341475 0.939891 B 2.000000 4.000000 18.000000 C[purple]
-37.447254 23.513623 -42.498128 0.802983 0.560176 0.203520 -0.596002 0.754716 0.274199 0.000000 -0.341475 0.939891 B 2.000000 4.000000 18.000000 C[purple]
-37.593268 17.050799 -25.493521 0.780340 0.587765 0.213543 -0.625355 0.733435 0.266467 -0.000000 -0.341475 0.939891 B 2.000000 4.000000 18.000000 C[purple]
-37.356754 10.952476 -8.479056 0.791013 0.575025 0.208915 -0.611800 0.743465 0.270111 0.000000 -0.341475 0.939891 B 2.000000 4.000000 18.000000 C[purple]
-37.199382 4.458092 8.941746 0.743896 0.628125 0.228206 -0.668295 0.699181 0.254022 0.000000 -0.341475 0.939891 B 2.000000 4.000000 18.000000 C[purple]
-37.292952 -1.504959 25.994104 0.766546 0.603588 0.219292 -0.642190 0.720469 0.261757 -0.000000 -0.341475 0.939891 B 2.000000 4.000000 18.000000 C[purple]
-37.372301 -8.108684 43.277693 0.797752 0.566740 0.205905 -0.602985 0.749800 0.272413 -0.000000 -0.341475 0.939891 B 2.000000 4.000000 18.000000 C[purple]
-37.252175 -14.453349 60.781650 0.688685 0.681478 0.247590 -0.725061 0.647288 0.235169 -0.000000 -0.341475 0.939891 B 2.000000 4.000000 18.000000 C[purple]
-37.219203 -20.745006 77.914434 0.587113 0.760846 0.276426 -0.809505 0.551822 0.200485 0.000000 -0.341475 0.939891 B 2.000000 4.000000 18.000000 C[purple]
-43.819167 -20.771349 -77.473173 0.963460 -0.251751 -0.091465 0.267852 0.905547 0.328998 0.000000 -0.341475 0.939891 B 2.000000 4.000000 18.000000 C[purple]
-43.802979 -27.225788 -60.296088 0.986426 -0.154337 -0.056073 0.164207 0.927133 0.336840 0.000000 -0.341475 0.939891 B 2.000000 4.000000 18.000000 C[purple]
-43.908337 29.090426 -43.292203 0.974076 -0.212622 -0.077248 0.226220 0.915525 0.332623 0.000000 -0.341475 0.939891 B 2.000000 4.000000 18.000000 C[purple]
-43.716154 22.716753 -26.167439 0.998420 -0.052807 -0.019186 0.056185 0.938406 0.340936 0.000000 -0.341475 0.939891 B 2.000000 4.000000 18.000000 C[purple]
-43.454008 16.425514 -8.870003 0.967988 -0.235911 -0.085710 0.250998 0.909803 0.330544 0.000000 -0.341475 0.939891 B 2.000000 4.000000 18.000000 C[purple]
-43.811025 10.034298 8.281132 0.958701 -0.267320 -0.097121 0.284416 0.901074 0.327373 0.000000 -0.341475 0.939891 B 2.000000 4.000000 18.000000 C[purple]
-43.900554 3.922358 25.824081 0.943866 -0.310474 -0.112799 0.330329 0.887131 0.322307 0.000000 -0.341475 0.939891 B 2.000000 4.000000 18.000000 C[purple]
-44.158386 -2.429117 42.963649 0.933274 -0.337576 -0.122646 0.359165 0.877176 0.318690 0.000000 -0.341475 0.939891 B 2.000000 4.000000 18.000000 C[purple]
-44.025251 -8.965104 60.139071 0.929237 -0.347276 -0.126170 0.369485 0.873381 0.317311 -0.000000 -0.341475 0.939891 B 2.000000 4.000000 18.000000 C[purple]
-43.942718 -14.933871 77.262172 0.942461 -0.314220 -0.114160 0.334315 0.885811 0.321827 0.000000 -0.341475 0.939891 B 2.000000 4.000000 18.000000 C[purple]
-30.184134 27.026789 77.422385 0.314084 -0.892328 -0.324195 0.949395 0.295204 0.107252 -0.000000 -0.341475 0.939891 B 2.000000 4.000000 18.000000 C[purple]
-30.141290 20.874354 -77.513019 0.265636 -0.906124 -0.329207 0.964073 0.249669 0.090708 0.000000 -0.341475 0.939891 B 2.000000 4.000000 18.000000 C[purple]
-30.337467 14.698185 -60.319028 0.372882 -0.872105 -0.316848 0.927879 0.350468 0.127330 0.000000 -0.341475 0.939891 B 2.000000 4.000000 18.000000 C[purple]
-30.382091 8.410565 -43.283189 0.494246 -0.817068 -0.296852 0.869322 0.464538 0.168773 -0.000000 -0.341475 0.939891 B 2.000000 4.000000 18.000000 C[purple]
-30.445684 2.107467 -26.301515 0.719411 -0.652834 -0.237184 0.694585 0.676168 0.245661 0.000000 -0.341475 0.939891 B 2.000000 4.000000 18.000000 C[purple]
-30.282289 -4.197750 -8.788041 0.726088 -0.646270 -0.234799 0.687601 0.682444 0.247941 -0.000000 -0.341475 0.939891 B 2.000000 4.000000 18.000000 C[purple]
-30.589377 -10.546877 8.449231 0.777240 -0.591383 -0.214858 0.629204 0.730521 0.265408 0.000000 -0.341475 0.939891 B 2.000000 4.000000 18.000000 C[purple]
-30.401408 -16.487489 25.844649 0.679280 -0.689766 -0.250602 0.733879 0.638449 0.231957 0.000000 -0.341475 0.939891 B 2.000000 4.000000 18.000000 C[purple]
-30.294992 -22.680142 43.135576 0.305886 -0.894840 -0.325108 0.952068 0.287500 0.104453 0.000000 -0.341475 0.939891 B 2.000000 4.000000 18.000000 C[purple]
-30.081364 -29.118764 60.020546 0.234871 -0.913599 -0.331923 0.972027 0.220753 0.080203 0.000000 -0.341475 0.939891 B 2.000000 4.000000 18.000000 C[purple]
-25.971616 -27.619601 -77.782917 0.832104 0.521283 0.189389 -0.554620 0.782086 0.284143 0.000000 -0.341475 0.939891 B 2.000000 4.000000 18.000000 C[purple]
-26.035063 28.725651 -60.830219 0.967631 0.237199 0.086178 -0.252368 0.909468 0.330422 -0.000000 -0.341475 0.939891 B 2.000000 4.000000 18.000000 C[purple]
-25.821038 22.715373 -43.475245 0.930070 0.345299 0.125452 -0.367382 0.874164 0.317596 0.000000 -0.341475 0.939891 B 2.000000 4.000000 18.000000 C[purple]
-25.839438 16.420954 -26.307710 0.922495 0.362805 0.131812 -0.386008 0.867045 0.315009 0.000000 -0.341475 0.939891 B 2.000000 4.000000 18.000000 C[purple]
-26.033928 9.751443 -9.270588 0.920384 0.367512 0.133522 -0.391016 0.865060 0.314288 0.000000 -0.341475 0.939891 B 2.000000 4.000000 18.000000 C[purple]
-25.783909 3.427678 7.906708 0.852007 0.492061 0.178773 -0.523530 0.800794 0.290940 0.000000 -0.341475 0.939891 B 2.000000 4.000000 18.000000 C[purple]
-25.779662 -2.715600 25.123598 0.943324 0.311925 0.113327 -0.331874 0.886621 0.322122 -0.000000 -0.341475 0.939891 B 2.000000 4.000000 18.000000 C[purple]
