-1.788823 -17.460359 -76.780656 0.987008 0.151014 0.054865 -0.160671 0.927680 0.337039 -0.000000 -0.341475 0.939891 B 2.000000 4.000000 18.000000 C[purple]
-1.783627 -23.722939 -59.888836 0.995076 0.093161 0.033847 -0.099119 0.935262 0.339794 0.000000 -0.341475 0.939891 B 2.000000 4.000000 18.000000 C[purple]
-2.117856 -30.003006 -42.456706 0.992533 0.114644 0.041652 -0.121975 0.932873 0.338926 0.000000 -0.341475 0.939891 B 2.000000 4.000000 18.000000 C[purple]
-2.160246 26.194859 -25.497656 0.985619 0.158825 0.057703 -0.168982 0.926374 0.336565 -0.000000 -0.341475 0.939891 B 2.000000 4.000000 18.000000 C[purple]
-2.172652 19.476819 -8.286481 0.982467 0.175232 0.063664 -0.186439 0.923411 0.335488 -0.000000 -0.341475 0.939891 B 2.000000 4.000000 18.000000 C[purple]
-1.832038 13.304477 8.849504 0.962171 0.256069 0.093033 -0.272446 0.904336 0.328558 -0.000000 -0.341475 0.939891 B 2.000000 4.000000 18.000000 C[purple]
-1.825178 7.452230 26.112062 0.995790 0.086157 0.031302 -0.091667 0.935934 0.340038 -0.000000 -0.341475 0.939891 B 2.000000 4.000000 18.000000 C[purple]
-2.100864 1.188691 43.254998 0.993911 -0.103562 -0.037625 0.110185 0.934168 0.339396 0.000000 -0.341475 0.939891 B 2.000000 4.000000 18.000000 C[purple]
-2.261195 -4.946671 60.767744 0.997538 0.065910 0.023946 -0.070125 0.937577 0.340635 0.000000 -0.341475 0.939891 B 2.000000 4.000000 18.000000 C[purple]
-2.025641 -11.020814 78.151758 0.988235 0.143748 0.052226 -0.152941 0.928833 0.337458 -0.000000 -0.341475 0.939891 B 2.000000 4.000000 18.000000 C[purple]
1.647907 -2.921151 -76.517434 -0.185194 0.923633 0.335569 -0.982702 -0.174062 -0.063239 -0.000000 -0.341475 0.939891 B 2.000000 4.000000 18.000000 C[purple]
1.429175 -9.167548 -59.241093 -0.123343 0.932714 0.338868 -0.992364 -0.115929 -0.042119 0.000000 -0.341475 0.939891 B 2.000000 4.000000 18.000000 C[purple]
1.637207 -15.648564 -41.986757 -0.020013 0.939702 0.341407 -0.999800 -0.018810 -0.006834 -0.000000 -0.341475 0.939891 B 2.000000 4.000000 18.000000 C[purple]
1.639288 -22.109894 -25.051817 -0.008367 0.939858 0.341463 -0.999965 -0.007864 -0.002857 0.000000 -0.341475 0.939891 B 2.000000 4.000000 18.000000 C[purple]
1.525067 -28.329155 -8.071339 -0.135890 0.931172 0.338308 -0.990724 -0.127722 -0.046403 -0.000000 -0.341475 0.939891 B 2.000000 4.000000 18.000000 C[purple]
1.912700 28.012764 9.071391 -0.275305 0.903570 0.328280 -0.961357 -0.258757 -0.094010 0.000000 -0.341475 0.939891 B 2.000000 4.000000 18.000000 C[purple]
1.822394 21.840585 26.126476 -0.300021 0.896593 0.325745 -0.953933 -0.281987 -0.102450 -0.000000 -0.341475 0.939891 B 2.000000 4.000000 18.000000 C[purple]
1.422113 15.665115 43.530132 -0.277569 0.902958 0.328057 -0.960706 -0.260884 -0.094783 0.000000 -0.341475 0.939891 B 2.000000 4.000000 18.000000 C[purple]
1.622211 9.562313 60.920648 -0.176946 0.925060 0.336087 -0.984221 -0.166310 -0.060423 0.000000 -0.341475 0.939891 B 2.000000 4.000000 18.000000 C[purple]
1.477778 3.093587 78.228063 -0.306216 0.894740 0.325072 -0.951962 -0.287809 -0.104565 0.000000 -0.341475 0.939891 B 2.000000 4.000000 18.000000 C[purple]
-4.288601 10.764835 -76.997905 0.825358 0.530672 0.192801 -0.564610 0.775746 0.281839 0.000000 -0.341475 0.939891 B 2.000000 4.000000 18.000000 C[purple]
-4.115605 4.566338 -59.914986 0.835611 0.516303 0.187580 -0.549322 0.785383 0.285340 -0.000000 -0.341475 0.939891 B 2.000000 4.000000 18.000000 C[purple]
-4.385917 -1.473494 -42.486614 0.740911 0.631234 0.229336 -0.671604 0.696375 0.253003 -0.000000 -0.341475 0.939891 B 2.000000 4.000000 18.000000 C[purple]
-4.367813 -7.491627 -25.517366 0.722721 0.649596 0.236007 -0.691139 0.679279 0.246792 -0.000000 -0.341475 0.939891 B 2.000000 4.000000 18.000000 C[purple]
-4.326724 -13.869638 -8.471595 0.618855 0.738289 0.268231 -0.785505 0.581656 0.211324 -0.000000 -0.341475 0.939891 B 2.000000 4.000000 18.000000 C[purple]
-4.666929 -19.877777 8.702862 0.621881 0.736039 0.267413 -0.783112 0.584500 0.212357 -0.000000 -0.341475 0.939891 B 2.000000 4.000000 18.000000 C[purple]
-4.244202 -26.112621 25.809038 0.572357 0.770715 0.280012 -0.820005 0.537953 0.195446 -0.000000 -0.341475 0.939891 B 2.000000 4.000000 18.000000 C[purple]
-4.149729 29.854910 42.877709 0.576427 0.768030 0.279036 -0.817148 0.541779 0.196836 0.000000 -0.341475 0.939891 B 2.000000 4.000000 18.000000 C[purple]
-4.100878 23.473038 60.266201 0.750748 0.620881 0.225575 -0.660589 0.705621 0.256362 -0.000000 -0.341475 0.939891 B 2.000000 4.000000 18.000000 C[purple]
-4.294466 16.994447 77.329232 0.835962 0.515800 0.187397 -0.548787 0.785713 0.285461 0.000000 -0.341475 0.939891 B 2.000000 4.000000 18.000000 C[purple]
-10.645094 -6.022532 -77.518370 -0.509511 0.808742 0.293827 -0.860464 -0.478885 -0.173985 -0.000000 -0.341475 0.939891 B 2.000000 4.000000 18.000000 C[purple]
-10.707026 -12.379871 -60.362848 -0.829380 0.525102 0.190777 -0.558684 -0.779527 -0.283213 0.000000 -0.341475 0.939891 B 2.000000 4.000000 18.000000 C[purple]
-10.495916 -18.506931 -43.189631 -0.834694 0.517611 0.188055 -0.550715 -0.784521 -0.285027 0.000000 -0.341475 0.939891 B 2.000000 4.000000 18.000000 C[purple]
-10.686280 -25.046335 -25.654415 -0.808251 0.553443 0.201074 -0.588838 -0.759668 -0.275998 0.000000 -0.341475 0.939891 B 2.000000 4.000000 18.000000 C[purple]
-10.646834 -31.139547 -8.090344 -0.876203 0.452973 0.164572 -0.481943 -0.823535 -0.299202 -0.000000 -0.341475 0.939891 B 2.000000 4.000000 18.000000 C[purple]
-10.645007 25.057263 9.043688 -0.872058 0.459985 0.167119 -0.489403 -0.819639 -0.297786 -0.000000 -0.341475 0.939891 B 2.000000 4.000000 18.000000 C[purple]
-10.594131 18.872136 25.951628 -0.716483 0.655673 0.238215 -0.697605 -0.673415 -0.244661 -0.000000 -0.341475 0.939891 B 2.000000 4.000000 18.000000 C[purple]
-10.559491 12.657471 42.919456 -0.835384 0.516626 0.187698 -0.549666 -0.785170 -0.285263 0.000000 -0.341475 0.939891 B 2.000000 4.000000 18.000000 C[purple]
-10.568753 6.236252 60.100499 -0.683668 0.685925 0.249206 -0.729793 -0.642574 -0.233456 -0.000000 -0.341475 0.939891 B 2.000000 4.000000 18.000000 C[purple]
-10.688555 0.046900 77.458950 -0.784773 0.582528 0.211641 -0.619783 -0.737601 -0.267981 0.000000 -0.341475 0.939891 B 2.000000 4.000000 18.000000 C[purple]
-22.400592 -28.869482 -77.462318 0.491742 0.818401 0.297337 -0.870741 0.462184 0.167918 0.000000 -0.341475 0.939891 B 2.000000 4.000000 18.000000 C[purple]
-22.341207 27.224844 -60.254039 0.299621 0.896711 0.325787 -0.954058 0.281611 0.102313 -0.000000 -0.341475 0.939891 B 2.000000 4.000000 18.000000 C[purple]
-22.141381 21.049557 -43.315686 0.504345 0.811598 0.294865 -0.863502 0.474029 0.172221 -0.000000 -0.341475 0.939891 B 2.000000 4.000000 18.000000 C[purple]
-21.968074 14.814017 -25.833779 0.428394 0.849278 0.308555 -0.903592 0.402643 0.146286 -0.000000 -0.341475 0.939891 B 2.000000 4.000000 18.000000 C[purple]
-22.178900 8.703050 -8.711031 0.159027 0.927930 0.337130 -0.987274 0.149468 0.054304 0.000000 -0.341475 0.939891 B 2.000000 4.000000 18.000000 C[purple]
-22.306369 2.338879 8.604906 0.358702 0.877343 0.318751 -0.933452 0.337140 0.122488 0.000000 -0.341475 0.939891 B 2.000000 4.000000 18.000000 C[purple]
-22.401533 -3.909170 25.685171 0.161486 0.927555 0.336994 -0.986875 0.151779 0.055143 0.000000 -0.341475 0.939891 B 2.000000 4.000000 18.000000 C[purple]
-22.295921 -9.976269 42.975358 0.022383 0.939655 0.341390 -0.999749 0.021037 0.007643 0.000000 -0.341475 0.939891 B 2.000000 4.000000 18.000000 C[purple]
-22.578720 -16.409405 60.149693 -0.001210 0.939890 0.341475 -0.999999 -0.001137 -0.000413 -0.000000 -0.341475 0.939891 B 2.000000 4.000000 18.000000 C[purple]
-22.465496 -22.479778 77.356403 0.201539 0.920605 0.334468 -0.979480 0.189425 0.068821 0.000000 -0.341475 0.939891 B 2.000000 4.000000 18.000000 C[purple]
-5.657279 -9.194243 -77.574831 -0.022048 0.939662 0.341392 -0.999757 -0.020722 -0.007529 0.000000 -0.341475 0.939891 B 2.000000 4.000000 18.000000 C[purple]
-5.597204 -15.510645 -60.241787 0.129617 0.931962 0.338595 -0.991564 0.121826 0.044261 -0.000000 -0.341475 0.939891 B 2.000000 4.000000 18.000000 C[purple]
-5.694891 -21.848312 -43.203071 0.305026 0.895099 0.325202 -0.952344 0.286691 0.104159 0.000000 -0.341475 0.939891 B 2.000000 4.000000 18.000000 C[purple]
-5.970641 -28.172309 -26.194834 0.381924 0.868641 0.315589 -0.924194 0.358966 0.130417 0.000000 -0.341475 0.939891 B 2.000000 4.000000 18.000000 C[purple]
-5.790409 28.285460 -9.027796 0.159516 0.927856 0.337103 -0.987195 0.149928 0.054471 -0.000000 -0.341475 0.939891 B 2.000000 4.000000 18.000000 C[purple]
-5.868614 22.218960 8.272343 0.342299 0.883113 0.320847 -0.939591 0.321724 0.116887 -0.000000 -0.341475 0.939891 B 2.000000 4.000000 18.000000 C[purple]
-5.842984 15.869157 25.542887 0.312192 0.892914 0.324408 -0.950019 0.293426 0.106606 -0.000000 -0.341475 0.939891 B 2.000000 4.000000 18.000000 C[purple]
-6.075435 9.583322 42.918211 0.263972 0.906553 0.329363 -0.964530 0.248105 0.090140 0.000000 -0.341475 0.939891 B 2.000000 4.000000 18.000000 C[purple]
-5.924722 3.449519 60.161009 0.273891 0.903950 0.328418 -0.961761 0.257427 0.093527 -0.000000 -0.341475 0.939891 B 2.000000 4.000000 18.000000 C[purple]
-5.807078 -2.817653 77.259745 0.037392 0.939233 0.341237 -0.999301 0.035145 0.012769 -0.000000 -0.341475 0.939891 B 2.000000 4.000000 18.000000 C[purple]
19.686596 -30.663972 -77.543595 -0.072431 -0.937422 -0.340578 0.997373 -0.068078 -0.024734 0.000000 -0.341475 0.939891 B 2.000000 4.000000 18.000000 C[purple]
19.888351 25.580253 -60.316702 -0.168893 -0.926389 -0.336570 0.985634 -0.158741 -0.057673 -0.000000 -0.341475 0.939891 B 2.000000 4.000000 18.000000 C[purple]
19.635067 19.256617 -42.939860 0.028468 -0.939510 -0.341337 0.999595 0.026757 0.009721 0.000000 -0.341475 0.939891 B 2.000000 4.000000 18.000000 C[purple]
19.486641 12.763249 -25.766264 0.254904 -0.908843 -0.330195 0.966966 0.239582 0.087044 0.000000 -0.341475 0.939891 B 2.000000 4.000000 18.000000 C[purple]
19.587281 6.547511 -8.706907 -0.149148 -0.929378 -0.337656 0.988815 -0.140183 -0.050930 -0.000000 -0.341475 0.939891 B 2.000000 4.000000 18.000000 C[purple]
19.359351 0.053504 8.496663 0.034419 -0.939334 -0.341273 0.999407 0.032350 0.011753 0.000000 -0.341475 0.939891 B 2.000000 4.000000 18.000000 C[purple]
19.385650 -5.971039 25.901455 0.062689 -0.938042 -0.340804 0.998033 0.058921 0.021407 -0.000000 -0.341475 0.939891 B 2.000000 4.000000 18.000000 C[purple]
19.452355 -12.013409 43.136316 0.024808 -0.939601 -0.341370 0.999692 0.023317 0.008471 -0.000000 -0.341475 0.939891 B 2.000000 4.000000 18.000000 C[purple]
19.616077 -18.197388 60.047484 -0.158543 -0.928003 -0.337156 0.987352 -0.149013 -0.054138 -0.000000 -0.341475 0.939891 B 2.000000 4.000000 18.000000 C[purple]
19.564019 -24.415375 77.233787 0.278036 -0.902831 -0.328011 0.960571 0.261324 0.094943 0.000000 -0.341475 0.939891 B 2.000000 4.000000 18.000000 C[purple]
16.642609 29.246090 77.561676 0.985347 0.160309 0.058242 -0.170561 0.926119 0.336472 -0.000000 -0.341475 0.939891 B 2.000000 4.000000 18.000000 C[purple]
16.505793 22.716268 -77.159531 0.999971 -0.007207 -0.002618 0.007668 0.939863 0.341465 0.000000 -0.341475 0.939891 B 2.000000 4.000000 18.000000 C[purple]
16.405992 16.510689 -60.213805 0.999805 0.018546 0.006738 -0.019732 0.939708 0.341409 0.000000 -0.341475 0.939891 B 2.000000 4.000000 18.000000 C[purple]
16.371817 10.455032 -43.011278 0.994381 -0.099500 -0.036150 0.105863 0.934609 0.339557 0.000000 -0.341475 0.939891 B 2.000000 4.000000 18.000000 C[purple]
16.186818 4.283854 -25.755457 0.989593 -0.135244 -0.049136 0.143894 0.930109 0.337922 0.000000 -0.341475 0.939891 B 2.000000 4.000000 18.000000 C[purple]
16.475853 -1.831727 -8.787558 0.993104 -0.110186 -0.040032 0.117233 0.933410 0.339121 -0.000000 -0.341475 0.939891 B 2.000000 4.000000 18.000000 C[purple]
16.312733 -8.269304 8.619164 0.986831 -0.152033 -0.055236 0.161756 0.927513 0.336978 -0.000000 -0.341475 0.939891 B 2.000000 4.000000 18.000000 C[purple]
16.176232 -14.500841 26.099833 0.974216 -0.212055 -0.077042 0.225616 0.915657 0.332671 -0.000000 -0.341475 0.939891 B 2.000000 4.000000 18.000000 C[purple]
16.004030 -20.787748 43.150509 0.999285 0.035534 0.012910 -0.037807 0.939219 0.341231 0.000000 -0.341475 0.939891 B 2.000000 4.000000 18.000000 C[purple]
16.240385 -27.008642 60.247476 0.987869 0.145952 0.053027 -0.155287 0.928489 0.337333 -0.000000 -0.341475 0.939891 B 2.000000 4.000000 18.000000 C[purple]
7.269853 1.980557 -76.991804 -0.820072 -0.537862 -0.195413 0.572260 -0.770778 -0.280035 0.000000 -0.341475 0.939891 B 2.000000 4.000000 18.000000 C[purple]
7.144826 -3.980529 -59.807370 -0.798463 -0.565855 -0.205583 0.602044 -0.750468 -0.272656 0.000000 -0.341475 0.939891 B 2.000000 4.000000 18.000000 C[purple]
7.143678 -10.387728 -42.491733 -0.881129 -0.444451 -0.161475 0.472875 -0.828165 -0.300884 0.000000 -0.341475 0.939891 B 2.000000 4.000000 18.000000 C[purple]
6.950551 -16.324158 -25.359669 -0.942189 -0.314940 -0.114422 0.335081 -0.885555 -0.321734 -0.000000 -0.341475 0.939891 B 2.000000 4.000000 18.000000 C[purple]
7.068184 -22.940351 -8.236684 -0.963133 -0.252856 -0.091866 0.269026 -0.905240 -0.328886 -0.000000 -0.341475 0.939891 B 2.000000 4.000000 18.000000 C[purple]
6.815833 -29.096247 9.216181 -0.891872 -0.425102 -0.154445 0.452289 -0.838262 -0.304552 -0.000000 -0.341475 0.939891 B 2.000000 4.000000 18.000000 C[purple]
6.805960 26.942066 26.155726 -0.950226 -0.292833 -0.106390 0.311561 -0.893109 -0.324479 0.000000 -0.341475 0.939891 B 2.000000 4.000000 18.000000 C[purple]
6.935084 20.575368 43.151570 -0.910734 -0.388168 -0.141027 0.412993 -0.855991 -0.310993 0.000000 -0.341475 0.939891 B 2.000000 4.000000 18.000000 C[purple]
7.022252 14.470049 60.667856 -0.907655 -0.394489 -0.143323 0.419718 -0.853096 -0.309942 -0.000000 -0.341475 0.939891 B 2.000000 4.000000 18.000000 C[purple]
6.969257 8.298725 77.725946 -0.774083 -0.595030 -0.216183 0.633085 -0.727553 -0.264330 -0.000000 -0.341475 0.939891 B 2.000000 4.000000 18.000000 C[purple]
35.945598 -16.976012 77.098023 -0.571862 -0.771039 -0.280129 0.820350 -0.537488 -0.195277 0.000000 -0.341475 0.939891 B 2.000000 4.000000 18.000000 C[purple]
36.106754 -23.156431 -77.886471 -0.471613 -0.828801 -0.301115 0.881806 -0.443264 -0.161044 0.000000 -0.341475 0.939891 B 2.000000 4.000000 18.000000 C[purple]
36.180700 -29.392977 -60.331321 -0.499867 -0.814041 -0.295753 0.866102 -0.469821 -0.170692 0.000000 -0.341475 0.939891 B 2.000000 4.000000 18.000000 C[purple]
36.521936 26.643619 -43.158679 -0.523982 -0.800532 -0.290845 0.851729 -0.492486 -0.178927 0.000000 -0.341475 0.939891 B 2.000000 4.000000 18.000000 C[purple]
36.771024 20.576977 -25.743091 -0.629403 -0.730370 -0.265353 0.777079 -0.591570 -0.214926 -0.000000 -0.341475 0.939891 B 2.000000 4.000000 18.000000 C[purple]
36.525878 14.461779 -8.457712 -0.754747 -0.616583 -0.224013 0.656016 -0.709380 -0.257728 -0.000000 -0.341475 0.939891 B 2.000000 4.000000 18.000000 C[purple]
36.409804 8.063421 8.503055 -0.845536 -0.501825 -0.182320 0.533919 -0.794711 -0.288730 -0.000000 -0.341475 0.939891 B 2.000000 4.000000 18.000000 C[purple]
36.458844 1.539539 25.564839 -0.814634 -0.545113 -0.198047 0.579975 -0.765667 -0.278178 -0.000000 -0.341475 0.939891 B 2.000000 4.000000 18.000000 C[purple]
36.352265 -4.440478 42.842142 -0.828803 -0.525907 -0.191069 0.559541 -0.778984 -0.283016 -0.000000 -0.341475 0.939891 B 2.000000 4.000000 18.000000 C[purple]
36.146455 -10.445096 59.858899 -0.676512 -0.692165 -0.251473 0.736431 -0.635848 -0.231012 0.000000 -0.341475 0.939891 B 2.000000 4.000000 18.000000 C[purple]
-33.949547 22.399061 76.914816 0.379655 -0.869519 -0.315909 0.925128 0.356834 0.129643 0.000000 -0.341475 0.939891 B 2.000000 4.000000 18.000000 C[purple]
-33.871623 16.098919 -77.544347 0.518996 -0.803397 -0.291885 0.854777 0.487800 0.177224 0.000000 -0.341475 0.939891 B 2.000000 4.000000 18.000000 C[purple]
-34.067197 10.096593 -60.509835 0.502383 -0.812672 -0.295255 0.864645 0.472185 0.171551 -0.000000 -0.341475 0.939891 B 2.000000 4.000000 18.000000 C[purple]
-33.736294 4.025600 -43.214888 0.364155 -0.875356 -0.318029 0.931338 0.342266 0.124350 -0.000000 -0.341475 0.939891 B 2.000000 4.000000 18.000000 C[purple]
-33.637497 -2.029298 -26.236335 0.565708 -0.775039 -0.281583 0.824606 0.531704 0.193175 0.000000 -0.341475 0.939891 B 2.000000 4.000000 18.000000 C[purple]
-33.604595 -8.310612 -9.059057 0.729486 -0.642881 -0.233568 0.683995 0.685637 0.249102 -0.000000 -0.341475 0.939891 B 2.000000 4.000000 18.000000 C[purple]
-33.591071 -14.699759 8.321648 0.467599 -0.830808 -0.301844 0.883941 0.439492 0.159674 0.000000 -0.341475 0.939891 B 2.000000 4.000000 18.000000 C[purple]
-33.472043 -21.115092 25.564676 0.489969 -0.819340 -0.297678 0.871740 0.460517 0.167312 0.000000 -0.341475 0.939891 B 2.000000 4.000000 18.000000 C[purple]
-33.858050 -27.453139 42.533813 0.485498 -0.821688 -0.298531 0.874238 0.456315 0.165786 -0.000000 -0.341475 0.939891 B 2.000000 4.000000 18.000000 C[purple]
-33.987006 28.673062 59.868338 0.659293 -0.706691 -0.256751 0.751886 0.619663 0.225132 0.000000 -0.341475 0.939891 B 2.000000 4.000000 18.000000 C[purple]
13.617560 23.953419 77.792762 0.957464 0.271209 0.098534 -0.288554 0.899911 0.326950 0.000000 -0.341475 0.939891 B 2.000000 4.000000 18.000000 C[purple]
13.738186 17.810565 -77.021747 0.964202 0.249230 0.090549 -0.265169 0.906245 0.329251 0.000000 -0.341475 0.939891 B 2.000000 4.000000 18.000000 C[purple]
13.516023 11.476770 -60.107810 0.963942 0.250118 0.090871 -0.266114 0.906000 0.329162 -0.000000 -0.341475 0.939891 B 2.000000 4.000000 18.000000 C[purple]
13.249931 5.117208 -43.012698 0.989627 0.135028 0.049058 -0.143664 0.930141 0.337933 -0.000000 -0.341475 0.939891 B 2.000000 4.000000 18.000000 C[purple]
13.211461 -1.118295 -26.083487 0.986019 0.156619 0.056902 -0.166635 0.926750 0.336701 0.000000 -0.341475 0.939891 B 2.000000 4.000000 18.000000 C[purple]
13.303919 -7.301657 -8.466764 0.979920 0.187406 0.068087 -0.199391 0.921018 0.334619 0.000000 -0.341475 0.939891 B 2.000000 4.000000 18.000000 C[purple]
13.528104 -13.410171 8.920079 0.957070 0.272434 0.098979 -0.289857 0.899541 0.326816 -0.000000 -0.341475 0.939891 B 2.000000 4.000000 18.000000 C[purple]
13.450134 -19.557065 26.249939 0.865804 0.470306 0.170869 -0.500384 0.813761 0.295651 -0.000000 -0.341475 0.939891 B 2.000000 4.000000 18.000000 C[purple]
13.792533 -26.115638 43.407674 0.898658 0.412284 0.149788 -0.438651 0.844640 0.306869 0.000000 -0.341475 0.939891 B 2.000000 4.000000 18.000000 C[purple]
13.527862 30.464609 60.464894 0.892227 0.424443 0.154206 -0.451588 0.838595 0.304673 0.000000 -0.341475 0.939891 B 2.000000 4.000000 18.000000 C[purple]
-24.934447 26.153187 -77.133979 0.194681 0.921907 0.334942 -0.980867 0.182979 0.066479 -0.000000 -0.341475 0.939891 B 2.000000 4.000000 18.000000 C[purple]
-25.172614 20.040012 -59.850110 -0.034764 0.939323 0.341269 -0.999396 -0.032675 -0.011871 0.000000 -0.341475 0.939891 B 2.000000 4.000000 18.000000 C[purple]
-25.331261 13.883088 -42.533146 0.173506 0.925635 0.336296 -0.984833 0.163077 0.059248 -0.000000 -0.341475 0.939891 B 2.000000 4.000000 18.000000 C[purple]
-25.473280 7.575808 -25.642539 0.283734 0.901264 0.327442 -0.958903 0.266679 0.096888 0.000000 -0.341475 0.939891 B 2.000000 4.000000 18.000000 C[purple]
-25.428351 1.697875 -8.364904 0.326721 0.888310 0.322735 -0.945121 0.307082 0.111567 0.000000 -0.341475 0.939891 B 2.000000 4.000000 18.000000 C[purple]
-25.495358 -4.677279 8.655456 0.113574 0.933809 0.339266 -0.993530 0.106747 0.038783 0.000000 -0.341475 0.939891 B 2.000000 4.000000 18.000000 C[purple]
-25.240820 -11.102687 26.125975 0.171381 0.925985 0.336423 -0.985205 0.161080 0.058522 0.000000 -0.341475 0.939891 B 2.000000 4.000000 18.000000 C[purple]
-25.323212 -17.283090 43.343540 0.487817 0.820474 0.298090 -0.872946 0.458495 0.166578 0.000000 -0.341475 0.939891 B 2.000000 4.000000 18.000000 C[purple]
-25.163915 -23.529726 60.240969 0.284988 0.900914 0.327315 -0.958531 0.267858 0.097316 -0.000000 -0.341475 0.939891 B 2.000000 4.000000 18.000000 C[purple]
-24.703205 -29.915130 77.365013 0.305071 0.895086 0.325197 -0.952330 0.286733 0.104174 0.000000 -0.341475 0.939891 B 2.000000 4.000000 18.000000 C[purple]
11.950954 31.147425 -77.366226 0.938752 -0.323881 -0.117671 0.344594 0.882324 0.320561 0.000000 -0.341475 0.939891 B 2.000000 4.000000 18.000000 C[purple]
11.786688 24.665801 -59.920817 0.926415 -0.353873 -0.128567 0.376505 0.870729 0.316348 -0.000000 -0.341475 0.939891 B 2.000000 4.000000 18.000000 C[purple]
11.803547 18.678914 -42.888564 0.928593 -0.348793 -0.126721 0.371100 0.872776 0.317092 0.000000 -0.341475 0.939891 B 2.000000 4.000000 18.000000 C[purple]
11.912102 12.325138 -25.697492 0.964567 -0.247979 -0.090094 0.263838 0.906588 0.329376 -0.000000 -0.341475 0.939891 B 2.000000 4.000000 18.000000 C[purple]
12.152872 5.802736 -8.496196 0.935994 -0.330857 -0.120205 0.352016 0.879732 0.319619 -0.000000 -0.341475 0.939891 B 2.000000 4.000000 18.000000 C[purple]
11.863415 -0.235824 8.533779 0.960043 -0.263032 -0.095563 0.279854 0.902335 0.327831 -0.000000 -0.341475 0.939891 B 2.000000 4.000000 18.000000 C[purple]
11.895806 -6.185367 25.647031 0.998937 -0.043329 -0.015742 0.046100 0.938891 0.341112 0.000000 -0.341475 0.939891 B 2.000000 4.000000 18.000000 C[purple]
11.910483 -12.576950 42.933377 0.909114 -0.391509 -0.142241 0.416547 0.854468 0.310440 -0.000000 -0.341475 0.939891 B 2.000000 4.000000 18.000000 C[purple]
11.967413 -18.801031 60.327016 0.968695 -0.233332 -0.084773 0.248254 0.910467 0.330785 0.000000 -0.341475 0.939891 B 2.000000 4.000000 18.000000 C[purple]
11.742579 -24.953447 77.406995 0.976082 -0.204336 -0.074238 0.217404 0.917410 0.333308 0.000000 -0.341475 0.939891 B 2.000000 4.000000 18.000000 C[purple]
-49.245195 25.744561 77.235644 0.552982 0.783110 0.284515 -0.833193 0.519743 0.188830 -0.000000 -0.341475 0.939891 B 2.000000 4.000000 18.000000 C[purple]
-49.544384 19.728204 -77.314706 0.553284 0.782922 0.284447 -0.832993 0.520026 0.188933 0.000000 -0.341475 0.939891 B 2.000000 4.000000 18.000000 C[purple]
-49.266682 13.197580 -60.087256 0.677685 0.691151 0.251105 -0.735353 0.636949 0.231413 -0.000000 -0.341475 0.939891 B 2.000000 4.000000 18.000000 C[purple]
-49.265509 6.894795 -42.982816 0.878905 0.448324 0.162882 -0.476996 0.826075 0.300125 0.000000 -0.341475 0.939891 B 2.000000 4.000000 18.000000 C[purple]
-49.224661 0.645519 -26.048886 0.818020 0.540615 0.196413 -0.575190 0.768849 0.279334 0.000000 -0.341475 0.939891 B 2.000000 4.000000 18.000000 C[purple]
-49.203236 -5.561653 -8.879924 0.476436 0.826360 0.300228 -0.879209 0.447798 0.162691 0.000000 -0.341475 0.939891 B 2.000000 4.000000 18.000000 C[purple]
-48.854046 -11.711476 8.125933 0.374858 0.871356 0.316576 -0.927082 0.352326 0.128005 0.000000 -0.341475 0.939891 B 2.000000 4.000000 18.000000 C[purple]
-48.661564 -17.858767 25.378140 0.292401 0.898814 0.326551 -0.956296 0.274825 0.099848 0.000000 -0.341475 0.939891 B 2.000000 4.000000 18.000000 C[purple]
-49.032028 -24.232378 42.639943 0.243161 0.911681 0.331226 -0.969986 0.228545 0.083034 -0.000000 -0.341475 0.939891 B 2.000000 4.000000 18.000000 C[purple]
-49.194488 -30.665426 60.014608 0.445633 0.841405 0.305694 -0.895216 0.418847 0.152173 0.000000 -0.341475 0.939891 B 2.000000 4.000000 18.000000 C[purple]
-40.677463 -21.167863 -77.551198 -0.150411 0.929198 0.337591 -0.988624 -0.141370 -0.051362 0.000000 -0.341475 0.939891 B 2.000000 4.000000 18.000000 C[purple]
-40.696439 -27.595762 -60.518711 -0.028216 0.939517 0.341339 -0.999602 -0.026520 -0.009635 -0.000000 -0.341475 0.939891 B 2.000000 4.000000 18.000000 C[purple]
-40.739833 28.282504 -43.416904 -0.036194 0.939275 0.341252 -0.999345 -0.034018 -0.012359 0.000000 -0.341475 0.939891 B 2.000000 4.000000 18.000000 C[purple]
-40.995753 22.074612 -26.264217 -0.012925 0.939812 0.341447 -0.999916 -0.012148 -0.004414 0.000000 -0.341475 0.939891 B 2.000000 4.000000 18.000000 C[purple]
-40.992736 15.963842 -9.069721 -0.118484 0.933270 0.339070 -0.992956 -0.111362 -0.040460 0.000000 -0.341475 0.939891 B 2.000000 4.000000 18.000000 C[purple]
-40.932181 10.105488 8.255967 -0.129014 0.932036 0.338622 -0.991643 -0.121259 -0.044055 0.000000 -0.341475 0.939891 B 2.000000 4.000000 18.000000 C[purple]
-41.108611 3.678192 25.730270 0.059050 0.938251 0.340880 -0.998255 0.055501 0.020164 0.000000 -0.341475 0.939891 B 2.000000 4.000000 18.000000 C[purple]
-41.042133 -2.431733 42.855370 -0.094244 0.935707 0.339956 -0.995549 -0.088579 -0.032182 0.000000 -0.341475 0.939891 B 2.000000 4.000000 18.000000 C[purple]
-40.911709 -8.971624 59.934804 0.001430 0.939890 0.341475 -0.999999 0.001344 0.000488 -0.000000 -0.341475 0.939891 B 2.000000 4.000000 18.000000 C[purple]
-40.780922 -14.984187 77.389887 0.101340 0.935052 0.339717 -0.994852 0.095249 0.034605 0.000000 -0.341475 0.939891 B 2.000000 4.000000 18.000000 C[purple]
28.199882 -20.720271 77.956745 0.997298 -0.069043 -0.025084 0.073459 0.937351 0.340553 -0.000000 -0.341475 0.939891 B 2.000000 4.000000 18.000000 C[purple]
28.190884 -27.213880 -77.119755 0.954585 -0.280031 -0.101739 0.297940 0.897205 0.325967 -0.000000 -0.341475 0.939891 B 2.000000 4.000000 18.000000 C[purple]
28.255903 29.197139 -60.105890 0.999946 -0.009782 -0.003554 0.010408 0.939840 0.341457 -0.000000 -0.341475 0.939891 B 2.000000 4.000000 18.000000 C[purple]
28.078917 22.765897 -43.048357 0.988559 -0.141768 -0.051506 0.150835 0.929137 0.337569 -0.000000 -0.341475 0.939891 B 2.000000 4.000000 18.000000 C[purple]
28.099939 16.369801 -25.413232 0.974846 -0.209483 -0.076108 0.222880 0.916249 0.332886 0.000000 -0.341475 0.939891 B 2.000000 4.000000 18.000000 C[purple]
28.199232 10.149245 -8.458091 0.944594 -0.308510 -0.112086 0.328241 0.887815 0.322556 0.000000 -0.341475 0.939891 B 2.000000 4.000000 18.000000 C[purple]
28.172859 4.101033 8.997878 0.996408 -0.079596 -0.028918 0.084686 0.936514 0.340249 0.000000 -0.341475 0.939891 B 2.000000 4.000000 18.000000 C[purple]
28.150567 -1.818702 26.224280 0.990694 0.127930 0.046479 -0.136111 0.931144 0.338297 0.000000 -0.341475 0.939891 B 2.000000 4.000000 18.000000 C[purple]
28.030899 -8.308855 43.690607 0.997226 -0.069956 -0.025416 0.074430 0.937284 0.340528 0.000000 -0.341475 0.939891 B 2.000000 4.000000 18.000000 C[purple]
28.134633 -14.627922 60.926892 0.997538 0.065909 0.023946 -0.070124 0.937577 0.340635 -0.000000 -0.341475 0.939891 B 2.000000 4.000000 18.000000 C[purple]
25.387633 11.730578 -76.604791 0.160750 0.927668 0.337035 -0.986995 0.151087 0.054892 -0.000000 -0.341475 0.939891 B 2.000000 4.000000 18.000000 C[purple]
25.194813 5.677522 -59.517644 0.424093 0.851183 0.309247 -0.905619 0.398601 0.144817 -0.000000 -0.341475 0.939891 B 2.000000 4.000000 18.000000 C[purple]
25.392375 -0.626949 -42.393091 0.690546 0.679812 0.246985 -0.723289 0.649038 0.235804 0.000000 -0.341475 0.939891 B 2.000000 4.000000 18.000000 C[purple]
25.262951 -7.049258 -25.361286 0.603940 0.749121 0.272166 -0.797030 0.567638 0.206231 0.000000 -0.341475 0.939891 B 2.000000 4.000000 18.000000 C[purple]
25.460752 -13.232297 -8.259422 0.571087 0.771546 0.280313 -0.820889 0.536760 0.195012 -0.000000 -0.341475 0.939891 B 2.000000 4.000000 18.000000 C[purple]
25.326504 -19.272982 9.207170 0.415898 0.854747 0.310542 -0.909411 0.390899 0.142019 -0.000000 -0.341475 0.939891 B 2.000000 4.000000 18.000000 C[purple]
25.151620 -25.638522 26.220785 0.221441 0.916557 0.332998 -0.975174 0.208130 0.075617 -0.000000 -0.341475 0.939891 B 2.000000 4.000000 18.000000 C[purple]
24.943245 30.572747 43.375366 0.318705 0.890879 0.323669 -0.947854 0.299548 0.108830 0.000000 -0.341475 0.939891 B 2.000000 4.000000 18.000000 C[purple]
25.038415 24.475416 60.722467 0.221960 0.916446 0.332958 -0.975056 0.208618 0.075794 0.000000 -0.341475 0.939891 B 2.000000 4.000000 18.000000 C[purple]
25.435187 18.079529 78.070607 0.290111 0.899469 0.326790 -0.956993 0.272672 0.099066 -0.000000 -0.341475 0.939891 B 2.000000 4.000000 18.000000 C[purple]
37.785523 15.437361 76.831482 0.997007 -0.072664 -0.026400 0.077311 0.937078 0.340453 -0.000000 -0.341475 0.939891 B 2.000000 4.000000 18.000000 C[purple]
37.630241 9.121021 -78.053342 0.995444 -0.089615 -0.032558 0.095346 0.935609 0.339920 -0.000000 -0.341475 0.939891 B 2.000000 4.000000 18.000000 C[purple]
37.811219 3.003511 -61.013255 0.961878 -0.257042 -0.093387 0.273480 0.904060 0.328458 0.000000 -0.341475 0.939891 B 2.000000 4.000000 18.000000 C[purple]
37.724443 -3.225236 -43.446833 0.984417 -0.165280 -0.060049 0.175851 0.925244 0.336154 0.000000 -0.341475 0.939891 B 2.000000 4.000000 18.000000 C[purple]
37.932455 -9.499680 -26.280069 0.987167 -0.150090 -0.054530 0.159689 0.927829 0.337093 -0.000000 -0.341475 0.939891 B 2.000000 4.000000 18.000000 C[purple]
37.866883 -15.528514 -8.962807 0.905722 -0.398393 -0.144742 0.423872 0.851280 0.309282 0.000000 -0.341475 0.939891 B 2.000000 4.000000 18.000000 C[purple]
37.623584 -21.652010 8.395934 0.955535 -0.277152 -0.100693 0.294876 0.898099 0.326292 0.000000 -0.341475 0.939891 B 2.000000 4.000000 18.000000 C[purple]
37.621927 -28.301084 25.485293 0.936847 -0.328717 -0.119428 0.349740 0.880534 0.319910 0.000000 -0.341475 0.939891 B 2.000000 4.000000 18.000000 C[purple]
37.881379 27.993267 42.564665 0.990001 -0.132581 -0.048169 0.141060 0.930493 0.338061 0.000000 -0.341475 0.939891 B 2.000000 4.000000 18.000000 C[purple]
37.736878 21.496677 59.553708 0.983256 -0.171275 -0.062226 0.182228 0.924153 0.335758 -0.000000 -0.341475 0.939891 B 2.000000 4.000000 18.000000 C[purple]
37.366821 27.026957 77.890932 0.527300 -0.798606 -0.290145 0.849679 0.495604 0.180060 0.000000 -0.341475 0.939891 B 2.000000 4.000000 18.000000 C[purple]
37.227639 20.686203 -77.034166 0.508903 -0.809081 -0.293950 0.860824 0.478313 0.173778 0.000000 -0.341475 0.939891 B 2.000000 4.000000 18.000000 C[purple]
37.499738 14.315833 -59.916255 0.358716 -0.877338 -0.318749 0.933447 0.337154 0.122493 0.000000 -0.341475 0.939891 B 2.000000 4.000000 18.000000 C[purple]
37.559004 8.115683 -42.529466 0.659608 -0.706431 -0.256656 0.751609 0.619960 0.225240 -0.000000 -0.341475 0.939891 B 2.000000 4.000000 18.000000 C[purple]
37.570939 1.962244 -25.552586 0.579938 -0.765692 -0.278187 0.814661 0.545078 0.198035 -0.000000 -0.341475 0.939891 B 2.000000 4.000000 18.000000 C[purple]
37.371880 -4.293125 -7.992240 0.597963 -0.753345 -0.273701 0.801524 0.562020 0.204190 0.000000 -0.341475 0.939891 B 2.000000 4.000000 18.000000 C[purple]
37.715005 -10.438813 9.066519 0.545002 -0.788037 -0.286305 0.838435 0.512242 0.186105 0.000000 -0.341475 0.939891 B 2.000000 4.000000 18.000000 C[purple]
37.539046 -16.780420 26.480023 0.719501 -0.652746 -0.237152 0.694491 0.676253 0.245692 -0.000000 -0.341475 0.939891 B 2.000000 4.000000 18.000000 C[purple]
37.416756 -23.145829 43.634281 0.562445 -0.777134 -0.282344 0.826834 0.528637 0.192061 0.000000 -0.341475 0.939891 B 2.000000 4.000000 18.000000 C[purple]
37.430307 -29.291281 60.830204 0.722776 -0.649542 -0.235988 0.691082 0.679331 0.246810 -0.000000 -0.341475 0.939891 B 2.000000 4.000000 18.000000 C[purple]
31.648702 1.478059 -77.191817 0.413173 0.855914 0.310965 -0.910653 0.388337 0.141088 -0.000000 -0.341475 0.939891 B 2.000000 4.000000 18.000000 C[purple]
31.716318 -4.883056 -60.168504 0.641945 0.720662 0.261826 -0.766751 0.603358 0.219209 0.000000 -0.341475 0.939891 B 2.000000 4.000000 18.000000 C[purple]
31.547604 -11.426314 -43.090449 0.586201 0.761467 0.276652 -0.810166 0.550965 0.200173 0.000000 -0.341475 0.939891 B 2.000000 4.000000 18.000000 C[purple]
31.362631 -17.688536 -25.434195 0.548100 0.786137 0.285614 -0.836413 0.515154 0.187163 0.000000 -0.341475 0.939891 B 2.000000 4.000000 18.000000 C[purple]
31.235726 -23.825523 -8.419452 0.350115 0.880402 0.319862 -0.936707 0.329070 0.119556 0.000000 -0.341475 0.939891 B 2.000000 4.000000 18.000000 C[purple]
31.455509 -30.075140 8.884368 0.507608 0.809799 0.294211 -0.861588 0.477096 0.173336 -0.000000 -0.341475 0.939891 B 2.000000 4.000000 18.000000 C[purple]
31.438206 26.106408 26.060200 0.698289 0.672789 0.244434 -0.715816 0.656315 0.238448 -0.000000 -0.341475 0.939891 B 2.000000 4.000000 18.000000 C[purple]
31.134254 19.632422 43.346781 0.682702 0.686775 0.249515 -0.730697 0.641665 0.233126 0.000000 -0.341475 0.939891 B 2.000000 4.000000 18.000000 C[purple]
31.090516 13.461764 60.423258 0.412128 0.856359 0.311127 -0.911126 0.387355 0.140731 0.000000 -0.341475 0.939891 B 2.000000 4.000000 18.000000 C[purple]
31.269653 7.586485 77.647419 0.357963 0.877610 0.318848 -0.933736 0.336446 0.122236 -0.000000 -0.341475 0.939891 B 2.000000 4.000000 18.000000 C[purple]
45.100121 -4.059114 -77.534642 -0.813731 -0.546303 -0.198480 0.581241 -0.764818 -0.277869 -0.000000 -0.341475 0.939891 B 2.000000 4.000000 18.000000 C[purple]
45.052406 -10.156746 -60.494140 -0.689657 -0.680609 -0.247275 0.724136 -0.648202 -0.235501 -0.000000 -0.341475 0.939891 B 2.000000 4.000000 18.000000 C[purple]
45.110043 -16.241616 -43.523803 -0.559370 -0.779092 -0.283055 0.828918 -0.525747 -0.191011 0.000000 -0.341475 0.939891 B 2.000000 4.000000 18.000000 C[purple]
45.028566 -22.648632 -25.877719 -0.617718 -0.739129 -0.268536 0.786399 -0.580588 -0.210936 -0.000000 -0.341475 0.939891 B 2.000000 4.000000 18.000000 C[purple]
45.243547 -28.678208 -8.830964 -0.581326 -0.764762 -0.277849 0.813671 -0.546383 -0.198509 -0.000000 -0.341475 0.939891 B 2.000000 4.000000 18.000000 C[purple]
44.955787 27.489107 8.291098 -0.453468 -0.837699 -0.304348 0.891272 -0.426211 -0.154848 0.000000 -0.341475 0.939891 B 2.000000 4.000000 18.000000 C[purple]
44.708842 21.323276 25.609465 -0.583889 -0.763035 -0.277221 0.811834 -0.548791 -0.199384 -0.000000 -0.341475 0.939891 B 2.000000 4.000000 18.000000 C[purple]
44.377782 15.172290 42.916242 -0.451014 -0.838869 -0.304773 0.892517 -0.423903 -0.154010 0.000000 -0.341475 0.939891 B 2.000000 4.000000 18.000000 C[purple]
44.582664 8.638865 60.289617 -0.462848 -0.833154 -0.302697 0.886438 -0.435027 -0.158051 0.000000 -0.341475 0.939891 B 2.000000 4.000000 18.000000 C[purple]
44.978869 2.207981 77.484317 -0.511661 -0.807542 -0.293391 0.859188 -0.480905 -0.174720 0.000000 -0.341475 0.939891 B 2.000000 4.000000 18.000000 C[purple]
6.356202 -7.390185 77.719584 0.075950 0.937176 0.340489 -0.997112 0.071385 0.025935 -0.000000 -0.341475 0.939891 B 2.000000 4.000000 18.000000 C[purple]
6.463337 -13.991425 -76.941564 0.019908 0.939704 0.341408 -0.999802 0.018712 0.006798 -0.000000 -0.341475 0.939891 B 2.000000 4.000000 18.000000 C[purple]
6.554596 -20.182687 -59.858993 0.052022 0.938618 0.341013 -0.998646 0.048895 0.017764 0.000000 -0.341475 0.939891 B 2.000000 4.000000 18.000000 C[purple]
6.682308 -26.274524 -42.640404 0.226189 0.915532 0.332626 -0.974083 0.212593 0.077238 -0.000000 -0.341475 0.939891 B 2.000000 4.000000 18.000000 C[purple]
6.240132 29.921119 -25.553744 0.198877 0.921116 0.334654 -0.980025 0.186922 0.067911 0.000000 -0.341475 0.939891 B 2.000000 4.000000 18.000000 C[purple]
6.521311 23.620937 -8.339205 0.124839 0.932538 0.338804 -0.992177 0.117335 0.042630 -0.000000 -0.341475 0.939891 B 2.000000 4.000000 18.000000 C[purple]
6.560620 17.511302 9.118838 -0.049208 0.938752 0.341062 -0.998789 -0.046250 -0.016803 0.000000 -0.341475 0.939891 B 2.000000 4.000000 18.000000 C[purple]
6.326996 11.354651 26.307494 -0.109971 0.934190 0.339404 -0.993935 -0.103361 -0.037552 -0.000000 -0.341475 0.939891 B 2.000000 4.000000 18.000000 C[purple]
6.523570 4.960509 43.481001 0.169603 0.926274 0.336528 -0.985512 0.159408 0.057915 -0.000000 -0.341475 0.939891 B 2.000000 4.000000 18.000000 C[purple]
6.380884 -1.405228 60.343598 0.043406 0.939005 0.341154 -0.999058 0.040797 0.014822 -0.000000 -0.341475 0.939891 B 2.000000 4.000000 18.000000 C[purple]
24.957407 27.310683 77.304484 0.942527 -0.314046 -0.114097 0.334130 0.885872 0.321850 -0.000000 -0.341475 0.939891 B 2.000000 4.000000 18.000000 C[purple]
24.660460 21.300358 -77.552356 0.955290 -0.277898 -0.100964 0.295670 0.897868 0.326208 -0.000000 -0.341475 0.939891 B 2.000000 4.000000 18.000000 C[purple]
24.787466 14.994143 -60.249712 0.960436 -0.261760 -0.095101 0.278501 0.902705 0.327965 -0.000000 -0.341475 0.939891 B 2.000000 4.000000 18.000000 C[purple]
24.889240 8.462401 -43.172793 0.983125 -0.171938 -0.062467 0.182934 0.924030 0.335713 -0.000000 -0.341475 0.939891 B 2.000000 4.000000 18.000000 C[purple]
24.875667 1.909508 -25.836922 0.891873 -0.425099 -0.154445 0.452286 0.838263 0.304553 0.000000 -0.341475 0.939891 B 2.000000 4.000000 18.000000 C[purple]
24.921742 -3.998651 -8.596011 0.946785 -0.302518 -0.109909 0.321865 0.889875 0.323304 0.000000 -0.341475 0.939891 B 2.000000 4.000000 18.000000 C[purple]
24.589310 -10.200287 8.686740 0.964255 -0.249048 -0.090483 0.264975 0.906295 0.329269 -0.000000 -0.341475 0.939891 B 2.000000 4.000000 18.000000 C[purple]
24.513912 -16.761410 25.786509 0.853954 -0.489071 -0.177686 0.520348 0.802624 0.291604 -0.000000 -0.341475 0.939891 B 2.000000 4.000000 18.000000 C[purple]
24.643537 -22.795185 42.967768 0.966348 -0.241775 -0.087840 0.257237 0.908262 0.329984 -0.000000 -0.341475 0.939891 B 2.000000 4.000000 18.000000 C[purple]
24.588943 -29.046612 59.970864 0.923096 -0.361454 -0.131321 0.384570 0.867609 0.315215 0.000000 -0.341475 0.939891 B 2.000000 4.000000 18.000000 C[purple]
3.585696 8.022647 -77.622135 0.942746 0.313465 0.113886 -0.333512 0.886078 0.321924 0.000000 -0.341475 0.939891 B 2.000000 4.000000 18.000000 C[purple]
3.605914 1.956836 -60.645357 0.946807 0.302459 0.109888 -0.321803 0.889895 0.323311 0.000000 -0.341475 0.939891 B 2.000000 4.000000 18.000000 C[purple]
3.521580 -4.320575 -43.046699 0.878478 0.449064 0.163151 -0.477784 0.825673 0.299978 -0.000000 -0.341475 0.939891 B 2.000000 4.000000 18.000000 C[purple]
3.574241 -10.811166 -26.194766 0.945146 0.307015 0.111543 -0.326649 0.888334 0.322744 0.000000 -0.341475 0.939891 B 2.000000 4.000000 18.000000 C[purple]
3.910975 -16.872550 -9.015189 0.946777 0.302542 0.109918 -0.321890 0.889867 0.323301 0.000000 -0.341475 0.939891 B 2.000000 4.000000 18.000000 C[purple]
3.975780 -23.327859 8.337834 0.887696 0.432753 0.157225 -0.460429 0.834337 0.303126 0.000000 -0.341475 0.939891 B 2.000000 4.000000 18.000000 C[purple]
4.356024 -29.546913 25.413001 0.927716 0.350849 0.127468 -0.373287 0.871952 0.316792 -0.000000 -0.341475 0.939891 B 2.000000 4.000000 18.000000 C[purple]
3.984073 26.703641 42.699239 0.928348 0.349368 0.126930 -0.371712 0.872546 0.317008 0.000000 -0.341475 0.939891 B 2.000000 4.000000 18.000000 C[purple]
3.802828 20.488055 59.673049 0.849866 0.495321 0.179957 -0.526998 0.798781 0.290208 0.000000 -0.341475 0.939891 B 2.000000 4.000000 18.000000 C[purple]
3.659800 14.305195 76.867889 0.807831 0.553985 0.201271 -0.589414 0.759273 0.275854 0.000000 -0.341475 0.939891 B 2.000000 4.000000 18.000000 C[purple]
-25.736208 -6.702213 -76.931224 0.840857 0.508723 0.184826 -0.541258 0.790313 0.287132 0.000000 -0.341475 0.939891 B 2.000000 4.000000 18.000000 C[purple]
-25.590592 -13.096883 -60.044439 0.689972 0.680327 0.247172 -0.723836 0.648498 0.235609 0.000000 -0.341475 0.939891 B 2.000000 4.000000 18.000000 C[purple]
-25.478072 -19.546511 -43.155089 0.824948 0.531235 0.193005 -0.565209 0.775361 0.281699 -0.000000 -0.341475 0.939891 B 2.000000 4.000000 18.000000 C[purple]
-25.557908 -25.919725 -25.620625 0.824226 0.532223 0.193364 -0.566261 0.774683 0.281453 -0.000000 -0.341475 0.939891 B 2.000000 4.000000 18.000000 C[purple]
-25.581434 30.100252 -8.696549 0.768617 0.601256 0.218445 -0.639709 0.722416 0.262464 -0.000000 -0.341475 0.939891 B 2.000000 4.000000 18.000000 C[purple]
-25.788200 23.943579 8.460724 0.772013 0.597401 0.217044 -0.635607 0.725607 0.263623 -0.000000 -0.341475 0.939891 B 2.000000 4.000000 18.000000 C[purple]
-25.740746 17.882927 25.526049 0.785056 0.582191 0.211518 -0.619425 0.737867 0.268077 -0.000000 -0.341475 0.939891 B 2.000000 4.000000 18.000000 C[purple]
