-31.650464 -18.747934 -77.482360 -0.131890 0.931680 0.338492 -0.991264 -0.123962 -0.045037 -0.000000 -0.341475 0.939891 B 2.000000 4.000000 18.000000 C[purple]
-31.523253 -25.253531 -60.064501 -0.301042 0.896290 0.325635 -0.953611 -0.282947 -0.102799 -0.000000 -0.341475 0.939891 B 2.000000 4.000000 18.000000 C[purple]
-31.368400 30.964923 -42.669100 -0.570318 0.772049 0.280496 -0.821424 -0.536037 -0.194750 0.000000 -0.341475 0.939891 B 2.000000 4.000000 18.000000 C[purple]
-31.618088 24.338000 -25.518790 -0.600620 0.751475 0.273021 -0.799534 -0.564517 -0.205097 0.000000 -0.341475 0.939891 B 2.000000 4.000000 18.000000 C[purple]
-31.710681 18.358346 -8.272992 -0.722914 0.649407 0.235938 -0.690938 -0.679460 -0.246857 -0.000000 -0.341475 0.939891 B 2.000000 4.000000 18.000000 C[purple]
-31.556935 12.240418 8.673743 -0.495710 0.816284 0.296567 -0.868488 -0.465913 -0.169273 -0.000000 -0.341475 0.939891 B 2.000000 4.000000 18.000000 C[purple]
-31.646845 5.962491 25.951661 -0.159833 0.927808 0.337085 -0.987144 -0.150225 -0.054579 0.000000 -0.341475 0.939891 B 2.000000 4.000000 18.000000 C[purple]
-31.512051 -0.392755 43.358098 -0.362300 0.876036 0.318276 -0.932061 -0.340523 -0.123717 0.000000 -0.341475 0.939891 B 2.000000 4.000000 18.000000 C[purple]
-31.417303 -6.837903 60.254343 -0.377137 0.870487 0.316260 -0.926157 -0.354468 -0.128783 -0.000000 -0.341475 0.939891 B 2.000000 4.000000 18.000000 C[purple]
-31.499877 -12.801537 77.418517 -0.248672 0.910367 0.330749 -0.968588 -0.233725 -0.084915 -0.000000 -0.341475 0.939891 B 2.000000 4.000000 18.000000 C[purple]
13.325008 13.940248 -77.399013 0.999396 -0.032664 -0.011867 0.034753 0.939323 0.341269 -0.000000 -0.341475 0.939891 B 2.000000 4.000000 18.000000 C[purple]
13.610032 7.605022 -60.118154 0.999080 0.040309 0.014645 -0.042887 0.939026 0.341161 -0.000000 -0.341475 0.939891 B 2.000000 4.000000 18.000000 C[purple]
13.855540 1.228691 -43.022010 0.995102 -0.092908 -0.033755 0.098850 0.935287 0.339803 0.000000 -0.341475 0.939891 B 2.000000 4.000000 18.000000 C[purple]
14.061850 -5.033356 -26.073191 1.000000 -0.000583 -0.000212 0.000620 0.939891 0.341475 0.000000 -0.341475 0.939891 B 2.000000 4.000000 18.000000 C[purple]
13.851770 -10.899233 -8.961213 0.999542 0.028440 0.010333 -0.030259 0.939460 0.341319 0.000000 -0.341475 0.939891 B 2.000000 4.000000 18.000000 C[purple]
13.769233 -17.300813 8.512744 0.980336 0.185476 0.067386 -0.197338 0.921408 0.334760 -0.000000 -0.341475 0.939891 B 2.000000 4.000000 18.000000 C[purple]
13.767519 -23.528977 25.953084 0.972388 0.219343 0.079690 -0.233371 0.913938 0.332047 0.000000 -0.341475 0.939891 B 2.000000 4.000000 18.000000 C[purple]
13.894776 -29.862179 43.430912 0.983513 0.169965 0.061751 -0.180835 0.924395 0.335846 -0.000000 -0.341475 0.939891 B 2.000000 4.000000 18.000000 C[purple]
13.611328 26.166807 60.307606 0.987543 0.147890 0.053730 -0.157348 0.928183 0.337222 0.000000 -0.341475 0.939891 B 2.000000 4.000000 18.000000 C[purple]
13.778532 20.220276 77.473195 0.998577 -0.050130 -0.018213 0.053336 0.938553 0.340989 -0.000000 -0.341475 0.939891 B 2.000000 4.000000 18.000000 C[purple]
0.835757 3.373249 -77.230409 0.960869 0.260352 0.094589 -0.277002 0.903112 0.328113 0.000000 -0.341475 0.939891 B 2.000000 4.000000 18.000000 C[purple]
1.189791 -2.952435 -60.229505 0.940850 0.318456 0.115700 -0.338822 0.884296 0.321277 -0.000000 -0.341475 0.939891 B 2.000000 4.000000 18.000000 C[purple]
1.182406 -9.289257 -43.064855 0.969034 0.232086 0.084320 -0.246928 0.910786 0.330901 -0.000000 -0.341475 0.939891 B 2.000000 4.000000 18.000000 C[purple]
1.173813 -15.242921 -25.955769 0.976682 0.201785 0.073311 -0.214690 0.917975 0.333513 0.000000 -0.341475 0.939891 B 2.000000 4.000000 18.000000 C[purple]
0.903501 -21.346993 -8.587472 0.961562 0.258082 0.093765 -0.274587 0.903763 0.328350 0.000000 -0.341475 0.939891 B 2.000000 4.000000 18.000000 C[purple]
0.608125 -27.568969 8.735102 0.954019 0.281728 0.102356 -0.299746 0.896674 0.325774 0.000000 -0.341475 0.939891 B 2.000000 4.000000 18.000000 C[purple]
0.840185 28.432512 26.081239 0.984317 0.165805 0.060239 -0.176409 0.925150 0.336120 0.000000 -0.341475 0.939891 B 2.000000 4.000000 18.000000 C[purple]
0.986839 22.002515 43.104130 0.864092 0.473079 0.171876 -0.503334 0.812152 0.295066 0.000000 -0.341475 0.939891 B 2.000000 4.000000 18.000000 C[purple]
0.773463 16.063782 60.485149 0.886150 0.435545 0.158239 -0.463399 0.832884 0.302598 0.000000 -0.341475 0.939891 B 2.000000 4.000000 18.000000 C[purple]
1.019739 9.619712 77.490647 0.884112 0.439187 0.159563 -0.467274 0.830969 0.301903 -0.000000 -0.341475 0.939891 B 2.000000 4.000000 18.000000 C[purple]
18.077864 31.051853 -77.385922 -0.496850 -0.815671 -0.296345 0.867836 -0.466985 -0.169662 -0.000000 -0.341475 0.939891 B 2.000000 4.000000 18.000000 C[purple]
18.321168 25.045092 -60.402411 -0.549210 -0.785452 -0.285366 0.835684 -0.516198 -0.187542 0.000000 -0.341475 0.939891 B 2.000000 4.000000 18.000000 C[purple]
18.063764 18.507036 -43.120632 -0.555240 -0.781698 -0.284002 0.831690 -0.521865 -0.189601 -0.000000 -0.341475 0.939891 B 2.000000 4.000000 18.000000 C[purple]
17.943104 12.178683 -25.763973 -0.638013 -0.723740 -0.262945 0.770026 -0.599662 -0.217866 -0.000000 -0.341475 0.939891 B 2.000000 4.000000 18.000000 C[purple]
18.245360 5.883864 -8.731624 -0.601873 -0.750589 -0.272699 0.798592 -0.565695 -0.205525 0.000000 -0.341475 0.939891 B 2.000000 4.000000 18.000000 C[purple]
18.253216 -0.045741 8.390771 -0.515533 -0.805364 -0.292600 0.856870 -0.484545 -0.176042 -0.000000 -0.341475 0.939891 B 2.000000 4.000000 18.000000 C[purple]
18.619503 -6.284343 25.562358 -0.462254 -0.833446 -0.302803 0.886748 -0.434468 -0.157848 0.000000 -0.341475 0.939891 B 2.000000 4.000000 18.000000 C[purple]
18.674180 -12.796963 42.624162 -0.565704 -0.775042 -0.281584 0.824609 -0.531700 -0.193174 0.000000 -0.341475 0.939891 B 2.000000 4.000000 18.000000 C[purple]
18.338047 -18.912545 60.123747 -0.575405 -0.768707 -0.279282 0.817869 -0.540818 -0.196487 -0.000000 -0.341475 0.939891 B 2.000000 4.000000 18.000000 C[purple]
18.192420 -25.012123 77.093057 -0.666278 -0.700880 -0.254639 0.745703 -0.626229 -0.227518 0.000000 -0.341475 0.939891 B 2.000000 4.000000 18.000000 C[purple]
42.092863 18.170728 76.921417 0.999427 -0.031807 -0.011556 0.033842 0.939352 0.341280 -0.000000 -0.341475 0.939891 B 2.000000 4.000000 18.000000 C[purple]
42.193510 11.813714 -77.844281 0.989077 0.138538 0.050333 -0.147398 0.929625 0.337746 -0.000000 -0.341475 0.939891 B 2.000000 4.000000 18.000000 C[purple]
42.022690 5.792770 -60.749542 0.927193 0.352069 0.127911 -0.374585 0.871460 0.316614 0.000000 -0.341475 0.939891 B 2.000000 4.000000 18.000000 C[purple]
41.837334 -0.498422 -43.338384 0.987460 0.148379 0.053908 -0.157868 0.928105 0.337193 0.000000 -0.341475 0.939891 B 2.000000 4.000000 18.000000 C[purple]
41.870924 -6.731134 -26.098315 0.991579 0.121719 0.044222 -0.129504 0.931976 0.338600 0.000000 -0.341475 0.939891 B 2.000000 4.000000 18.000000 C[purple]
41.834766 -12.924667 -8.881038 0.989387 0.136570 0.049618 -0.145304 0.929916 0.337851 0.000000 -0.341475 0.939891 B 2.000000 4.000000 18.000000 C[purple]
41.781276 -18.844503 8.527941 0.945542 0.305935 0.111151 -0.325501 0.888706 0.322879 0.000000 -0.341475 0.939891 B 2.000000 4.000000 18.000000 C[purple]
42.156275 -25.288574 25.855584 0.959044 0.266230 0.096725 -0.283256 0.901397 0.327490 0.000000 -0.341475 0.939891 B 2.000000 4.000000 18.000000 C[purple]
42.147614 30.981246 42.803499 0.997391 0.067849 0.024651 -0.072189 0.937439 0.340584 -0.000000 -0.341475 0.939891 B 2.000000 4.000000 18.000000 C[purple]
41.800224 24.490842 59.997165 0.999977 0.006380 0.002318 -0.006788 0.939869 0.341468 0.000000 -0.341475 0.939891 B 2.000000 4.000000 18.000000 C[purple]
-39.256494 28.209505 -77.688282 -0.509985 -0.808478 -0.293731 0.860183 -0.479330 -0.174147 0.000000 -0.341475 0.939891 B 2.000000 4.000000 18.000000 C[purple]
-39.483356 21.962562 -60.529731 -0.333836 -0.885970 -0.321885 0.942631 -0.313769 -0.113997 0.000000 -0.341475 0.939891 B 2.000000 4.000000 18.000000 C[purple]
-39.176388 15.615981 -43.333941 -0.556121 -0.781145 -0.283801 0.831102 -0.522693 -0.189902 -0.000000 -0.341475 0.939891 B 2.000000 4.000000 18.000000 C[purple]
-39.250238 9.400532 -26.110192 -0.444772 -0.841807 -0.305840 0.895644 -0.418037 -0.151879 0.000000 -0.341475 0.939891 B 2.000000 4.000000 18.000000 C[purple]
-39.243273 3.326004 -8.703843 -0.550027 -0.784947 -0.285182 0.835147 -0.516965 -0.187821 0.000000 -0.341475 0.939891 B 2.000000 4.000000 18.000000 C[purple]
-39.074361 -3.283906 8.332620 -0.533625 -0.794885 -0.288793 0.845721 -0.501549 -0.182220 0.000000 -0.341475 0.939891 B 2.000000 4.000000 18.000000 C[purple]
-39.302779 -9.518061 25.764720 -0.582301 -0.764106 -0.277610 0.812973 -0.547299 -0.198841 -0.000000 -0.341475 0.939891 B 2.000000 4.000000 18.000000 C[purple]
-39.357452 -16.030439 42.839052 -0.464603 -0.832291 -0.302383 0.885519 -0.436676 -0.158651 0.000000 -0.341475 0.939891 B 2.000000 4.000000 18.000000 C[purple]
-39.344482 -22.349568 59.917848 -0.724620 -0.647725 -0.235327 0.689149 -0.681063 -0.247440 0.000000 -0.341475 0.939891 B 2.000000 4.000000 18.000000 C[purple]
-39.403270 -28.449149 77.236226 -0.506971 -0.810151 -0.294339 0.861963 -0.476497 -0.173118 0.000000 -0.341475 0.939891 B 2.000000 4.000000 18.000000 C[purple]
45.005943 -25.921175 -77.114080 0.794297 -0.571011 -0.207456 0.607529 0.746553 0.271233 0.000000 -0.341475 0.939891 B 2.000000 4.000000 18.000000 C[purple]
45.186730 30.159473 -60.088127 0.794670 -0.570553 -0.207290 0.607042 0.746903 0.271360 -0.000000 -0.341475 0.939891 B 2.000000 4.000000 18.000000 C[purple]
45.135237 23.872821 -43.162426 0.938746 -0.323896 -0.117676 0.344610 0.882319 0.320559 0.000000 -0.341475 0.939891 B 2.000000 4.000000 18.000000 C[purple]
45.032011 17.753622 -26.023095 0.918409 -0.371850 -0.135098 0.395631 0.863204 0.313614 0.000000 -0.341475 0.939891 B 2.000000 4.000000 18.000000 C[purple]
44.877669 11.748611 -8.770912 0.910490 -0.388673 -0.141210 0.413530 0.855761 0.310910 -0.000000 -0.341475 0.939891 B 2.000000 4.000000 18.000000 C[purple]
45.041872 5.698588 8.712186 0.888265 -0.431721 -0.156850 0.459331 0.834872 0.303321 0.000000 -0.341475 0.939891 B 2.000000 4.000000 18.000000 C[purple]
45.084099 -0.686548 25.813407 0.904943 -0.399955 -0.145309 0.425533 0.850547 0.309016 -0.000000 -0.341475 0.939891 B 2.000000 4.000000 18.000000 C[purple]
45.065085 -6.945304 43.057027 0.685467 -0.684338 -0.248630 0.728104 0.644264 0.234070 0.000000 -0.341475 0.939891 B 2.000000 4.000000 18.000000 C[purple]
44.874476 -12.945389 60.353019 0.773977 -0.595152 -0.216227 0.633214 0.727454 0.264294 -0.000000 -0.341475 0.939891 B 2.000000 4.000000 18.000000 C[purple]
45.113646 -19.403108 77.610299 0.763611 -0.606865 -0.220483 0.645676 0.717711 0.260754 0.000000 -0.341475 0.939891 B 2.000000 4.000000 18.000000 C[purple]
-44.178674 -18.625027 -77.732898 0.896874 -0.415700 -0.151030 0.442286 0.842964 0.306261 0.000000 -0.341475 0.939891 B 2.000000 4.000000 18.000000 C[purple]
-44.186753 -24.730205 -60.733834 0.975650 -0.206148 -0.074896 0.219332 0.917005 0.333161 0.000000 -0.341475 0.939891 B 2.000000 4.000000 18.000000 C[purple]
-44.307810 -30.957770 -43.467878 0.898528 -0.412532 -0.149879 0.438915 0.844519 0.306825 -0.000000 -0.341475 0.939891 B 2.000000 4.000000 18.000000 C[purple]
-44.473542 25.060764 -26.022416 0.749846 -0.621844 -0.225925 0.661613 0.704773 0.256054 0.000000 -0.341475 0.939891 B 2.000000 4.000000 18.000000 C[purple]
-44.309595 18.910949 -8.419207 0.877164 -0.451327 -0.163973 0.480191 0.824438 0.299530 0.000000 -0.341475 0.939891 B 2.000000 4.000000 18.000000 C[purple]
-44.270254 12.454833 8.712731 0.733528 -0.638805 -0.232087 0.679659 0.689436 0.250482 -0.000000 -0.341475 0.939891 B 2.000000 4.000000 18.000000 C[purple]
-44.112311 6.137843 25.827474 0.607800 -0.746358 -0.271162 0.794090 0.571266 0.207549 0.000000 -0.341475 0.939891 B 2.000000 4.000000 18.000000 C[purple]
-44.451640 -0.036352 42.907023 0.508386 -0.809367 -0.294054 0.861129 0.477828 0.173601 0.000000 -0.341475 0.939891 B 2.000000 4.000000 18.000000 C[purple]
-44.507826 -6.259610 60.201881 0.745725 -0.626206 -0.227509 0.666254 0.700900 0.254647 0.000000 -0.341475 0.939891 B 2.000000 4.000000 18.000000 C[purple]
-44.110317 -12.329042 77.280907 0.750671 -0.620963 -0.225605 0.660676 0.705549 0.256336 0.000000 -0.341475 0.939891 B 2.000000 4.000000 18.000000 C[purple]
5.449055 -13.435526 77.590965 0.959752 -0.263967 -0.095903 0.280848 0.902062 0.327732 0.000000 -0.341475 0.939891 B 2.000000 4.000000 18.000000 C[purple]
5.488198 -19.572302 -77.443703 0.931262 -0.342449 -0.124417 0.364350 0.875285 0.318003 0.000000 -0.341475 0.939891 B 2.000000 4.000000 18.000000 C[purple]
5.541010 -25.466525 -60.159258 0.832997 -0.520021 -0.188931 0.553278 0.782926 0.284448 0.000000 -0.341475 0.939891 B 2.000000 4.000000 18.000000 C[purple]
5.775862 30.425586 -42.812781 0.819815 -0.538208 -0.195539 0.572628 0.770537 0.279947 -0.000000 -0.341475 0.939891 B 2.000000 4.000000 18.000000 C[purple]
5.666000 24.275402 -25.598058 0.835619 -0.516291 -0.187576 0.549310 0.785390 0.285343 0.000000 -0.341475 0.939891 B 2.000000 4.000000 18.000000 C[purple]
5.517522 17.769508 -8.416658 0.906317 -0.397196 -0.144307 0.422598 0.851839 0.309485 0.000000 -0.341475 0.939891 B 2.000000 4.000000 18.000000 C[purple]
5.555987 11.185840 8.886386 0.922822 -0.362072 -0.131546 0.385228 0.867351 0.315121 0.000000 -0.341475 0.939891 B 2.000000 4.000000 18.000000 C[purple]
5.557030 5.154011 25.965671 0.871505 -0.460909 -0.167455 0.490386 0.819120 0.297598 0.000000 -0.341475 0.939891 B 2.000000 4.000000 18.000000 C[purple]
5.421553 -1.429702 43.050221 0.942724 -0.313522 -0.113907 0.333573 0.886058 0.321917 -0.000000 -0.341475 0.939891 B 2.000000 4.000000 18.000000 C[purple]
5.415724 -7.491269 60.269145 0.999987 0.004778 0.001736 -0.005083 0.939879 0.341471 -0.000000 -0.341475 0.939891 B 2.000000 4.000000 18.000000 C[purple]
-40.396212 -3.241908 -77.663815 0.073864 -0.937323 -0.340543 0.997268 0.069424 0.025223 0.000000 -0.341475 0.939891 B 2.000000 4.000000 18.000000 C[purple]
-40.164576 -9.685258 -60.362323 0.217002 -0.917494 -0.333338 0.976171 0.203958 0.074101 0.000000 -0.341475 0.939891 B 2.000000 4.000000 18.000000 C[purple]
-40.108697 -15.868286 -43.279422 0.546566 -0.787080 -0.285957 0.837416 0.513712 0.186639 0.000000 -0.341475 0.939891 B 2.000000 4.000000 18.000000 C[purple]
-40.212949 -22.209791 -26.235423 0.458817 -0.835122 -0.303411 0.888531 0.431238 0.156675 -0.000000 -0.341475 0.939891 B 2.000000 4.000000 18.000000 C[purple]
-39.981809 -28.321282 -9.006008 0.275828 -0.903429 -0.328229 0.961207 0.259249 0.094189 0.000000 -0.341475 0.939891 B 2.000000 4.000000 18.000000 C[purple]
-39.884975 28.205881 8.470844 0.292310 -0.898840 -0.326561 0.956324 0.274739 0.099817 -0.000000 -0.341475 0.939891 B 2.000000 4.000000 18.000000 C[purple]
-40.175132 22.067229 25.792621 0.275258 -0.903583 -0.328284 0.961370 0.258712 0.093994 -0.000000 -0.341475 0.939891 B 2.000000 4.000000 18.000000 C[purple]
-40.030324 15.914546 42.763342 0.294334 -0.898256 -0.326349 0.955703 0.276642 0.100508 -0.000000 -0.341475 0.939891 B 2.000000 4.000000 18.000000 C[purple]
-40.173973 9.495351 59.628543 0.322440 -0.889691 -0.323237 0.946590 0.303059 0.110105 0.000000 -0.341475 0.939891 B 2.000000 4.000000 18.000000 C[purple]
-40.474976 2.939945 77.067126 0.293662 -0.898450 -0.326420 0.955909 0.276010 0.100278 -0.000000 -0.341475 0.939891 B 2.000000 4.000000 18.000000 C[purple]
1.748436 -9.275911 77.794926 0.486303 0.821267 0.298378 -0.873790 0.457072 0.166061 -0.000000 -0.341475 0.939891 B 2.000000 4.000000 18.000000 C[purple]
1.972728 -15.499303 -77.088115 0.227499 0.915245 0.332521 -0.973778 0.213824 0.077685 0.000000 -0.341475 0.939891 B 2.000000 4.000000 18.000000 C[purple]
2.235912 -21.427182 -60.057168 0.254911 0.908841 0.330195 -0.966964 0.239589 0.087046 0.000000 -0.341475 0.939891 B 2.000000 4.000000 18.000000 C[purple]
2.170922 -27.352711 -42.802454 0.249127 0.910257 0.330709 -0.968471 0.234152 0.085071 -0.000000 -0.341475 0.939891 B 2.000000 4.000000 18.000000 C[purple]
2.091917 28.762249 -25.346467 0.365331 0.874923 0.317872 -0.930878 0.343371 0.124752 0.000000 -0.341475 0.939891 B 2.000000 4.000000 18.000000 C[purple]
1.934689 22.371742 -8.394109 0.369994 0.873191 0.317242 -0.929034 0.347754 0.126344 0.000000 -0.341475 0.939891 B 2.000000 4.000000 18.000000 C[purple]
2.064559 16.102143 8.688432 0.522918 0.801147 0.291068 -0.852383 0.491485 0.178563 -0.000000 -0.341475 0.939891 B 2.000000 4.000000 18.000000 C[purple]
2.203463 9.788127 26.028261 0.347396 0.881353 0.320208 -0.937719 0.326514 0.118627 -0.000000 -0.341475 0.939891 B 2.000000 4.000000 18.000000 C[purple]
2.196711 3.393100 42.915619 0.402500 0.860395 0.312593 -0.915420 0.378306 0.137444 -0.000000 -0.341475 0.939891 B 2.000000 4.000000 18.000000 C[purple]
1.911013 -2.836410 60.452193 0.426911 0.849937 0.308794 -0.904294 0.401249 0.145779 0.000000 -0.341475 0.939891 B 2.000000 4.000000 18.000000 C[purple]
-10.978928 -14.311564 -78.399447 0.985270 -0.160727 -0.058394 0.171006 0.926046 0.336445 -0.000000 -0.341475 0.939891 B 2.000000 4.000000 18.000000 C[purple]
-10.688464 -20.436024 -60.992495 0.956937 -0.272846 -0.099129 0.290296 0.899416 0.326770 0.000000 -0.341475 0.939891 B 2.000000 4.000000 18.000000 C[purple]
-10.839662 -26.822029 -43.412382 0.962335 -0.255526 -0.092836 0.271867 0.904489 0.328614 -0.000000 -0.341475 0.939891 B 2.000000 4.000000 18.000000 C[purple]
-10.857808 29.541244 -26.404767 0.995391 -0.090131 -0.032746 0.095895 0.935559 0.339902 -0.000000 -0.341475 0.939891 B 2.000000 4.000000 18.000000 C[purple]
-10.822762 23.506380 -9.433385 0.993344 -0.108261 -0.039333 0.115185 0.933635 0.339203 -0.000000 -0.341475 0.939891 B 2.000000 4.000000 18.000000 C[purple]
-10.628108 17.414875 7.706695 0.955982 -0.275786 -0.100197 0.293424 0.898519 0.326445 0.000000 -0.341475 0.939891 B 2.000000 4.000000 18.000000 C[purple]
-10.760519 11.028442 24.989826 0.982251 -0.176297 -0.064051 0.187572 0.923208 0.335414 -0.000000 -0.341475 0.939891 B 2.000000 4.000000 18.000000 C[purple]
-10.822811 4.832260 42.141712 0.969952 -0.228671 -0.083080 0.243296 0.911649 0.331215 0.000000 -0.341475 0.939891 B 2.000000 4.000000 18.000000 C[purple]
-10.964025 -1.543873 59.167615 0.973344 -0.215566 -0.078318 0.229352 0.914837 0.332373 0.000000 -0.341475 0.939891 B 2.000000 4.000000 18.000000 C[purple]
-10.943373 -8.202540 76.383035 0.948285 -0.298341 -0.108391 0.317420 0.891284 0.323816 -0.000000 -0.341475 0.939891 B 2.000000 4.000000 18.000000 C[purple]
9.380240 -25.874516 -77.583276 0.997246 -0.069709 -0.025326 0.074167 0.937302 0.340535 -0.000000 -0.341475 0.939891 B 2.000000 4.000000 18.000000 C[purple]
9.412193 30.085362 -60.520688 0.993066 -0.110490 -0.040143 0.117556 0.933374 0.339108 -0.000000 -0.341475 0.939891 B 2.000000 4.000000 18.000000 C[purple]
9.517932 23.505327 -43.474173 0.988887 -0.139730 -0.050766 0.148666 0.929446 0.337681 0.000000 -0.341475 0.939891 B 2.000000 4.000000 18.000000 C[purple]
9.637523 17.238897 -26.514138 0.992766 -0.112851 -0.041000 0.120068 0.933091 0.339005 0.000000 -0.341475 0.939891 B 2.000000 4.000000 18.000000 C[purple]
9.465203 10.944472 -9.031345 0.979628 -0.188751 -0.068576 0.200822 0.920743 0.334519 0.000000 -0.341475 0.939891 B 2.000000 4.000000 18.000000 C[purple]
9.648655 5.015030 8.129435 0.966497 -0.241251 -0.087650 0.256680 0.908401 0.330035 0.000000 -0.341475 0.939891 B 2.000000 4.000000 18.000000 C[purple]
9.744439 -1.208823 25.375803 0.976803 -0.201268 -0.073123 0.214140 0.918088 0.333554 -0.000000 -0.341475 0.939891 B 2.000000 4.000000 18.000000 C[purple]
9.748072 -7.066839 42.696983 0.994727 -0.096391 -0.035020 0.102556 0.934935 0.339675 0.000000 -0.341475 0.939891 B 2.000000 4.000000 18.000000 C[purple]
9.692177 -13.375637 60.356072 0.978526 -0.193735 -0.070386 0.206125 0.919707 0.334142 0.000000 -0.341475 0.939891 B 2.000000 4.000000 18.000000 C[purple]
9.503528 -19.677883 77.403136 0.933578 -0.336832 -0.122376 0.358374 0.877461 0.318794 0.000000 -0.341475 0.939891 B 2.000000 4.000000 18.000000 C[purple]
7.479533 4.269431 -76.866478 0.777060 0.591592 0.214934 -0.629427 0.730351 0.265347 0.000000 -0.341475 0.939891 B 2.000000 4.000000 18.000000 C[purple]
7.786730 -2.039219 -59.764716 0.817780 0.540936 0.196530 -0.575531 0.768624 0.279252 -0.000000 -0.341475 0.939891 B 2.000000 4.000000 18.000000 C[purple]
8.062610 -8.328064 -42.597041 0.679696 0.689404 0.250470 -0.733494 0.638840 0.232100 0.000000 -0.341475 0.939891 B 2.000000 4.000000 18.000000 C[purple]
7.845161 -14.355077 -25.602965 0.541338 0.790265 0.287114 -0.840805 0.508799 0.184854 0.000000 -0.341475 0.939891 B 2.000000 4.000000 18.000000 C[purple]
7.612597 -20.410952 -8.363109 0.801287 0.562318 0.204298 -0.598280 0.753122 0.273620 -0.000000 -0.341475 0.939891 B 2.000000 4.000000 18.000000 C[purple]
7.388341 -26.939615 8.719137 0.746825 0.625047 0.227088 -0.665021 0.701933 0.255022 0.000000 -0.341475 0.939891 B 2.000000 4.000000 18.000000 C[purple]
7.572086 29.297541 26.112743 0.746851 0.625019 0.227078 -0.664991 0.701959 0.255031 0.000000 -0.341475 0.939891 B 2.000000 4.000000 18.000000 C[purple]
7.484582 23.437185 43.299316 0.706567 0.665110 0.241644 -0.707646 0.664096 0.241275 -0.000000 -0.341475 0.939891 B 2.000000 4.000000 18.000000 C[purple]
7.205478 16.975059 60.292178 0.636050 0.725264 0.263499 -0.771647 0.597818 0.217196 -0.000000 -0.341475 0.939891 B 2.000000 4.000000 18.000000 C[purple]
7.378201 10.427497 77.826298 0.564128 0.776056 0.281952 -0.825687 0.530219 0.192636 0.000000 -0.341475 0.939891 B 2.000000 4.000000 18.000000 C[purple]
-12.088207 30.906582 77.273957 -0.656574 -0.708924 -0.257562 0.754262 -0.617108 -0.224204 0.000000 -0.341475 0.939891 B 2.000000 4.000000 18.000000 C[purple]
-12.092156 24.581161 -77.631300 -0.625657 -0.733207 -0.266384 0.780099 -0.588049 -0.213646 0.000000 -0.341475 0.939891 B 2.000000 4.000000 18.000000 C[purple]
-12.233982 18.305703 -60.440450 -0.343550 -0.882684 -0.320691 0.939134 -0.322900 -0.117314 0.000000 -0.341475 0.939891 B 2.000000 4.000000 18.000000 C[purple]
-12.080497 12.152301 -42.991607 -0.244189 -0.911438 -0.331138 0.969728 -0.229511 -0.083385 -0.000000 -0.341475 0.939891 B 2.000000 4.000000 18.000000 C[purple]
-11.998363 5.794855 -25.506057 0.139675 -0.930677 -0.338128 0.990197 0.131279 0.047696 -0.000000 -0.341475 0.939891 B 2.000000 4.000000 18.000000 C[purple]
-11.930545 -0.552628 -8.289201 -0.199515 -0.920994 -0.334610 0.979895 -0.187522 -0.068129 0.000000 -0.341475 0.939891 B 2.000000 4.000000 18.000000 C[purple]
-11.744150 -7.067225 8.649505 -0.298756 -0.896965 -0.325880 0.954329 -0.280798 -0.102018 0.000000 -0.341475 0.939891 B 2.000000 4.000000 18.000000 C[purple]
-11.846154 -13.365761 25.669431 -0.226167 -0.915537 -0.332627 0.974089 -0.212572 -0.077230 0.000000 -0.341475 0.939891 B 2.000000 4.000000 18.000000 C[purple]
-12.077958 -19.332257 42.762035 -0.304727 -0.895189 -0.325235 0.952440 -0.286410 -0.104057 -0.000000 -0.341475 0.939891 B 2.000000 4.000000 18.000000 C[purple]
-12.103409 -25.666405 59.978750 -0.629205 -0.730520 -0.265408 0.777240 -0.591384 -0.214858 -0.000000 -0.341475 0.939891 B 2.000000 4.000000 18.000000 C[purple]
-17.512030 19.656013 76.954276 0.313797 -0.892417 -0.324228 0.949490 0.294935 0.107154 0.000000 -0.341475 0.939891 B 2.000000 4.000000 18.000000 C[purple]
-17.676167 13.451689 -77.679667 0.461198 -0.833963 -0.302990 0.887297 0.433476 0.157488 -0.000000 -0.341475 0.939891 B 2.000000 4.000000 18.000000 C[purple]
-17.672955 6.904573 -60.490467 0.399424 -0.861660 -0.313053 0.916766 0.375415 0.136393 0.000000 -0.341475 0.939891 B 2.000000 4.000000 18.000000 C[purple]
-17.491363 0.758647 -43.400483 0.043813 -0.938988 -0.341148 0.999040 0.041179 0.014961 -0.000000 -0.341475 0.939891 B 2.000000 4.000000 18.000000 C[purple]
-17.607784 -5.527131 -26.382139 0.147728 -0.929578 -0.337729 0.989028 0.138848 0.050445 0.000000 -0.341475 0.939891 B 2.000000 4.000000 18.000000 C[purple]
-17.610227 -11.602943 -8.904265 0.161900 -0.927491 -0.336970 0.986807 0.152168 0.055285 0.000000 -0.341475 0.939891 B 2.000000 4.000000 18.000000 C[purple]
-17.710924 -17.755338 8.448142 0.327864 -0.887938 -0.322600 0.944725 0.308157 0.111958 0.000000 -0.341475 0.939891 B 2.000000 4.000000 18.000000 C[purple]
-17.622429 -24.247510 25.475854 0.398194 -0.862163 -0.313236 0.917301 0.374259 0.135974 -0.000000 -0.341475 0.939891 B 2.000000 4.000000 18.000000 C[purple]
-17.475950 -30.689246 42.778331 0.624551 -0.734040 -0.266687 0.780984 0.587009 0.213269 -0.000000 -0.341475 0.939891 B 2.000000 4.000000 18.000000 C[purple]
-17.477118 25.594781 59.812223 0.387005 -0.866652 -0.314867 0.922078 0.363743 0.132153 0.000000 -0.341475 0.939891 B 2.000000 4.000000 18.000000 C[purple]
-21.759794 0.229036 -77.769320 0.639590 0.722509 0.262498 -0.768716 0.601145 0.218404 0.000000 -0.341475 0.939891 B 2.000000 4.000000 18.000000 C[purple]
-21.662019 -5.756544 -60.725449 0.721820 0.650480 0.236329 -0.692081 0.678432 0.246484 0.000000 -0.341475 0.939891 B 2.000000 4.000000 18.000000 C[purple]
-21.873476 -11.801155 -43.526088 0.625758 0.733131 0.266357 -0.780017 0.588144 0.213681 0.000000 -0.341475 0.939891 B 2.000000 4.000000 18.000000 C[purple]
-21.749795 -17.990660 -26.055623 0.416354 0.854551 0.310470 -0.909203 0.391327 0.142175 0.000000 -0.341475 0.939891 B 2.000000 4.000000 18.000000 C[purple]
-21.523807 -24.039366 -8.880063 0.516519 0.804805 0.292397 -0.856275 0.485472 0.176379 -0.000000 -0.341475 0.939891 B 2.000000 4.000000 18.000000 C[purple]
-21.697691 -30.337460 8.304849 0.713927 0.658130 0.239108 -0.700220 0.671014 0.243789 -0.000000 -0.341475 0.939891 B 2.000000 4.000000 18.000000 C[purple]
-21.491158 25.855454 25.207887 0.755065 0.616239 0.223888 -0.655650 0.709679 0.257836 0.000000 -0.341475 0.939891 B 2.000000 4.000000 18.000000 C[purple]
-21.583272 19.494653 42.478485 0.591253 0.758009 0.275395 -0.806486 0.555713 0.201898 0.000000 -0.341475 0.939891 B 2.000000 4.000000 18.000000 C[purple]
-21.562831 12.895478 59.783760 0.546491 0.787125 0.285974 -0.837465 0.513642 0.186613 -0.000000 -0.341475 0.939891 B 2.000000 4.000000 18.000000 C[purple]
-21.972964 6.538366 77.014474 0.527539 0.798466 0.290094 -0.849531 0.495829 0.180142 0.000000 -0.341475 0.939891 B 2.000000 4.000000 18.000000 C[purple]
-27.290257 -14.146754 77.670168 -0.628724 0.730886 0.265541 -0.777628 -0.590932 -0.214694 -0.000000 -0.341475 0.939891 B 2.000000 4.000000 18.000000 C[purple]
-27.120671 -20.276298 -77.402726 -0.771543 0.597937 0.217239 -0.636177 -0.725166 -0.263463 -0.000000 -0.341475 0.939891 B 2.000000 4.000000 18.000000 C[purple]
-26.828904 -26.769624 -60.075747 -0.816223 0.543010 0.197283 -0.577737 -0.767160 -0.278720 0.000000 -0.341475 0.939891 B 2.000000 4.000000 18.000000 C[purple]
-26.545167 29.655590 -42.768143 -0.904024 0.401786 0.145975 -0.427482 -0.849684 -0.308702 0.000000 -0.341475 0.939891 B 2.000000 4.000000 18.000000 C[purple]
-26.842246 23.176573 -25.735662 -0.836184 0.515482 0.187282 -0.548449 -0.785921 -0.285536 0.000000 -0.341475 0.939891 B 2.000000 4.000000 18.000000 C[purple]
-26.751352 16.996846 -8.771503 -0.724426 0.647916 0.235397 -0.689353 -0.680881 -0.247374 0.000000 -0.341475 0.939891 B 2.000000 4.000000 18.000000 C[purple]
-26.916862 10.890903 8.229734 -0.787604 0.579143 0.210411 -0.616181 -0.740262 -0.268947 0.000000 -0.341475 0.939891 B 2.000000 4.000000 18.000000 C[purple]
-26.746190 4.757947 25.524135 -0.574821 0.769093 0.279422 -0.818279 -0.540269 -0.196287 0.000000 -0.341475 0.939891 B 2.000000 4.000000 18.000000 C[purple]
-27.046775 -1.547674 43.016403 -0.500312 0.813800 0.295665 -0.865845 -0.470239 -0.170844 0.000000 -0.341475 0.939891 B 2.000000 4.000000 18.000000 C[purple]
-27.362735 -7.818203 60.371177 -0.503242 0.812203 0.295085 -0.864146 -0.472992 -0.171845 0.000000 -0.341475 0.939891 B 2.000000 4.000000 18.000000 C[purple]
48.502806 4.018275 77.790125 -0.735095 -0.637212 -0.231508 0.677964 -0.690909 -0.251017 0.000000 -0.341475 0.939891 B 2.000000 4.000000 18.000000 C[purple]
48.758050 -2.518966 -77.031830 -0.870878 -0.461956 -0.167835 0.491500 -0.818530 -0.297383 0.000000 -0.341475 0.939891 B 2.000000 4.000000 18.000000 C[purple]
48.918739 -8.968211 -60.043023 -0.796833 -0.567881 -0.206319 0.604199 -0.748936 -0.272099 -0.000000 -0.341475 0.939891 B 2.000000 4.000000 18.000000 C[purple]
48.691288 -15.338324 -42.899802 -0.851247 -0.493222 -0.179194 0.524765 -0.800079 -0.290680 -0.000000 -0.341475 0.939891 B 2.000000 4.000000 18.000000 C[purple]
48.723967 -21.453843 -25.523857 -0.901794 -0.406189 -0.147574 0.432166 -0.847588 -0.307941 0.000000 -0.341475 0.939891 B 2.000000 4.000000 18.000000 C[purple]
48.779248 -27.590032 -8.303141 -0.694329 -0.676400 -0.245745 0.719658 -0.652593 -0.237096 0.000000 -0.341475 0.939891 B 2.000000 4.000000 18.000000 C[purple]
48.805746 28.911366 8.824999 -0.766733 -0.603377 -0.219215 0.641966 -0.720646 -0.261821 -0.000000 -0.341475 0.939891 B 2.000000 4.000000 18.000000 C[purple]
48.528599 22.506208 26.122861 -0.814648 -0.545094 -0.198040 0.579955 -0.765680 -0.278182 0.000000 -0.341475 0.939891 B 2.000000 4.000000 18.000000 C[purple]
48.679315 16.394706 43.135156 -0.876632 -0.452239 -0.164305 0.481161 -0.823938 -0.299348 -0.000000 -0.341475 0.939891 B 2.000000 4.000000 18.000000 C[purple]
48.537329 10.499117 60.325556 -0.758105 -0.612934 -0.222687 0.652133 -0.712536 -0.258874 -0.000000 -0.341475 0.939891 B 2.000000 4.000000 18.000000 C[purple]
28.091548 2.053613 77.261445 0.888590 -0.431130 -0.156636 0.458703 0.835177 0.303432 0.000000 -0.341475 0.939891 B 2.000000 4.000000 18.000000 C[purple]
27.861633 -4.283466 -77.514271 0.912037 -0.385456 -0.140042 0.410107 0.857215 0.311438 -0.000000 -0.341475 0.939891 B 2.000000 4.000000 18.000000 C[purple]
27.676853 -10.606839 -60.293858 0.872765 -0.458798 -0.166688 0.488140 0.820304 0.298028 -0.000000 -0.341475 0.939891 B 2.000000 4.000000 18.000000 C[purple]
28.052599 -16.954236 -42.928621 0.889298 -0.429838 -0.156166 0.457327 0.835843 0.303674 0.000000 -0.341475 0.939891 B 2.000000 4.000000 18.000000 C[purple]
28.393488 -23.424422 -25.809311 0.917101 -0.374692 -0.136131 0.398654 0.861975 0.313168 -0.000000 -0.341475 0.939891 B 2.000000 4.000000 18.000000 C[purple]
28.434617 -29.665671 -8.280568 0.894218 -0.420725 -0.152855 0.447632 0.840467 0.305353 -0.000000 -0.341475 0.939891 B 2.000000 4.000000 18.000000 C[purple]
28.501181 26.769812 8.853595 0.907690 -0.394417 -0.143297 0.419641 0.853129 0.309954 -0.000000 -0.341475 0.939891 B 2.000000 4.000000 18.000000 C[purple]
28.314589 20.519956 26.178650 0.878299 -0.449372 -0.163263 0.478111 0.825505 0.299918 0.000000 -0.341475 0.939891 B 2.000000 4.000000 18.000000 C[purple]
28.366683 14.252019 43.203966 0.850833 -0.493853 -0.179424 0.525437 0.799690 0.290538 0.000000 -0.341475 0.939891 B 2.000000 4.000000 18.000000 C[purple]
28.195263 8.212511 60.217104 0.796159 -0.568716 -0.206622 0.605087 0.748303 0.271869 -0.000000 -0.341475 0.939891 B 2.000000 4.000000 18.000000 C[purple]
6.314334 17.992986 -77.265923 0.058120 0.938302 0.340898 -0.998310 0.054627 0.019847 0.000000 -0.341475 0.939891 B 2.000000 4.000000 18.000000 C[purple]
6.407925 11.903488 -60.092208 0.129666 0.931956 0.338593 -0.991558 0.121872 0.044278 0.000000 -0.341475 0.939891 B 2.000000 4.000000 18.000000 C[purple]
6.786953 5.722301 -43.144093 -0.041198 0.939093 0.341185 -0.999151 -0.038722 -0.014068 0.000000 -0.341475 0.939891 B 2.000000 4.000000 18.000000 C[purple]
7.041666 -0.556608 -25.892884 -0.068009 0.937715 0.340685 -0.997685 -0.063921 -0.023223 0.000000 -0.341475 0.939891 B 2.000000 4.000000 18.000000 C[purple]
6.868441 -6.692051 -8.928000 0.007087 0.939867 0.341467 -0.999975 0.006661 0.002420 0.000000 -0.341475 0.939891 B 2.000000 4.000000 18.000000 C[purple]
6.724856 -12.895480 8.352820 -0.342456 0.883059 0.320828 -0.939534 -0.321872 -0.116940 0.000000 -0.341475 0.939891 B 2.000000 4.000000 18.000000 C[purple]
6.630791 -18.824142 25.656708 -0.324879 0.888907 0.322952 -0.945755 -0.305351 -0.110938 0.000000 -0.341475 0.939891 B 2.000000 4.000000 18.000000 C[purple]
6.839302 -25.134173 42.634271 -0.381544 0.868788 0.315643 -0.924350 -0.358610 -0.130288 -0.000000 -0.341475 0.939891 B 2.000000 4.000000 18.000000 C[purple]
6.559160 30.916288 59.789887 -0.275624 0.903485 0.328249 -0.961266 -0.259056 -0.094119 -0.000000 -0.341475 0.939891 B 2.000000 4.000000 18.000000 C[purple]
6.399522 24.505925 77.272454 -0.107076 0.934487 0.339512 -0.994251 -0.100640 -0.036564 0.000000 -0.341475 0.939891 B 2.000000 4.000000 18.000000 C[purple]
41.885031 -8.799622 -77.772861 0.999849 0.016352 0.005941 -0.017398 0.939748 0.341424 -0.000000 -0.341475 0.939891 B 2.000000 4.000000 18.000000 C[purple]
41.902246 -15.023657 -60.341341 0.999524 0.028991 0.010533 -0.030845 0.939443 0.341313 -0.000000 -0.341475 0.939891 B 2.000000 4.000000 18.000000 C[purple]
41.922445 -21.149160 -42.965205 0.971253 -0.223742 -0.081289 0.238051 0.912871 0.331659 -0.000000 -0.341475 0.939891 B 2.000000 4.000000 18.000000 C[purple]
42.047490 -27.553021 -25.929318 0.949499 -0.294911 -0.107145 0.313771 0.892425 0.324230 -0.000000 -0.341475 0.939891 B 2.000000 4.000000 18.000000 C[purple]
42.089906 28.641761 -8.947834 0.995111 -0.092829 -0.033726 0.098765 0.935295 0.339806 -0.000000 -0.341475 0.939891 B 2.000000 4.000000 18.000000 C[purple]
41.971912 22.845552 8.335610 0.991465 -0.122536 -0.044519 0.130373 0.931869 0.338561 0.000000 -0.341475 0.939891 B 2.000000 4.000000 18.000000 C[purple]
42.037534 16.942427 25.563873 0.987698 0.146974 0.053398 -0.156374 0.928328 0.337275 0.000000 -0.341475 0.939891 B 2.000000 4.000000 18.000000 C[purple]
41.788366 10.706348 42.502281 0.999635 0.025378 0.009220 -0.027001 0.939548 0.341351 -0.000000 -0.341475 0.939891 B 2.000000 4.000000 18.000000 C[purple]
41.707382 4.216729 59.878560 0.965714 -0.244003 -0.088650 0.259607 0.907666 0.329768 0.000000 -0.341475 0.939891 B 2.000000 4.000000 18.000000 C[purple]
41.747488 -2.344661 77.183101 0.987642 -0.147305 -0.053518 0.156726 0.928276 0.337255 0.000000 -0.341475 0.939891 B 2.000000 4.000000 18.000000 C[purple]
35.032610 -11.734720 77.695767 0.722534 0.649780 0.236074 -0.691335 0.679103 0.246728 -0.000000 -0.341475 0.939891 B 2.000000 4.000000 18.000000 C[purple]
34.964544 -17.708249 -77.142691 0.564512 0.775809 0.281862 -0.825425 0.530580 0.192767 -0.000000 -0.341475 0.939891 B 2.000000 4.000000 18.000000 C[purple]
35.194275 -24.043292 -60.203688 0.751777 0.619780 0.225175 -0.659417 0.706589 0.256713 -0.000000 -0.341475 0.939891 B 2.000000 4.000000 18.000000 C[purple]
35.251052 -30.469127 -42.650494 0.732401 0.639947 0.232502 -0.680874 0.688376 0.250097 -0.000000 -0.341475 0.939891 B 2.000000 4.000000 18.000000 C[purple]
35.295204 25.695012 -25.133686 0.824819 0.531412 0.193069 -0.565397 0.775239 0.281655 -0.000000 -0.341475 0.939891 B 2.000000 4.000000 18.000000 C[purple]
35.409666 19.603668 -7.817198 0.939027 0.323176 0.117414 -0.343845 0.882582 0.320654 0.000000 -0.341475 0.939891 B 2.000000 4.000000 18.000000 C[purple]
35.219967 13.119026 9.327056 0.893693 0.421710 0.153213 -0.448680 0.839973 0.305174 -0.000000 -0.341475 0.939891 B 2.000000 4.000000 18.000000 C[purple]
34.937490 6.718421 26.400973 0.883495 0.440283 0.159961 -0.468441 0.830389 0.301692 0.000000 -0.341475 0.939891 B 2.000000 4.000000 18.000000 C[purple]
34.732822 0.729967 43.605720 0.889668 0.429161 0.155920 -0.456607 0.836191 0.303800 0.000000 -0.341475 0.939891 B 2.000000 4.000000 18.000000 C[purple]
34.703657 -5.351880 60.784207 0.671594 0.696383 0.253006 -0.740919 0.631225 0.229333 0.000000 -0.341475 0.939891 B 2.000000 4.000000 18.000000 C[purple]
-24.765589 -16.385383 77.056673 0.835968 -0.515791 -0.187394 0.548778 0.785719 0.285463 -0.000000 -0.341475 0.939891 B 2.000000 4.000000 18.000000 C[purple]
-24.500391 -22.541715 -77.890270 0.838644 -0.511940 -0.185995 0.544680 0.788234 0.286376 0.000000 -0.341475 0.939891 B 2.000000 4.000000 18.000000 C[purple]
-24.534659 -29.117556 -60.487806 0.904820 -0.400201 -0.145398 0.425795 0.850432 0.308974 0.000000 -0.341475 0.939891 B 2.000000 4.000000 18.000000 C[purple]
-24.572295 26.880065 -43.077740 0.876685 -0.452148 -0.164272 0.481064 0.823988 0.299366 -0.000000 -0.341475 0.939891 B 2.000000 4.000000 18.000000 C[purple]
-24.816359 20.327212 -26.061028 0.827330 -0.527952 -0.191812 0.561716 0.777600 0.282513 0.000000 -0.341475 0.939891 B 2.000000 4.000000 18.000000 C[purple]
-24.834159 14.247509 -9.030646 0.810014 -0.551162 -0.200245 0.586411 0.761324 0.276600 0.000000 -0.341475 0.939891 B 2.000000 4.000000 18.000000 C[purple]
-24.730596 8.409724 8.328770 0.757533 -0.613558 -0.222914 0.652797 0.711998 0.258679 -0.000000 -0.341475 0.939891 B 2.000000 4.000000 18.000000 C[purple]
-24.694092 2.204651 25.641798 0.800751 -0.562992 -0.204543 0.598998 0.752618 0.273437 0.000000 -0.341475 0.939891 B 2.000000 4.000000 18.000000 C[purple]
-24.649952 -3.990252 42.684790 0.723480 -0.648849 -0.235736 0.690346 0.679992 0.247051 -0.000000 -0.341475 0.939891 B 2.000000 4.000000 18.000000 C[purple]
-24.853077 -10.084696 59.686735 0.624172 -0.734325 -0.266790 0.781287 0.586653 0.213139 -0.000000 -0.341475 0.939891 B 2.000000 4.000000 18.000000 C[purple]
-1.327193 0.837100 77.548759 0.985764 0.158027 0.057414 -0.168134 0.926511 0.336614 0.000000 -0.341475 0.939891 B 2.000000 4.000000 18.000000 C[purple]
-1.411502 -5.271725 -77.404377 0.988987 0.139109 0.050540 -0.148006 0.929539 0.337715 -0.000000 -0.341475 0.939891 B 2.000000 4.000000 18.000000 C[purple]
-1.449694 -11.302979 -60.443955 0.978254 0.194942 0.070825 -0.207409 0.919452 0.334050 0.000000 -0.341475 0.939891 B 2.000000 4.000000 18.000000 C[purple]
-1.460647 -17.836198 -43.328742 0.984903 0.162704 0.059112 -0.173109 0.925701 0.336320 -0.000000 -0.341475 0.939891 B 2.000000 4.000000 18.000000 C[purple]
-1.233735 -24.310818 -26.320084 0.997594 0.065164 0.023675 -0.069331 0.937629 0.340654 0.000000 -0.341475 0.939891 B 2.000000 4.000000 18.000000 C[purple]
-1.053656 -30.795511 -9.192823 0.999482 -0.030236 -0.010985 0.032169 0.939404 0.341299 0.000000 -0.341475 0.939891 B 2.000000 4.000000 18.000000 C[purple]
-1.184455 25.821480 8.259743 0.999951 -0.009272 -0.003369 0.009865 0.939845 0.341459 0.000000 -0.341475 0.939891 B 2.000000 4.000000 18.000000 C[purple]
-1.163446 19.493483 25.900219 0.999592 -0.026857 -0.009757 0.028574 0.939507 0.341336 -0.000000 -0.341475 0.939891 B 2.000000 4.000000 18.000000 C[purple]
-1.331503 13.419903 43.068423 0.999967 0.007606 0.002763 -0.008093 0.939860 0.341464 -0.000000 -0.341475 0.939891 B 2.000000 4.000000 18.000000 C[purple]
-1.230028 7.423176 60.252710 0.975084 0.208500 0.075751 -0.221834 0.916473 0.332967 -0.000000 -0.341475 0.939891 B 2.000000 4.000000 18.000000 C[purple]
-40.058447 14.580416 -77.751424 0.028385 -0.939512 -0.341338 0.999597 0.026679 0.009693 -0.000000 -0.341475 0.939891 B 2.000000 4.000000 18.000000 C[purple]
-39.996290 8.326115 -60.567839 0.000593 -0.939891 -0.341475 1.000000 0.000558 0.000203 0.000000 -0.341475 0.939891 B 2.000000 4.000000 18.000000 C[purple]
-39.819707 2.245233 -43.341032 -0.216999 -0.917495 -0.333339 0.976172 -0.203956 -0.074100 0.000000 -0.341475 0.939891 B 2.000000 4.000000 18.000000 C[purple]
-39.703098 -4.221312 -26.294891 -0.079876 -0.936888 -0.340384 0.996805 -0.075075 -0.027276 -0.000000 -0.341475 0.939891 B 2.000000 4.000000 18.000000 C[purple]
-39.829746 -10.168539 -8.884697 -0.055543 -0.938440 -0.340948 0.998456 -0.052204 -0.018967 0.000000 -0.341475 0.939891 B 2.000000 4.000000 18.000000 C[purple]
-40.032615 -16.517960 7.987442 0.076412 -0.937143 -0.340477 0.997076 0.071819 0.026093 -0.000000 -0.341475 0.939891 B 2.000000 4.000000 18.000000 C[purple]
-40.263572 -22.481767 25.069712 0.035305 -0.939305 -0.341263 0.999377 0.033183 0.012056 0.000000 -0.341475 0.939891 B 2.000000 4.000000 18.000000 C[purple]
