33.114366 -21.527595 -77.389591 0.774088 0.595024 0.216180 -0.633078 0.727558 0.264332 -0.000000 -0.341475 0.939891 B 2.000000 4.000000 18.000000 C[purple]
33.163141 -27.525171 -60.131201 0.726894 0.645469 0.234508 -0.686749 0.683201 0.248216 0.000000 -0.341475 0.939891 B 2.000000 4.000000 18.000000 C[purple]
33.272557 28.566974 -43.131887 0.834717 0.517578 0.188043 -0.550679 0.784543 0.285035 -0.000000 -0.341475 0.939891 B 2.000000 4.000000 18.000000 C[purple]
33.435587 22.187236 -26.042124 0.858527 0.481946 0.175098 -0.512768 0.806922 0.293166 -0.000000 -0.341475 0.939891 B 2.000000 4.000000 18.000000 C[purple]
33.631185 16.045499 -8.810800 0.942318 0.314599 0.114298 -0.334719 0.885676 0.321778 -0.000000 -0.341475 0.939891 B 2.000000 4.000000 18.000000 C[purple]
33.445293 9.829490 8.318886 0.982938 0.172880 0.062810 -0.183937 0.923854 0.335649 0.000000 -0.341475 0.939891 B 2.000000 4.000000 18.000000 C[purple]
33.565917 3.343842 25.452066 0.990466 0.129475 0.047040 -0.137756 0.930930 0.338220 -0.000000 -0.341475 0.939891 B 2.000000 4.000000 18.000000 C[purple]
33.589956 -3.138827 42.628356 0.925878 0.355112 0.129017 -0.377822 0.870224 0.316165 -0.000000 -0.341475 0.939891 B 2.000000 4.000000 18.000000 C[purple]
33.421753 -9.529348 60.042909 0.862738 0.475257 0.172668 -0.505652 0.810879 0.294604 0.000000 -0.341475 0.939891 B 2.000000 4.000000 18.000000 C[purple]
33.208553 -15.438201 77.406052 0.900985 0.407771 0.148149 -0.433850 0.846828 0.307664 -0.000000 -0.341475 0.939891 B 2.000000 4.000000 18.000000 C[purple]
-18.625103 -12.988518 -77.395749 0.071089 0.937513 0.340611 -0.997470 0.066816 0.024275 -0.000000 -0.341475 0.939891 B 2.000000 4.000000 18.000000 C[purple]
-18.484182 -19.146665 -60.315150 0.129056 0.932031 0.338620 -0.991637 0.121298 0.044069 0.000000 -0.341475 0.939891 B 2.000000 4.000000 18.000000 C[purple]
-18.117393 -25.257051 -43.049163 0.165537 0.926924 0.336764 -0.986204 0.155587 0.056527 0.000000 -0.341475 0.939891 B 2.000000 4.000000 18.000000 C[purple]
-18.094013 30.802373 -25.570952 -0.114508 0.933708 0.339229 -0.993422 -0.107625 -0.039102 -0.000000 -0.341475 0.939891 B 2.000000 4.000000 18.000000 C[purple]
-18.002121 24.801272 -8.461107 -0.001566 0.939890 0.341475 -0.999999 -0.001472 -0.000535 0.000000 -0.341475 0.939891 B 2.000000 4.000000 18.000000 C[purple]
-18.012081 18.450578 8.835833 0.344913 0.882214 0.320521 -0.938635 0.324180 0.117779 0.000000 -0.341475 0.939891 B 2.000000 4.000000 18.000000 C[purple]
-18.000940 12.151670 25.918098 0.289770 0.899566 0.326825 -0.957096 0.272352 0.098949 -0.000000 -0.341475 0.939891 B 2.000000 4.000000 18.000000 C[purple]
-18.221628 5.747037 43.371088 0.171542 0.925959 0.336414 -0.985177 0.161230 0.058577 0.000000 -0.341475 0.939891 B 2.000000 4.000000 18.000000 C[purple]
-18.540799 -0.483884 60.301964 0.032914 0.939381 0.341290 -0.999458 0.030935 0.011239 -0.000000 -0.341475 0.939891 B 2.000000 4.000000 18.000000 C[purple]
-18.523110 -6.930591 77.170622 0.037430 0.939232 0.341236 -0.999299 0.035180 0.012781 0.000000 -0.341475 0.939891 B 2.000000 4.000000 18.000000 C[purple]
7.958236 -22.801290 77.099570 -0.939865 -0.321015 -0.116629 0.341545 -0.883371 -0.320941 0.000000 -0.341475 0.939891 B 2.000000 4.000000 18.000000 C[purple]
8.068150 -28.784258 -77.515004 -0.882835 -0.441451 -0.160385 0.469684 -0.829768 -0.301466 0.000000 -0.341475 0.939891 B 2.000000 4.000000 18.000000 C[purple]
8.089463 27.313701 -60.577510 -0.929772 -0.346007 -0.125709 0.368135 -0.873884 -0.317494 0.000000 -0.341475 0.939891 B 2.000000 4.000000 18.000000 C[purple]
8.375494 20.745698 -43.302865 -0.944178 -0.309632 -0.112494 0.329434 -0.887425 -0.322414 0.000000 -0.341475 0.939891 B 2.000000 4.000000 18.000000 C[purple]
8.288420 14.579762 -26.275578 -0.981244 -0.181183 -0.065826 0.192770 -0.922262 -0.335071 0.000000 -0.341475 0.939891 B 2.000000 4.000000 18.000000 C[purple]
7.983919 8.160008 -8.948153 -0.956479 -0.274261 -0.099643 0.291801 -0.898986 -0.326614 0.000000 -0.341475 0.939891 B 2.000000 4.000000 18.000000 C[purple]
8.040733 1.578838 8.097680 -0.999931 0.011072 0.004023 -0.011780 -0.939825 -0.341452 -0.000000 -0.341475 0.939891 B 2.000000 4.000000 18.000000 C[purple]
7.984951 -4.332087 25.174711 -0.953212 -0.284133 -0.103229 0.302304 -0.895915 -0.325498 -0.000000 -0.341475 0.939891 B 2.000000 4.000000 18.000000 C[purple]
7.889760 -10.691327 42.303963 -0.999631 -0.025542 -0.009280 0.027176 -0.939544 -0.341349 -0.000000 -0.341475 0.939891 B 2.000000 4.000000 18.000000 C[purple]
8.017781 -16.729734 59.825222 -0.999338 0.034197 0.012424 -0.036384 -0.939268 -0.341249 -0.000000 -0.341475 0.939891 B 2.000000 4.000000 18.000000 C[purple]
-36.058055 -11.065366 77.251235 0.836468 0.515075 0.187134 -0.548016 0.786189 0.285633 -0.000000 -0.341475 0.939891 B 2.000000 4.000000 18.000000 C[purple]
-36.025095 -17.051318 -77.522938 0.685394 0.684402 0.248653 -0.728172 0.644196 0.234045 -0.000000 -0.341475 0.939891 B 2.000000 4.000000 18.000000 C[purple]
-35.633557 -23.309988 -60.400603 0.701716 0.669632 0.243287 -0.712457 0.659536 0.239619 0.000000 -0.341475 0.939891 B 2.000000 4.000000 18.000000 C[purple]
-35.485894 -29.781307 -42.887358 0.682387 0.687052 0.249615 -0.730991 0.641369 0.233018 0.000000 -0.341475 0.939891 B 2.000000 4.000000 18.000000 C[purple]
-35.788079 26.455537 -25.497670 0.774952 0.594030 0.215819 -0.632020 0.728370 0.264627 -0.000000 -0.341475 0.939891 B 2.000000 4.000000 18.000000 C[purple]
-35.955281 20.293530 -8.282144 0.889821 0.428882 0.155819 -0.456311 0.836334 0.303852 0.000000 -0.341475 0.939891 B 2.000000 4.000000 18.000000 C[purple]
-36.194290 14.007365 8.802834 0.939840 0.321080 0.116653 -0.341614 0.883347 0.320932 -0.000000 -0.341475 0.939891 B 2.000000 4.000000 18.000000 C[purple]
-36.247410 8.115170 25.928753 0.868935 0.465177 0.169005 -0.494927 0.816704 0.296720 -0.000000 -0.341475 0.939891 B 2.000000 4.000000 18.000000 C[purple]
-35.935443 1.746808 43.124911 0.908344 0.393085 0.142813 -0.418224 0.853744 0.310177 -0.000000 -0.341475 0.939891 B 2.000000 4.000000 18.000000 C[purple]
-36.062187 -4.620247 60.113057 0.807355 0.554597 0.201493 -0.590066 0.758826 0.275692 0.000000 -0.341475 0.939891 B 2.000000 4.000000 18.000000 C[purple]
38.475086 14.969349 77.042051 0.851840 0.492317 0.178865 -0.523802 0.800637 0.290882 0.000000 -0.341475 0.939891 B 2.000000 4.000000 18.000000 C[purple]
38.262049 8.730112 -77.883704 0.813689 0.546359 0.198500 -0.581300 0.764779 0.277855 -0.000000 -0.341475 0.939891 B 2.000000 4.000000 18.000000 C[purple]
38.266142 2.476726 -60.508068 0.686863 0.683100 0.248180 -0.726786 0.645577 0.234547 0.000000 -0.341475 0.939891 B 2.000000 4.000000 18.000000 C[purple]
38.169834 -3.418809 -43.326112 0.674298 0.694071 0.252166 -0.738459 0.633766 0.230256 0.000000 -0.341475 0.939891 B 2.000000 4.000000 18.000000 C[purple]
37.910285 -9.567854 -25.785437 0.704041 0.667472 0.242502 -0.710159 0.661722 0.240413 -0.000000 -0.341475 0.939891 B 2.000000 4.000000 18.000000 C[purple]
37.852306 -16.030088 -8.766562 0.708035 0.663730 0.241142 -0.706177 0.665475 0.241777 0.000000 -0.341475 0.939891 B 2.000000 4.000000 18.000000 C[purple]
38.090567 -22.296224 8.326710 0.727818 0.644549 0.234174 -0.685770 0.684070 0.248532 -0.000000 -0.341475 0.939891 B 2.000000 4.000000 18.000000 C[purple]
38.169540 -28.427096 25.621390 0.877808 0.450220 0.163571 -0.479013 0.825044 0.299750 0.000000 -0.341475 0.939891 B 2.000000 4.000000 18.000000 C[purple]
38.460909 27.551605 42.811725 0.944261 0.309410 0.112413 -0.329198 0.887502 0.322442 -0.000000 -0.341475 0.939891 B 2.000000 4.000000 18.000000 C[purple]
38.533606 21.271138 59.817429 0.710051 0.661824 0.240450 -0.704150 0.667370 0.242465 -0.000000 -0.341475 0.939891 B 2.000000 4.000000 18.000000 C[purple]
-33.263780 -25.573859 77.293989 0.854016 0.488974 0.177651 -0.520246 0.802682 0.291626 0.000000 -0.341475 0.939891 B 2.000000 4.000000 18.000000 C[purple]
-33.558561 30.795705 -77.613916 0.727420 0.644946 0.234318 -0.686192 0.683695 0.248396 0.000000 -0.341475 0.939891 B 2.000000 4.000000 18.000000 C[purple]
-33.596459 24.530578 -60.162224 0.617585 0.739228 0.268572 -0.786504 0.580462 0.210890 -0.000000 -0.341475 0.939891 B 2.000000 4.000000 18.000000 C[purple]
-33.428542 18.261592 -43.093051 0.542839 0.789355 0.286784 -0.839837 0.510209 0.185366 0.000000 -0.341475 0.939891 B 2.000000 4.000000 18.000000 C[purple]
-33.417855 11.927011 -25.901960 0.569617 0.772506 0.280662 -0.821911 0.535377 0.194510 0.000000 -0.341475 0.939891 B 2.000000 4.000000 18.000000 C[purple]
-33.157980 5.904104 -8.549498 0.469643 0.829788 0.301474 -0.882856 0.441413 0.160372 0.000000 -0.341475 0.939891 B 2.000000 4.000000 18.000000 C[purple]
-33.185628 -0.494993 8.884064 0.566854 0.774299 0.281314 -0.823818 0.532781 0.193567 -0.000000 -0.341475 0.939891 B 2.000000 4.000000 18.000000 C[purple]
-33.037160 -6.484520 26.001172 0.391500 0.864867 0.314218 -0.920178 0.367967 0.133688 0.000000 -0.341475 0.939891 B 2.000000 4.000000 18.000000 C[purple]
-33.289894 -12.591093 43.195744 0.588468 0.759921 0.276090 -0.808521 0.553096 0.200947 -0.000000 -0.341475 0.939891 B 2.000000 4.000000 18.000000 C[purple]
-33.271316 -18.910550 60.199266 0.842041 0.506990 0.184197 -0.539414 0.791426 0.287536 -0.000000 -0.341475 0.939891 B 2.000000 4.000000 18.000000 C[purple]
-5.315860 -16.800077 -78.137844 -0.928558 0.348875 0.126751 -0.371187 -0.872743 -0.317080 -0.000000 -0.341475 0.939891 B 2.000000 4.000000 18.000000 C[purple]
-5.219407 -23.102962 -60.986426 -0.976369 0.203119 0.073796 -0.216109 -0.917680 -0.333406 0.000000 -0.341475 0.939891 B 2.000000 4.000000 18.000000 C[purple]
-5.001145 -29.446162 -43.688270 -0.989554 0.135497 0.049228 -0.144163 -0.930073 -0.337908 0.000000 -0.341475 0.939891 B 2.000000 4.000000 18.000000 C[purple]
-5.230476 27.134868 -26.556950 -0.995330 0.090727 0.032962 -0.096529 -0.935502 -0.339881 0.000000 -0.341475 0.939891 B 2.000000 4.000000 18.000000 C[purple]
-4.944562 20.525330 -9.358711 -0.998476 0.051876 0.018847 -0.055194 -0.938458 -0.340955 0.000000 -0.341475 0.939891 B 2.000000 4.000000 18.000000 C[purple]
-4.854814 14.340087 8.136923 -0.936679 0.329140 0.119581 -0.350190 -0.880376 -0.319853 0.000000 -0.341475 0.939891 B 2.000000 4.000000 18.000000 C[purple]
-4.923453 8.176085 25.428649 -0.903760 0.402311 0.146165 -0.428041 -0.849435 -0.308612 -0.000000 -0.341475 0.939891 B 2.000000 4.000000 18.000000 C[purple]
-4.915406 1.983396 42.466893 -0.925526 0.355923 0.129312 -0.378685 -0.869893 -0.316044 -0.000000 -0.341475 0.939891 B 2.000000 4.000000 18.000000 C[purple]
-5.033980 -4.037073 59.503007 -0.956338 0.274694 0.099800 -0.292262 -0.898853 -0.326566 0.000000 -0.341475 0.939891 B 2.000000 4.000000 18.000000 C[purple]
-5.006322 -10.501066 76.307066 -0.923986 0.359439 0.130589 -0.382427 -0.868446 -0.315518 0.000000 -0.341475 0.939891 B 2.000000 4.000000 18.000000 C[purple]
-45.977387 24.813663 77.338640 0.778439 0.589989 0.214351 -0.627720 0.731648 0.265818 0.000000 -0.341475 0.939891 B 2.000000 4.000000 18.000000 C[purple]
-45.771263 18.867580 -77.271922 0.806261 0.556001 0.202003 -0.591559 0.757798 0.275318 -0.000000 -0.341475 0.939891 B 2.000000 4.000000 18.000000 C[purple]
-45.713581 12.594286 -60.121199 0.960776 0.260657 0.094700 -0.277327 0.903024 0.328081 -0.000000 -0.341475 0.939891 B 2.000000 4.000000 18.000000 C[purple]
-46.036896 6.193366 -43.112782 0.968350 0.234592 0.085231 -0.249595 0.910143 0.330668 -0.000000 -0.341475 0.939891 B 2.000000 4.000000 18.000000 C[purple]
-46.071599 -0.490988 -25.979487 0.970916 0.225029 0.081756 -0.239421 0.912555 0.331544 -0.000000 -0.341475 0.939891 B 2.000000 4.000000 18.000000 C[purple]
-46.027158 -6.445834 -8.781179 0.886346 0.435191 0.158111 -0.463023 0.833068 0.302665 -0.000000 -0.341475 0.939891 B 2.000000 4.000000 18.000000 C[purple]
-46.166409 -12.595963 8.523164 0.860425 0.478947 0.174008 -0.509578 0.808705 0.293814 0.000000 -0.341475 0.939891 B 2.000000 4.000000 18.000000 C[purple]
-46.192304 -18.524969 25.908708 0.833737 0.518972 0.188550 -0.552162 0.783622 0.284701 0.000000 -0.341475 0.939891 B 2.000000 4.000000 18.000000 C[purple]
-46.277641 -24.894379 43.309055 0.919543 0.369368 0.134197 -0.392990 0.864270 0.314001 -0.000000 -0.341475 0.939891 B 2.000000 4.000000 18.000000 C[purple]
-46.059235 -31.137749 60.278710 0.870541 0.462516 0.168038 -0.492095 0.818214 0.297269 -0.000000 -0.341475 0.939891 B 2.000000 4.000000 18.000000 C[purple]
14.516742 6.860000 -77.061225 0.988745 0.140620 0.051089 -0.149613 0.929312 0.337632 0.000000 -0.341475 0.939891 B 2.000000 4.000000 18.000000 C[purple]
14.638560 0.403280 -60.018198 0.976674 0.201819 0.073324 -0.214726 0.917967 0.333510 0.000000 -0.341475 0.939891 B 2.000000 4.000000 18.000000 C[purple]
14.418998 -5.915153 -42.818148 0.999102 0.039828 0.014470 -0.042375 0.939046 0.341169 0.000000 -0.341475 0.939891 B 2.000000 4.000000 18.000000 C[purple]
14.680694 -11.936257 -25.586118 0.995825 0.085798 0.031172 -0.091285 0.935966 0.340050 -0.000000 -0.341475 0.939891 B 2.000000 4.000000 18.000000 C[purple]
14.526466 -17.976371 -8.470065 0.940908 0.318306 0.115645 -0.338663 0.884350 0.321297 0.000000 -0.341475 0.939891 B 2.000000 4.000000 18.000000 C[purple]
14.659484 -24.205096 8.493001 0.977869 0.196644 0.071444 -0.209220 0.919090 0.333918 -0.000000 -0.341475 0.939891 B 2.000000 4.000000 18.000000 C[purple]
14.691373 -30.136311 26.056367 0.979460 0.189520 0.068855 -0.201640 0.920585 0.334461 0.000000 -0.341475 0.939891 B 2.000000 4.000000 18.000000 C[purple]
14.853048 25.890228 43.521349 0.975272 0.207723 0.075469 -0.221008 0.916649 0.333031 -0.000000 -0.341475 0.939891 B 2.000000 4.000000 18.000000 C[purple]
14.781063 19.619881 60.711450 0.871464 0.460979 0.167480 -0.490460 0.819081 0.297583 0.000000 -0.341475 0.939891 B 2.000000 4.000000 18.000000 C[purple]
14.875558 13.205807 77.928779 0.979351 0.190016 0.069036 -0.202168 0.920483 0.334424 -0.000000 -0.341475 0.939891 B 2.000000 4.000000 18.000000 C[purple]
-23.852299 28.818591 77.522407 0.991585 0.121676 0.044207 -0.129458 0.931981 0.338602 0.000000 -0.341475 0.939891 B 2.000000 4.000000 18.000000 C[purple]
-23.978092 22.444663 -77.020486 0.988857 0.139923 0.050836 -0.148872 0.929417 0.337670 -0.000000 -0.341475 0.939891 B 2.000000 4.000000 18.000000 C[purple]
-24.087292 16.380359 -59.884055 0.866418 0.469305 0.170505 -0.499319 0.814338 0.295860 -0.000000 -0.341475 0.939891 B 2.000000 4.000000 18.000000 C[purple]
-24.300850 10.022696 -42.486549 0.944889 0.307711 0.111796 -0.327390 0.888093 0.322656 0.000000 -0.341475 0.939891 B 2.000000 4.000000 18.000000 C[purple]
-24.140315 3.934970 -25.302176 0.939032 0.323163 0.117410 -0.343831 0.882587 0.320656 -0.000000 -0.341475 0.939891 B 2.000000 4.000000 18.000000 C[purple]
-24.451770 -2.313133 -8.278174 0.959958 0.263306 0.095663 -0.280145 0.902255 0.327802 -0.000000 -0.341475 0.939891 B 2.000000 4.000000 18.000000 C[purple]
-24.298964 -8.715458 8.967067 0.814383 0.545444 0.198167 -0.580327 0.765431 0.278092 -0.000000 -0.341475 0.939891 B 2.000000 4.000000 18.000000 C[purple]
-24.017160 -15.190196 25.893082 0.884682 0.438173 0.159194 -0.466195 0.831504 0.302097 0.000000 -0.341475 0.939891 B 2.000000 4.000000 18.000000 C[purple]
-23.926560 -21.510897 43.294501 0.917098 0.374698 0.136133 -0.398661 0.861972 0.313167 -0.000000 -0.341475 0.939891 B 2.000000 4.000000 18.000000 C[purple]
-23.967122 -27.701735 60.533495 0.996677 0.076558 0.027814 -0.081454 0.936768 0.340341 0.000000 -0.341475 0.939891 B 2.000000 4.000000 18.000000 C[purple]
-0.671755 -23.746699 -76.700565 0.973706 -0.214116 -0.077791 0.227809 0.915177 0.332497 0.000000 -0.341475 0.939891 B 2.000000 4.000000 18.000000 C[purple]
-0.525190 -29.769162 -59.591601 0.992677 -0.113535 -0.041249 0.120796 0.933008 0.338975 0.000000 -0.341475 0.939891 B 2.000000 4.000000 18.000000 C[purple]
-0.491900 26.229042 -42.625195 0.992226 -0.116972 -0.042498 0.124453 0.932584 0.338821 -0.000000 -0.341475 0.939891 B 2.000000 4.000000 18.000000 C[purple]
-0.226883 20.179670 -25.642540 0.999985 0.005116 0.001859 -0.005443 0.939877 0.341470 -0.000000 -0.341475 0.939891 B 2.000000 4.000000 18.000000 C[purple]
-0.533254 14.134423 -8.257039 0.999856 0.015950 0.005795 -0.016970 0.939755 0.341426 0.000000 -0.341475 0.939891 B 2.000000 4.000000 18.000000 C[purple]
-0.389175 7.504545 9.085729 0.993913 0.103549 0.037621 -0.110172 0.934169 0.339397 -0.000000 -0.341475 0.939891 B 2.000000 4.000000 18.000000 C[purple]
-0.605902 1.626819 26.223182 0.979620 0.188786 0.068588 -0.200859 0.920736 0.334516 0.000000 -0.341475 0.939891 B 2.000000 4.000000 18.000000 C[purple]
-0.629583 -4.777332 43.647002 0.999908 0.012772 0.004640 -0.013589 0.939804 0.341444 0.000000 -0.341475 0.939891 B 2.000000 4.000000 18.000000 C[purple]
-0.518278 -10.945295 60.772135 0.937131 -0.328002 -0.119168 0.348979 0.880800 0.320007 0.000000 -0.341475 0.939891 B 2.000000 4.000000 18.000000 C[purple]
-0.584110 -17.266966 78.278380 0.831899 -0.521571 -0.189494 0.554927 0.781894 0.284073 -0.000000 -0.341475 0.939891 B 2.000000 4.000000 18.000000 C[purple]
-33.912761 19.260319 77.253764 -0.272723 -0.904262 -0.328531 0.962093 -0.256330 -0.093128 0.000000 -0.341475 0.939891 B 2.000000 4.000000 18.000000 C[purple]
-33.820978 12.965330 -77.784337 0.053638 -0.938538 -0.340984 0.998560 0.050414 0.018316 -0.000000 -0.341475 0.939891 B 2.000000 4.000000 18.000000 C[purple]
-34.137544 6.714054 -60.467539 0.162095 -0.927461 -0.336959 0.986775 0.152351 0.055351 0.000000 -0.341475 0.939891 B 2.000000 4.000000 18.000000 C[purple]
-33.971292 0.319236 -43.204824 0.395846 -0.863118 -0.313583 0.918317 0.372052 0.135172 0.000000 -0.341475 0.939891 B 2.000000 4.000000 18.000000 C[purple]
-33.991546 -5.850008 -25.779473 0.312142 -0.892930 -0.324414 0.950036 0.293379 0.106589 0.000000 -0.341475 0.939891 B 2.000000 4.000000 18.000000 C[purple]
-34.055508 -12.168044 -8.412619 0.436442 -0.845650 -0.307236 0.899732 0.410208 0.149034 -0.000000 -0.341475 0.939891 B 2.000000 4.000000 18.000000 C[purple]
-33.897932 -18.148158 8.914463 0.317625 -0.891220 -0.323793 0.948216 0.298533 0.108461 0.000000 -0.341475 0.939891 B 2.000000 4.000000 18.000000 C[purple]
-34.012841 -24.414503 26.099581 0.026000 -0.939573 -0.341360 0.999662 0.024437 0.008878 0.000000 -0.341475 0.939891 B 2.000000 4.000000 18.000000 C[purple]
-34.159910 -30.846650 43.211139 -0.120397 -0.933054 -0.338991 0.992726 -0.113160 -0.041112 0.000000 -0.341475 0.939891 B 2.000000 4.000000 18.000000 C[purple]
-33.911459 25.604498 60.336644 -0.187695 -0.923186 -0.335407 0.982227 -0.176413 -0.064093 0.000000 -0.341475 0.939891 B 2.000000 4.000000 18.000000 C[purple]
-21.648428 17.492647 -76.787066 0.937431 0.327243 0.118892 -0.348172 0.881082 0.320110 0.000000 -0.341475 0.939891 B 2.000000 4.000000 18.000000 C[purple]
-21.444118 11.395705 -59.205164 0.945042 0.307297 0.111645 -0.326950 0.888236 0.322708 0.000000 -0.341475 0.939891 B 2.000000 4.000000 18.000000 C[purple]
-21.757422 5.188505 -42.045819 0.984854 0.162965 0.059208 -0.173388 0.925655 0.336303 -0.000000 -0.341475 0.939891 B 2.000000 4.000000 18.000000 C[purple]
-21.810357 -1.267368 -25.149577 0.925545 0.355879 0.129296 -0.378639 0.869911 0.316051 0.000000 -0.341475 0.939891 B 2.000000 4.000000 18.000000 C[purple]
-21.605006 -7.568793 -8.162250 0.882105 0.442737 0.160853 -0.471052 0.829083 0.301217 -0.000000 -0.341475 0.939891 B 2.000000 4.000000 18.000000 C[purple]
-21.324881 -13.647804 8.928739 0.934477 0.334623 0.121573 -0.356024 0.878306 0.319101 0.000000 -0.341475 0.939891 B 2.000000 4.000000 18.000000 C[purple]
-21.621185 -19.943922 26.146536 0.902384 0.405030 0.147153 -0.430933 0.848142 0.308142 0.000000 -0.341475 0.939891 B 2.000000 4.000000 18.000000 C[purple]
-21.830387 -26.322927 43.408525 0.851789 0.492394 0.178894 -0.523885 0.800589 0.290865 -0.000000 -0.341475 0.939891 B 2.000000 4.000000 18.000000 C[purple]
-21.657228 29.776522 60.802878 0.862963 0.474895 0.172536 -0.505267 0.811091 0.294681 -0.000000 -0.341475 0.939891 B 2.000000 4.000000 18.000000 C[purple]
-21.856638 23.682837 78.024724 0.978060 0.195803 0.071138 -0.208326 0.919269 0.333983 -0.000000 -0.341475 0.939891 B 2.000000 4.000000 18.000000 C[purple]
36.087261 30.110120 77.651690 0.928036 0.350101 0.127197 -0.372491 0.872252 0.316901 -0.000000 -0.341475 0.939891 B 2.000000 4.000000 18.000000 C[purple]
36.179789 23.880593 -77.320448 0.751602 0.619968 0.225243 -0.659617 0.706424 0.256654 0.000000 -0.341475 0.939891 B 2.000000 4.000000 18.000000 C[purple]
36.119751 17.414245 -60.419602 0.740388 0.631775 0.229533 -0.672179 0.695884 0.252824 0.000000 -0.341475 0.939891 B 2.000000 4.000000 18.000000 C[purple]
36.194968 11.326935 -43.370903 0.647688 0.716108 0.260172 -0.761905 0.608756 0.221170 -0.000000 -0.341475 0.939891 B 2.000000 4.000000 18.000000 C[purple]
36.319187 5.267373 -26.201537 0.765642 0.604601 0.219660 -0.643267 0.719620 0.261448 0.000000 -0.341475 0.939891 B 2.000000 4.000000 18.000000 C[purple]
36.362855 -0.762033 -8.866460 0.779441 0.588819 0.213926 -0.626476 0.732589 0.266160 0.000000 -0.341475 0.939891 B 2.000000 4.000000 18.000000 C[purple]
36.265014 -7.157621 8.177137 0.628300 0.731208 0.265658 -0.777971 0.590533 0.214549 0.000000 -0.341475 0.939891 B 2.000000 4.000000 18.000000 C[purple]
35.990505 -13.737459 25.255718 0.667860 0.699549 0.254156 -0.744287 0.627715 0.228058 0.000000 -0.341475 0.939891 B 2.000000 4.000000 18.000000 C[purple]
36.022400 -19.744070 42.662646 0.699837 0.671366 0.243917 -0.714303 0.657770 0.238977 0.000000 -0.341475 0.939891 B 2.000000 4.000000 18.000000 C[purple]
36.022089 -26.245211 60.133037 0.832818 0.520274 0.189023 -0.553547 0.782758 0.284387 0.000000 -0.341475 0.939891 B 2.000000 4.000000 18.000000 C[purple]
-49.475593 -23.681803 -77.599517 -0.152285 -0.928928 -0.337493 0.988337 -0.143132 -0.052002 0.000000 -0.341475 0.939891 B 2.000000 4.000000 18.000000 C[purple]
-49.457144 -29.962708 -59.991020 -0.134460 -0.931356 -0.338374 0.990919 -0.126377 -0.045915 -0.000000 -0.341475 0.939891 B 2.000000 4.000000 18.000000 C[purple]
-49.314869 26.430837 -42.688392 -0.197306 -0.921414 -0.334763 0.980342 -0.185446 -0.067375 -0.000000 -0.341475 0.939891 B 2.000000 4.000000 18.000000 C[purple]
-49.563552 20.044411 -25.567820 -0.193946 -0.922044 -0.334992 0.981012 -0.182288 -0.066228 0.000000 -0.341475 0.939891 B 2.000000 4.000000 18.000000 C[purple]
-49.470983 13.675204 -8.392453 -0.137640 -0.930945 -0.338225 0.990482 -0.129367 -0.047001 0.000000 -0.341475 0.939891 B 2.000000 4.000000 18.000000 C[purple]
-49.488135 7.538741 8.636451 0.058447 -0.938284 -0.340892 0.998291 0.054934 0.019958 -0.000000 -0.341475 0.939891 B 2.000000 4.000000 18.000000 C[purple]
-49.760878 1.133316 25.721948 -0.131227 -0.931763 -0.338522 0.991352 -0.123339 -0.044811 0.000000 -0.341475 0.939891 B 2.000000 4.000000 18.000000 C[purple]
-49.489875 -4.783561 42.906145 -0.086017 -0.936407 -0.340210 0.996294 -0.080847 -0.029373 -0.000000 -0.341475 0.939891 B 2.000000 4.000000 18.000000 C[purple]
-49.482982 -11.188391 60.229138 -0.173586 -0.925622 -0.336291 0.984819 -0.163152 -0.059275 0.000000 -0.341475 0.939891 B 2.000000 4.000000 18.000000 C[purple]
-49.275424 -17.319867 77.176729 -0.225236 -0.915739 -0.332701 0.974304 -0.211697 -0.076913 -0.000000 -0.341475 0.939891 B 2.000000 4.000000 18.000000 C[purple]
27.171656 -21.804197 -77.457031 0.999994 0.003281 0.001192 -0.003491 0.939885 0.341473 -0.000000 -0.341475 0.939891 B 2.000000 4.000000 18.000000 C[purple]
27.118828 -27.658993 -60.204414 0.994074 0.102172 0.037120 -0.108706 0.934321 0.339452 0.000000 -0.341475 0.939891 B 2.000000 4.000000 18.000000 C[purple]
27.012506 28.428083 -42.623282 0.974339 0.211555 0.076861 -0.225084 0.915772 0.332713 -0.000000 -0.341475 0.939891 B 2.000000 4.000000 18.000000 C[purple]
26.827337 22.014304 -25.404577 0.987260 0.149551 0.054334 -0.159116 0.927916 0.337125 -0.000000 -0.341475 0.939891 B 2.000000 4.000000 18.000000 C[purple]
26.885981 15.323617 -8.014596 0.997395 0.067795 0.024631 -0.072131 0.937442 0.340586 -0.000000 -0.341475 0.939891 B 2.000000 4.000000 18.000000 C[purple]
26.920373 8.821544 9.040043 0.995071 0.093200 0.033861 -0.099161 0.935258 0.339792 -0.000000 -0.341475 0.939891 B 2.000000 4.000000 18.000000 C[purple]
26.747063 2.716883 26.105883 0.999242 -0.036598 -0.013297 0.038939 0.939178 0.341216 0.000000 -0.341475 0.939891 B 2.000000 4.000000 18.000000 C[purple]
26.811869 -3.298632 43.297739 0.958223 0.268830 0.097670 -0.286023 0.900625 0.327210 -0.000000 -0.341475 0.939891 B 2.000000 4.000000 18.000000 C[purple]
26.835020 -9.640596 60.237402 0.934253 0.335176 0.121774 -0.356612 0.878095 0.319024 0.000000 -0.341475 0.939891 B 2.000000 4.000000 18.000000 C[purple]
27.101671 -15.551647 77.289268 0.921814 0.364332 0.132367 -0.387633 0.866404 0.314777 0.000000 -0.341475 0.939891 B 2.000000 4.000000 18.000000 C[purple]
43.429465 -17.160626 77.724934 0.402391 0.860440 0.312610 -0.915468 0.378204 0.137407 -0.000000 -0.341475 0.939891 B 2.000000 4.000000 18.000000 C[purple]
43.355153 -23.607787 -76.950099 0.368454 0.873766 0.317451 -0.929646 0.346307 0.125818 0.000000 -0.341475 0.939891 B 2.000000 4.000000 18.000000 C[purple]
43.471498 -29.811970 -59.665558 0.499009 0.814506 0.295921 -0.866597 0.469014 0.170399 -0.000000 -0.341475 0.939891 B 2.000000 4.000000 18.000000 C[purple]
43.413812 26.305427 -42.671968 0.569179 0.772791 0.280766 -0.822213 0.534966 0.194361 -0.000000 -0.341475 0.939891 B 2.000000 4.000000 18.000000 C[purple]
43.332569 20.301005 -25.348434 0.450374 0.839172 0.304883 -0.892840 0.423302 0.153792 0.000000 -0.341475 0.939891 B 2.000000 4.000000 18.000000 C[purple]
43.607329 13.813674 -8.304330 0.492477 0.818011 0.297195 -0.870326 0.462874 0.168169 0.000000 -0.341475 0.939891 B 2.000000 4.000000 18.000000 C[purple]
43.298636 7.603044 8.936166 0.397102 0.862608 0.313397 -0.917775 0.373232 0.135600 -0.000000 -0.341475 0.939891 B 2.000000 4.000000 18.000000 C[purple]
43.132742 1.549700 26.375928 0.419131 0.853351 0.310034 -0.907926 0.393937 0.143123 0.000000 -0.341475 0.939891 B 2.000000 4.000000 18.000000 C[purple]
43.097408 -4.793187 43.558101 0.636481 0.724931 0.263377 -0.771292 0.598223 0.217343 -0.000000 -0.341475 0.939891 B 2.000000 4.000000 18.000000 C[purple]
43.052466 -10.968407 60.674230 0.326734 0.888306 0.322734 -0.945117 0.307094 0.111571 0.000000 -0.341475 0.939891 B 2.000000 4.000000 18.000000 C[purple]
-38.221913 -20.600627 -77.141799 0.224770 -0.915841 -0.332738 0.974412 0.211259 0.076754 -0.000000 -0.341475 0.939891 B 2.000000 4.000000 18.000000 C[purple]
-38.660407 -26.849558 -60.166576 0.223416 -0.916133 -0.332844 0.974723 0.209986 0.076291 0.000000 -0.341475 0.939891 B 2.000000 4.000000 18.000000 C[purple]
-38.898039 29.696985 -42.788838 0.251205 -0.909752 -0.330526 0.967934 0.236106 0.085780 0.000000 -0.341475 0.939891 B 2.000000 4.000000 18.000000 C[purple]
-38.775915 23.185184 -25.813898 0.193018 -0.922216 -0.335054 0.981195 0.181416 0.065911 0.000000 -0.341475 0.939891 B 2.000000 4.000000 18.000000 C[purple]
-38.927738 16.852265 -8.470819 0.408515 -0.857887 -0.311682 0.912751 0.383960 0.139498 -0.000000 -0.341475 0.939891 B 2.000000 4.000000 18.000000 C[purple]
-38.829564 10.898104 8.684375 0.217452 -0.917400 -0.333304 0.976071 0.204381 0.074255 0.000000 -0.341475 0.939891 B 2.000000 4.000000 18.000000 C[purple]
-38.745633 4.756735 25.672471 0.120609 -0.933030 -0.338983 0.992700 0.113360 0.041185 0.000000 -0.341475 0.939891 B 2.000000 4.000000 18.000000 C[purple]
-38.444204 -1.469241 42.769052 0.137542 -0.930958 -0.338230 0.990496 0.129274 0.046967 0.000000 -0.341475 0.939891 B 2.000000 4.000000 18.000000 C[purple]
-38.371537 -7.953297 60.290279 0.088938 -0.936166 -0.340122 0.996037 0.083592 0.030370 -0.000000 -0.341475 0.939891 B 2.000000 4.000000 18.000000 C[purple]
-38.039864 -14.343251 77.571761 -0.036726 -0.939257 -0.341245 0.999325 -0.034519 -0.012541 0.000000 -0.341475 0.939891 B 2.000000 4.000000 18.000000 C[purple]
7.954082 -18.701340 -77.338639 -0.776041 0.592772 0.215362 -0.630682 -0.729394 -0.264999 -0.000000 -0.341475 0.939891 B 2.000000 4.000000 18.000000 C[purple]
7.902876 -24.751764 -59.989247 -0.816474 0.542676 0.197162 -0.577382 -0.767396 -0.278806 0.000000 -0.341475 0.939891 B 2.000000 4.000000 18.000000 C[purple]
7.699630 -31.192150 -43.071160 -0.677448 0.691356 0.251179 -0.735571 -0.636727 -0.231332 0.000000 -0.341475 0.939891 B 2.000000 4.000000 18.000000 C[purple]
7.759800 25.026951 -25.923579 -0.679843 0.689276 0.250424 -0.733358 -0.638978 -0.232150 0.000000 -0.341475 0.939891 B 2.000000 4.000000 18.000000 C[purple]
7.927657 18.806647 -8.963747 -0.743018 0.629042 0.228540 -0.669272 -0.698355 -0.253722 -0.000000 -0.341475 0.939891 B 2.000000 4.000000 18.000000 C[purple]
7.955182 12.250872 8.466354 -0.852009 0.492058 0.178772 -0.523527 -0.800796 -0.290940 0.000000 -0.341475 0.939891 B 2.000000 4.000000 18.000000 C[purple]
8.248670 5.833947 25.459155 -0.827360 0.527910 0.191797 -0.561672 -0.777628 -0.282523 -0.000000 -0.341475 0.939891 B 2.000000 4.000000 18.000000 C[purple]
8.227636 -0.351970 43.074283 -0.767360 0.602674 0.218960 -0.641217 -0.721234 -0.262034 0.000000 -0.341475 0.939891 B 2.000000 4.000000 18.000000 C[purple]
8.085414 -6.131257 60.290225 -0.760507 0.610299 0.221730 -0.649330 -0.714793 -0.259694 0.000000 -0.341475 0.939891 B 2.000000 4.000000 18.000000 C[purple]
7.927754 -12.395489 77.608377 -0.514094 0.806176 0.292895 -0.857734 -0.483192 -0.175551 -0.000000 -0.341475 0.939891 B 2.000000 4.000000 18.000000 C[purple]
33.022020 -29.112291 -77.535953 0.903718 -0.402393 -0.146195 0.428127 0.849397 0.308598 0.000000 -0.341475 0.939891 B 2.000000 4.000000 18.000000 C[purple]
32.938778 27.129269 -60.124935 0.801148 -0.562492 -0.204361 0.598466 0.752992 0.273572 0.000000 -0.341475 0.939891 B 2.000000 4.000000 18.000000 C[purple]
32.628318 20.899070 -43.002986 0.902441 -0.404917 -0.147112 0.430813 0.848196 0.308162 0.000000 -0.341475 0.939891 B 2.000000 4.000000 18.000000 C[purple]
32.889617 14.771179 -25.671984 0.870401 -0.462749 -0.168123 0.492344 0.818082 0.297220 -0.000000 -0.341475 0.939891 B 2.000000 4.000000 18.000000 C[purple]
32.855722 8.548191 -8.414128 0.973349 -0.215544 -0.078310 0.229329 0.914842 0.332375 0.000000 -0.341475 0.939891 B 2.000000 4.000000 18.000000 C[purple]
33.001567 2.048333 8.611316 0.989050 -0.138709 -0.050395 0.147579 0.929599 0.337736 -0.000000 -0.341475 0.939891 B 2.000000 4.000000 18.000000 C[purple]
33.059643 -4.620964 25.822825 0.971913 -0.221193 -0.080362 0.235339 0.913492 0.331885 0.000000 -0.341475 0.939891 B 2.000000 4.000000 18.000000 C[purple]
33.213219 -10.555219 42.985884 0.904897 -0.400046 -0.145342 0.425630 0.850505 0.309000 -0.000000 -0.341475 0.939891 B 2.000000 4.000000 18.000000 C[purple]
33.392764 -16.728396 60.336407 0.709020 -0.662800 -0.240805 0.705189 0.666401 0.242113 0.000000 -0.341475 0.939891 B 2.000000 4.000000 18.000000 C[purple]
33.204239 -22.825158 77.364303 0.719729 -0.652524 -0.237071 0.694255 0.676467 0.245770 -0.000000 -0.341475 0.939891 B 2.000000 4.000000 18.000000 C[purple]
-29.369539 -24.783239 -77.380781 -0.871025 -0.461710 -0.167746 0.491238 -0.818669 -0.297434 -0.000000 -0.341475 0.939891 B 2.000000 4.000000 18.000000 C[purple]
-29.113399 -31.032263 -59.891293 -0.913020 -0.383396 -0.139293 0.407916 -0.858139 -0.311774 -0.000000 -0.341475 0.939891 B 2.000000 4.000000 18.000000 C[purple]
-29.507917 25.356125 -42.880246 -0.922648 -0.362462 -0.131687 0.385643 -0.867188 -0.315062 0.000000 -0.341475 0.939891 B 2.000000 4.000000 18.000000 C[purple]
-29.595458 18.769788 -25.876888 -0.967332 -0.238274 -0.086568 0.253513 -0.909186 -0.330320 0.000000 -0.341475 0.939891 B 2.000000 4.000000 18.000000 C[purple]
-29.169882 12.453357 -8.697810 -0.979179 -0.190798 -0.069320 0.203000 -0.920321 -0.334365 0.000000 -0.341475 0.939891 B 2.000000 4.000000 18.000000 C[purple]
-29.427980 6.352356 8.590768 -0.959390 -0.265128 -0.096325 0.282084 -0.901721 -0.327608 0.000000 -0.341475 0.939891 B 2.000000 4.000000 18.000000 C[purple]
-29.582919 -0.122279 25.512609 -0.935632 -0.331760 -0.120533 0.352977 -0.879392 -0.319495 0.000000 -0.341475 0.939891 B 2.000000 4.000000 18.000000 C[purple]
-29.487543 -6.261619 42.831636 -0.790177 -0.576039 -0.209283 0.612879 -0.742680 -0.269826 0.000000 -0.341475 0.939891 B 2.000000 4.000000 18.000000 C[purple]
-29.420762 -12.280134 60.273947 -0.776335 -0.592432 -0.215239 0.630321 -0.729670 -0.265099 0.000000 -0.341475 0.939891 B 2.000000 4.000000 18.000000 C[purple]
-29.494885 -18.461220 77.689591 -0.851427 -0.492948 -0.179095 0.524473 -0.800248 -0.290741 0.000000 -0.341475 0.939891 B 2.000000 4.000000 18.000000 C[purple]
19.995709 -15.663949 -78.023427 -0.486346 0.821245 0.298370 -0.873766 -0.457112 -0.166075 -0.000000 -0.341475 0.939891 B 2.000000 4.000000 18.000000 C[purple]
19.761778 -22.102004 -60.659248 -0.457239 0.835886 0.303689 -0.889344 -0.429755 -0.156136 0.000000 -0.341475 0.939891 B 2.000000 4.000000 18.000000 C[purple]
19.869674 -28.539089 -43.645620 -0.391406 0.864905 0.314232 -0.920218 -0.367879 -0.133655 -0.000000 -0.341475 0.939891 B 2.000000 4.000000 18.000000 C[purple]
19.578178 28.001115 -26.343729 -0.456715 0.836139 0.303781 -0.889613 -0.429262 -0.155957 -0.000000 -0.341475 0.939891 B 2.000000 4.000000 18.000000 C[purple]
19.509202 21.988322 -8.919612 -0.515086 0.805617 0.292692 -0.857139 -0.484124 -0.175889 -0.000000 -0.341475 0.939891 B 2.000000 4.000000 18.000000 C[purple]
19.873506 15.558901 8.157195 -0.450457 0.839133 0.304869 -0.892798 -0.423380 -0.153820 -0.000000 -0.341475 0.939891 B 2.000000 4.000000 18.000000 C[purple]
19.566297 9.216006 25.323237 -0.307824 0.894253 0.324895 -0.951443 -0.289320 -0.105114 -0.000000 -0.341475 0.939891 B 2.000000 4.000000 18.000000 C[purple]
19.433725 2.674986 42.706906 -0.251865 0.909591 0.330467 -0.967762 -0.236726 -0.086006 -0.000000 -0.341475 0.939891 B 2.000000 4.000000 18.000000 C[purple]
19.572443 -3.359248 59.849411 -0.518376 0.803750 0.292014 -0.855153 -0.487216 -0.177012 0.000000 -0.341475 0.939891 B 2.000000 4.000000 18.000000 C[purple]
19.789121 -9.636520 76.984339 -0.258590 0.907922 0.329861 -0.965987 -0.243046 -0.088302 0.000000 -0.341475 0.939891 B 2.000000 4.000000 18.000000 C[purple]
41.007347 11.739882 -77.727310 0.107609 -0.934433 -0.339493 0.994193 0.101141 0.036746 0.000000 -0.341475 0.939891 B 2.000000 4.000000 18.000000 C[purple]
41.258463 5.330467 -60.162883 -0.009359 -0.939850 -0.341460 0.999956 -0.008796 -0.003196 -0.000000 -0.341475 0.939891 B 2.000000 4.000000 18.000000 C[purple]
41.185850 -0.868721 -43.182225 0.353348 -0.879260 -0.319447 0.935492 0.332109 0.120660 0.000000 -0.341475 0.939891 B 2.000000 4.000000 18.000000 C[purple]
41.147028 -7.004354 -25.972629 0.338753 -0.884320 -0.321286 0.940875 0.318391 0.115676 -0.000000 -0.341475 0.939891 B 2.000000 4.000000 18.000000 C[purple]
41.279370 -12.938773 -8.783135 0.227461 -0.915254 -0.332524 0.973787 0.213788 0.077672 0.000000 -0.341475 0.939891 B 2.000000 4.000000 18.000000 C[purple]
41.040592 -19.469942 8.437522 0.273085 -0.904165 -0.328496 0.961990 0.256670 0.093252 0.000000 -0.341475 0.939891 B 2.000000 4.000000 18.000000 C[purple]
41.213235 -25.451305 25.603567 0.221567 -0.916530 -0.332988 0.975145 0.208249 0.075660 0.000000 -0.341475 0.939891 B 2.000000 4.000000 18.000000 C[purple]
40.917295 30.748401 42.497924 0.062416 -0.938058 -0.340810 0.998050 0.058664 0.021314 0.000000 -0.341475 0.939891 B 2.000000 4.000000 18.000000 C[purple]
40.998880 24.455655 60.057926 0.064110 -0.937957 -0.340773 0.997943 0.060256 0.021892 0.000000 -0.341475 0.939891 B 2.000000 4.000000 18.000000 C[purple]
40.847276 18.154494 77.205577 0.049499 -0.938739 -0.341057 0.998774 0.046524 0.016903 0.000000 -0.341475 0.939891 B 2.000000 4.000000 18.000000 C[purple]
-48.396588 28.360922 76.777418 0.930719 -0.343751 -0.124890 0.365735 0.874774 0.317818 -0.000000 -0.341475 0.939891 B 2.000000 4.000000 18.000000 C[purple]
-48.411437 22.261704 -77.669947 0.935206 -0.332819 -0.120918 0.354104 0.878991 0.319350 -0.000000 -0.341475 0.939891 B 2.000000 4.000000 18.000000 C[purple]
-48.481521 16.067793 -60.377468 0.950920 -0.290837 -0.105665 0.309437 0.893761 0.324716 -0.000000 -0.341475 0.939891 B 2.000000 4.000000 18.000000 C[purple]
-48.529433 10.147936 -43.184179 0.898287 -0.412996 -0.150047 0.439408 0.844292 0.306743 -0.000000 -0.341475 0.939891 B 2.000000 4.000000 18.000000 C[purple]
-48.522651 3.823483 -25.852623 0.722238 -0.650070 -0.236180 0.691645 0.678825 0.246626 0.000000 -0.341475 0.939891 B 2.000000 4.000000 18.000000 C[purple]
-48.682175 -2.741047 -8.779538 0.827246 -0.528068 -0.191854 0.561840 0.777521 0.282484 -0.000000 -0.341475 0.939891 B 2.000000 4.000000 18.000000 C[purple]
-48.437174 -8.765898 8.393600 0.818388 -0.540124 -0.196235 0.574667 0.769195 0.279459 0.000000 -0.341475 0.939891 B 2.000000 4.000000 18.000000 C[purple]
-48.323112 -15.414556 25.536126 0.776076 -0.592733 -0.215348 0.630640 0.729426 0.265011 -0.000000 -0.341475 0.939891 B 2.000000 4.000000 18.000000 C[purple]
-48.632098 -21.759463 42.699411 0.807143 -0.554870 -0.201592 0.590356 0.758626 0.275620 0.000000 -0.341475 0.939891 B 2.000000 4.000000 18.000000 C[purple]
-48.689760 -27.799034 59.680219 0.919348 -0.369795 -0.134352 0.393445 0.864087 0.313935 -0.000000 -0.341475 0.939891 B 2.000000 4.000000 18.000000 C[purple]
44.306174 -12.244367 76.814882 -0.836657 0.514804 0.187036 -0.547728 -0.786366 -0.285698 -0.000000 -0.341475 0.939891 B 2.000000 4.000000 18.000000 C[purple]
44.201897 -18.710119 -78.030882 -0.910928 0.387766 0.140881 -0.412565 -0.856173 -0.311059 0.000000 -0.341475 0.939891 B 2.000000 4.000000 18.000000 C[purple]
44.518960 -25.242504 -60.755871 -0.899190 0.411257 0.149415 -0.437558 -0.845141 -0.307051 -0.000000 -0.341475 0.939891 B 2.000000 4.000000 18.000000 C[purple]
44.367586 31.236332 -43.319684 -0.895956 0.417446 0.151664 -0.444143 -0.842101 -0.305947 -0.000000 -0.341475 0.939891 B 2.000000 4.000000 18.000000 C[purple]
44.507740 24.812487 -26.311136 -0.847828 0.498397 0.181075 -0.530272 -0.796865 -0.289512 -0.000000 -0.341475 0.939891 B 2.000000 4.000000 18.000000 C[purple]
44.665732 18.738033 -9.186691 -0.941859 0.315812 0.114739 -0.336009 -0.885244 -0.321622 -0.000000 -0.341475 0.939891 B 2.000000 4.000000 18.000000 C[purple]
44.504699 12.706122 8.222359 -0.880241 0.446003 0.162039 -0.474527 -0.827330 -0.300581 0.000000 -0.341475 0.939891 B 2.000000 4.000000 18.000000 C[purple]
44.320039 6.275264 25.376996 -0.791871 0.573980 0.208535 -0.610688 -0.744272 -0.270405 -0.000000 -0.341475 0.939891 B 2.000000 4.000000 18.000000 C[purple]
44.058566 -0.002732 42.415696 -0.857830 0.483042 0.175496 -0.513934 -0.806266 -0.292928 0.000000 -0.341475 0.939891 B 2.000000 4.000000 18.000000 C[purple]
44.438134 -6.216200 59.453752 -0.825764 0.530113 0.192598 -0.564016 -0.776128 -0.281978 0.000000 -0.341475 0.939891 B 2.000000 4.000000 18.000000 C[purple]
26.686002 8.962639 -77.417133 0.999559 0.027922 0.010144 -0.029708 0.939476 0.341325 -0.000000 -0.341475 0.939891 B 2.000000 4.000000 18.000000 C[purple]
26.659509 2.815370 -60.059879 0.998306 0.054691 0.019870 -0.058189 0.938298 0.340897 -0.000000 -0.341475 0.939891 B 2.000000 4.000000 18.000000 C[purple]
26.675902 -3.368075 -42.823178 0.993537 0.106689 0.038762 -0.113512 0.933816 0.339268 0.000000 -0.341475 0.939891 B 2.000000 4.000000 18.000000 C[purple]
26.661329 -9.597494 -25.139888 0.999760 0.020598 0.007484 -0.021916 0.939665 0.341393 -0.000000 -0.341475 0.939891 B 2.000000 4.000000 18.000000 C[purple]
26.689265 -15.850926 -8.223779 0.972691 0.218153 0.079258 -0.232105 0.914223 0.332150 -0.000000 -0.341475 0.939891 B 2.000000 4.000000 18.000000 C[purple]
26.473219 -22.118599 8.950181 0.999385 0.032958 0.011974 -0.035066 0.939313 0.341265 -0.000000 -0.341475 0.939891 B 2.000000 4.000000 18.000000 C[purple]
26.572540 -28.282944 26.151553 0.976500 0.202563 0.073594 -0.215517 0.917803 0.333451 0.000000 -0.341475 0.939891 B 2.000000 4.000000 18.000000 C[purple]
