-17.763144 11.182046 -77.266564 0.974983 0.208919 0.075903 -0.222280 0.916377 0.332933 0.000000 -0.341475 0.939891 B 2.000000 4.000000 18.000000 C[purple]
-17.790368 4.531031 -60.137607 0.990179 0.131404 0.047741 -0.139807 0.930660 0.338122 -0.000000 -0.341475 0.939891 B 2.000000 4.000000 18.000000 C[purple]
-17.937709 -1.575173 -42.593400 0.992072 0.118116 0.042913 -0.125670 0.932439 0.338768 0.000000 -0.341475 0.939891 B 2.000000 4.000000 18.000000 C[purple]
-17.873078 -7.536147 -25.508680 0.962972 0.253397 0.092063 -0.269603 0.905088 0.328831 -0.000000 -0.341475 0.939891 B 2.000000 4.000000 18.000000 C[purple]
-17.679018 -13.617657 -8.261858 0.994913 0.094686 0.034401 -0.100742 0.935109 0.339738 -0.000000 -0.341475 0.939891 B 2.000000 4.000000 18.000000 C[purple]
-17.791190 -19.998709 8.617685 0.988154 0.144243 0.052406 -0.153468 0.928756 0.337430 0.000000 -0.341475 0.939891 B 2.000000 4.000000 18.000000 C[purple]
-17.857613 -26.342463 25.814206 0.912223 0.385068 0.139901 -0.409695 0.857390 0.311502 -0.000000 -0.341475 0.939891 B 2.000000 4.000000 18.000000 C[purple]
-17.926475 29.900360 43.260107 0.998904 0.043988 0.015982 -0.046802 0.938861 0.341101 -0.000000 -0.341475 0.939891 B 2.000000 4.000000 18.000000 C[purple]
-18.022755 23.578262 60.365689 0.999355 -0.033763 -0.012267 0.035922 0.939284 0.341255 -0.000000 -0.341475 0.939891 B 2.000000 4.000000 18.000000 C[purple]
-17.699110 17.215029 77.637385 0.991247 -0.124084 -0.045081 0.132020 0.931664 0.338487 -0.000000 -0.341475 0.939891 B 2.000000 4.000000 18.000000 C[purple]
6.599358 -5.656696 77.086505 0.558150 -0.779865 -0.283336 0.829740 0.524600 0.190595 -0.000000 -0.341475 0.939891 B 2.000000 4.000000 18.000000 C[purple]
6.327172 -11.959554 -78.044040 0.509278 -0.808872 -0.293874 0.860602 0.478666 0.173906 0.000000 -0.341475 0.939891 B 2.000000 4.000000 18.000000 C[purple]
6.551527 -18.149471 -60.497035 0.447948 -0.840318 -0.305299 0.894060 0.421022 0.152963 -0.000000 -0.341475 0.939891 B 2.000000 4.000000 18.000000 C[purple]
6.644798 -24.248061 -43.341408 0.753178 -0.618276 -0.224628 0.657817 0.707905 0.257192 0.000000 -0.341475 0.939891 B 2.000000 4.000000 18.000000 C[purple]
6.288595 -30.492797 -26.268024 0.638949 -0.723010 -0.262680 0.769249 0.600542 0.218185 0.000000 -0.341475 0.939891 B 2.000000 4.000000 18.000000 C[purple]
6.305037 25.585458 -8.949775 0.831969 -0.521473 -0.189458 0.554823 0.781960 0.284097 -0.000000 -0.341475 0.939891 B 2.000000 4.000000 18.000000 C[purple]
6.363516 19.261258 8.204552 0.730416 -0.641948 -0.233229 0.683003 0.686511 0.249419 0.000000 -0.341475 0.939891 B 2.000000 4.000000 18.000000 C[purple]
6.216824 12.978764 25.315764 0.542104 -0.789801 -0.286946 0.840311 0.509518 0.185115 -0.000000 -0.341475 0.939891 B 2.000000 4.000000 18.000000 C[purple]
6.432049 6.855109 42.605719 0.537812 -0.792389 -0.287886 0.843065 0.505484 0.183650 -0.000000 -0.341475 0.939891 B 2.000000 4.000000 18.000000 C[purple]
6.584461 0.952467 59.661452 0.539384 -0.791444 -0.287543 0.842060 0.506962 0.184186 0.000000 -0.341475 0.939891 B 2.000000 4.000000 18.000000 C[purple]
-0.367247 -12.931288 -77.448959 0.927523 0.351299 0.127632 -0.373766 0.871770 0.316726 0.000000 -0.341475 0.939891 B 2.000000 4.000000 18.000000 C[purple]
-0.670193 -19.223874 -60.004193 0.961433 0.258507 0.093919 -0.275040 0.903642 0.328306 0.000000 -0.341475 0.939891 B 2.000000 4.000000 18.000000 C[purple]
-0.387537 -25.603370 -42.676633 0.995615 0.087923 0.031943 -0.093546 0.935769 0.339978 0.000000 -0.341475 0.939891 B 2.000000 4.000000 18.000000 C[purple]
-0.554413 30.591543 -25.565332 0.994403 0.099305 0.036079 -0.105656 0.934630 0.339564 -0.000000 -0.341475 0.939891 B 2.000000 4.000000 18.000000 C[purple]
-0.480248 24.296953 -8.551331 0.994613 -0.097428 -0.035397 0.103659 0.934827 0.339636 -0.000000 -0.341475 0.939891 B 2.000000 4.000000 18.000000 C[purple]
-0.758943 18.265536 8.665038 0.995681 -0.087258 -0.031702 0.092838 0.935832 0.340001 -0.000000 -0.341475 0.939891 B 2.000000 4.000000 18.000000 C[purple]
-0.642776 11.924039 25.639003 0.996773 0.075448 0.027411 -0.080273 0.936858 0.340373 -0.000000 -0.341475 0.939891 B 2.000000 4.000000 18.000000 C[purple]
-0.412012 5.727166 42.894493 0.961767 0.257408 0.093520 -0.273870 0.903956 0.328420 0.000000 -0.341475 0.939891 B 2.000000 4.000000 18.000000 C[purple]
-0.466991 -0.303472 59.869825 0.933977 0.335855 0.122021 -0.357334 0.877836 0.318930 -0.000000 -0.341475 0.939891 B 2.000000 4.000000 18.000000 C[purple]
-0.483253 -6.985505 77.044816 0.931751 0.341273 0.123989 -0.363099 0.875744 0.318170 0.000000 -0.341475 0.939891 B 2.000000 4.000000 18.000000 C[purple]
-17.109410 -16.760271 77.169577 0.974318 -0.211642 -0.076892 0.225177 0.915752 0.332706 -0.000000 -0.341475 0.939891 B 2.000000 4.000000 18.000000 C[purple]
-17.138829 -22.882756 -77.617952 0.920572 -0.367096 -0.133371 0.390573 0.865237 0.314353 0.000000 -0.341475 0.939891 B 2.000000 4.000000 18.000000 C[purple]
-17.283625 -29.466963 -60.582874 0.973986 -0.212986 -0.077381 0.226607 0.915441 0.332592 0.000000 -0.341475 0.939891 B 2.000000 4.000000 18.000000 C[purple]
-17.230506 27.065501 -43.165276 0.880024 -0.446381 -0.162176 0.474929 0.827127 0.300507 0.000000 -0.341475 0.939891 B 2.000000 4.000000 18.000000 C[purple]
-17.385273 20.928358 -25.961631 0.737875 -0.634368 -0.230475 0.674938 0.693522 0.251966 -0.000000 -0.341475 0.939891 B 2.000000 4.000000 18.000000 C[purple]
-17.059223 14.889807 -8.736829 0.828129 -0.526844 -0.191410 0.560537 0.778351 0.282786 -0.000000 -0.341475 0.939891 B 2.000000 4.000000 18.000000 C[purple]
-16.775074 8.684339 8.402577 0.842526 -0.506278 -0.183938 0.538656 0.791882 0.287702 -0.000000 -0.341475 0.939891 B 2.000000 4.000000 18.000000 C[purple]
-17.109561 2.374549 25.472865 0.907278 -0.395253 -0.143601 0.420530 0.852743 0.309813 0.000000 -0.341475 0.939891 B 2.000000 4.000000 18.000000 C[purple]
-17.223575 -4.007892 42.844843 0.987326 -0.149165 -0.054194 0.158705 0.927979 0.337148 -0.000000 -0.341475 0.939891 B 2.000000 4.000000 18.000000 C[purple]
-16.899197 -10.516691 60.068089 0.988029 -0.144992 -0.052678 0.154265 0.928640 0.337388 0.000000 -0.341475 0.939891 B 2.000000 4.000000 18.000000 C[purple]
-33.991137 -13.241432 78.143283 0.889050 -0.430291 -0.156331 0.457809 0.835610 0.303589 0.000000 -0.341475 0.939891 B 2.000000 4.000000 18.000000 C[purple]
-34.032345 -19.393810 -76.926284 0.820337 -0.537505 -0.195283 0.571880 0.771027 0.280125 0.000000 -0.341475 0.939891 B 2.000000 4.000000 18.000000 C[purple]
-34.027787 -26.004767 -59.770164 0.732324 -0.640025 -0.232530 0.680956 0.688305 0.250071 0.000000 -0.341475 0.939891 B 2.000000 4.000000 18.000000 C[purple]
-34.325944 30.317859 -42.666602 0.704928 -0.666645 -0.242201 0.709279 0.662555 0.240716 0.000000 -0.341475 0.939891 B 2.000000 4.000000 18.000000 C[purple]
-34.153673 24.222873 -25.687664 0.823059 -0.533817 -0.193943 0.567956 0.773585 0.281054 0.000000 -0.341475 0.939891 B 2.000000 4.000000 18.000000 C[purple]
-33.861263 18.202453 -8.413860 0.860014 -0.479599 -0.174245 0.510271 0.808319 0.293674 0.000000 -0.341475 0.939891 B 2.000000 4.000000 18.000000 C[purple]
-33.898957 11.719966 9.173640 0.938715 -0.323975 -0.117705 0.344695 0.882289 0.320548 -0.000000 -0.341475 0.939891 B 2.000000 4.000000 18.000000 C[purple]
-33.777119 5.298643 26.286260 0.893765 -0.421574 -0.153164 0.448535 0.840042 0.305199 0.000000 -0.341475 0.939891 B 2.000000 4.000000 18.000000 C[purple]
-33.865502 -1.081472 43.350159 0.904022 -0.401791 -0.145976 0.427486 0.849682 0.308701 0.000000 -0.341475 0.939891 B 2.000000 4.000000 18.000000 C[purple]
-33.750167 -7.182632 60.735619 0.832864 -0.520208 -0.188999 0.553477 0.782801 0.284403 -0.000000 -0.341475 0.939891 B 2.000000 4.000000 18.000000 C[purple]
-14.078383 -29.554070 77.649551 -0.702572 0.668838 0.242998 -0.711613 -0.660341 -0.239911 -0.000000 -0.341475 0.939891 B 2.000000 4.000000 18.000000 C[purple]
-13.693570 26.732885 -77.034658 -0.635354 0.725803 0.263694 -0.772221 -0.597163 -0.216958 -0.000000 -0.341475 0.939891 B 2.000000 4.000000 18.000000 C[purple]
-13.710254 20.450334 -59.679510 -0.729511 0.642856 0.233559 -0.683969 -0.685661 -0.249110 0.000000 -0.341475 0.939891 B 2.000000 4.000000 18.000000 C[purple]
-13.715078 14.297882 -42.717257 -0.733425 0.638909 0.232125 -0.679770 -0.689340 -0.250447 -0.000000 -0.341475 0.939891 B 2.000000 4.000000 18.000000 C[purple]
-13.610943 8.362556 -25.329999 -0.847598 0.498742 0.181200 -0.530638 -0.796650 -0.289434 0.000000 -0.341475 0.939891 B 2.000000 4.000000 18.000000 C[purple]
-13.864783 2.200374 -8.315007 -0.779521 0.588726 0.213892 -0.626377 -0.732664 -0.266187 0.000000 -0.341475 0.939891 B 2.000000 4.000000 18.000000 C[purple]
-13.978965 -4.261001 8.718507 -0.605524 0.747990 0.271755 -0.795827 -0.569127 -0.206772 0.000000 -0.341475 0.939891 B 2.000000 4.000000 18.000000 C[purple]
-13.712529 -10.380721 26.064004 -0.630800 0.729304 0.264966 -0.775946 -0.592883 -0.215403 0.000000 -0.341475 0.939891 B 2.000000 4.000000 18.000000 C[purple]
-13.813317 -16.567103 43.079645 -0.860898 0.478195 0.173735 -0.508778 -0.809150 -0.293976 0.000000 -0.341475 0.939891 B 2.000000 4.000000 18.000000 C[purple]
-14.059926 -23.086616 60.361881 -0.886845 0.434292 0.157784 -0.462066 -0.833538 -0.302836 0.000000 -0.341475 0.939891 B 2.000000 4.000000 18.000000 C[purple]
-39.710765 14.926051 77.339876 0.819316 0.538879 0.195782 -0.573342 0.770068 0.279776 0.000000 -0.341475 0.939891 B 2.000000 4.000000 18.000000 C[purple]
-39.683582 8.579277 -77.732503 0.684699 0.685017 0.248876 -0.728826 0.643542 0.233808 0.000000 -0.341475 0.939891 B 2.000000 4.000000 18.000000 C[purple]
-39.527519 2.068368 -60.384253 0.701570 0.669767 0.243336 -0.712601 0.659399 0.239569 0.000000 -0.341475 0.939891 B 2.000000 4.000000 18.000000 C[purple]
-39.667826 -4.274717 -43.023633 0.784309 0.583081 0.211841 -0.620371 0.737164 0.267822 -0.000000 -0.341475 0.939891 B 2.000000 4.000000 18.000000 C[purple]
-39.601925 -10.388089 -26.070216 0.790952 0.575099 0.208941 -0.611878 0.743408 0.270091 -0.000000 -0.341475 0.939891 B 2.000000 4.000000 18.000000 C[purple]
-39.599951 -16.519938 -9.020432 0.763073 0.607463 0.220700 -0.646312 0.717206 0.260571 -0.000000 -0.341475 0.939891 B 2.000000 4.000000 18.000000 C[purple]
-39.804757 -22.574962 7.986072 0.852820 0.490816 0.178320 -0.522205 0.801557 0.291217 0.000000 -0.341475 0.939891 B 2.000000 4.000000 18.000000 C[purple]
-39.595073 -28.991904 25.242407 0.959080 0.266115 0.096683 -0.283134 0.901431 0.327502 -0.000000 -0.341475 0.939891 B 2.000000 4.000000 18.000000 C[purple]
-39.714864 27.410579 42.559693 0.806926 0.555148 0.201693 -0.590652 0.758423 0.275546 0.000000 -0.341475 0.939891 B 2.000000 4.000000 18.000000 C[purple]
-39.682586 21.153711 59.934156 0.761849 0.608818 0.221192 -0.647754 0.716055 0.260153 0.000000 -0.341475 0.939891 B 2.000000 4.000000 18.000000 C[purple]
40.424348 -10.145686 -77.696856 0.880833 -0.444969 -0.161664 0.473427 0.827887 0.300783 0.000000 -0.341475 0.939891 B 2.000000 4.000000 18.000000 C[purple]
40.122346 -16.328594 -60.582507 0.918988 -0.370585 -0.134639 0.394286 0.863748 0.313812 0.000000 -0.341475 0.939891 B 2.000000 4.000000 18.000000 C[purple]
40.473655 -22.625763 -43.450478 0.864437 -0.472522 -0.171674 0.502742 0.812476 0.295184 0.000000 -0.341475 0.939891 B 2.000000 4.000000 18.000000 C[purple]
40.292306 -28.689723 -26.180911 0.914976 -0.379254 -0.137788 0.403508 0.859977 0.312442 0.000000 -0.341475 0.939891 B 2.000000 4.000000 18.000000 C[purple]
40.216285 27.150124 -8.758708 0.863658 -0.473779 -0.172131 0.504079 0.811744 0.294918 -0.000000 -0.341475 0.939891 B 2.000000 4.000000 18.000000 C[purple]
40.203887 20.737483 8.685290 0.780702 -0.587341 -0.213389 0.624904 0.733774 0.266590 -0.000000 -0.341475 0.939891 B 2.000000 4.000000 18.000000 C[purple]
40.004459 14.235275 25.884622 0.889626 -0.429239 -0.155949 0.456691 0.836151 0.303785 0.000000 -0.341475 0.939891 B 2.000000 4.000000 18.000000 C[purple]
40.058518 7.947036 42.849739 0.773992 -0.595134 -0.216221 0.633195 0.727468 0.264299 0.000000 -0.341475 0.939891 B 2.000000 4.000000 18.000000 C[purple]
40.375175 1.782730 59.906721 0.865796 -0.470319 -0.170874 0.500398 0.813753 0.295648 -0.000000 -0.341475 0.939891 B 2.000000 4.000000 18.000000 C[purple]
40.449218 -4.239509 77.023304 0.961083 -0.259656 -0.094336 0.276261 0.903313 0.328186 0.000000 -0.341475 0.939891 B 2.000000 4.000000 18.000000 C[purple]
7.943859 17.906197 77.430375 0.913050 0.383333 0.139270 -0.407848 0.858167 0.311784 0.000000 -0.341475 0.939891 B 2.000000 4.000000 18.000000 C[purple]
7.809084 11.803787 -77.322408 0.723400 0.648928 0.235765 -0.690429 0.679917 0.247023 -0.000000 -0.341475 0.939891 B 2.000000 4.000000 18.000000 C[purple]
7.811821 5.801494 -60.124835 0.866060 0.469890 0.170717 -0.499941 0.814001 0.295738 -0.000000 -0.341475 0.939891 B 2.000000 4.000000 18.000000 C[purple]
7.702340 -0.591239 -43.050996 0.917491 0.373849 0.135824 -0.397758 0.862341 0.313300 0.000000 -0.341475 0.939891 B 2.000000 4.000000 18.000000 C[purple]
7.655470 -6.957465 -25.808428 0.749256 0.622471 0.226152 -0.662280 0.704219 0.255853 0.000000 -0.341475 0.939891 B 2.000000 4.000000 18.000000 C[purple]
7.817422 -13.437000 -8.914556 0.705483 0.666125 0.242013 -0.708726 0.663077 0.240905 0.000000 -0.341475 0.939891 B 2.000000 4.000000 18.000000 C[purple]
7.781918 -19.483332 8.477175 0.798037 0.566387 0.205776 -0.602609 0.750067 0.272510 0.000000 -0.341475 0.939891 B 2.000000 4.000000 18.000000 C[purple]
7.698075 -25.643254 25.754677 0.966278 0.242024 0.087931 -0.257503 0.908195 0.329960 0.000000 -0.341475 0.939891 B 2.000000 4.000000 18.000000 C[purple]
7.758853 30.483611 43.189727 0.991145 0.124805 0.045343 -0.132786 0.931568 0.338452 0.000000 -0.341475 0.939891 B 2.000000 4.000000 18.000000 C[purple]
7.808996 24.398547 60.249882 0.993762 0.104817 0.038081 -0.111520 0.934028 0.339345 -0.000000 -0.341475 0.939891 B 2.000000 4.000000 18.000000 C[purple]
-34.059623 -5.161003 -76.935230 0.934972 0.333400 0.121129 -0.354722 0.878771 0.319270 0.000000 -0.341475 0.939891 B 2.000000 4.000000 18.000000 C[purple]
-33.935147 -11.667236 -59.875313 0.956132 0.275328 0.100030 -0.292936 0.898660 0.326496 0.000000 -0.341475 0.939891 B 2.000000 4.000000 18.000000 C[purple]
-33.817556 -18.032111 -42.771877 0.998318 0.054485 0.019795 -0.057970 0.938310 0.340901 -0.000000 -0.341475 0.939891 B 2.000000 4.000000 18.000000 C[purple]
-33.689592 -24.013332 -25.595651 0.975961 0.204846 0.074423 -0.217947 0.917296 0.333267 0.000000 -0.341475 0.939891 B 2.000000 4.000000 18.000000 C[purple]
-33.898549 -30.247937 -8.494145 0.972683 0.218185 0.079270 -0.232138 0.914215 0.332147 0.000000 -0.341475 0.939891 B 2.000000 4.000000 18.000000 C[purple]
-33.664455 25.691611 8.733727 0.941049 0.317938 0.115511 -0.338271 0.884483 0.321345 0.000000 -0.341475 0.939891 B 2.000000 4.000000 18.000000 C[purple]
-33.779749 19.487183 25.989298 0.999550 -0.028178 -0.010238 0.029981 0.939468 0.341322 -0.000000 -0.341475 0.939891 B 2.000000 4.000000 18.000000 C[purple]
-33.843443 13.392556 43.061378 0.975617 0.206288 0.074947 -0.219481 0.916973 0.333149 0.000000 -0.341475 0.939891 B 2.000000 4.000000 18.000000 C[purple]
-33.961385 7.169333 60.242214 0.875648 0.453919 0.164915 -0.482949 0.823014 0.299012 -0.000000 -0.341475 0.939891 B 2.000000 4.000000 18.000000 C[purple]
-33.802645 0.814503 77.695711 0.959731 0.264036 0.095928 -0.280922 0.902042 0.327724 0.000000 -0.341475 0.939891 B 2.000000 4.000000 18.000000 C[purple]
-37.397909 16.879217 77.638419 0.784260 0.583139 0.211863 -0.620433 0.737118 0.267805 0.000000 -0.341475 0.939891 B 2.000000 4.000000 18.000000 C[purple]
-37.462689 10.438387 -77.379899 0.767410 0.602617 0.218939 -0.641157 0.721281 0.262052 0.000000 -0.341475 0.939891 B 2.000000 4.000000 18.000000 C[purple]
-37.053784 4.363247 -60.126881 0.794647 0.570581 0.207300 -0.607071 0.746882 0.271353 0.000000 -0.341475 0.939891 B 2.000000 4.000000 18.000000 C[purple]
-37.007343 -1.598722 -43.021631 0.893914 0.421294 0.153062 -0.448238 0.840182 0.305250 0.000000 -0.341475 0.939891 B 2.000000 4.000000 18.000000 C[purple]
-36.979081 -7.986378 -25.994896 0.982581 0.174664 0.063458 -0.185834 0.923519 0.335527 0.000000 -0.341475 0.939891 B 2.000000 4.000000 18.000000 C[purple]
-37.225356 -14.340937 -8.637491 0.934663 0.334164 0.121406 -0.355535 0.878481 0.319164 0.000000 -0.341475 0.939891 B 2.000000 4.000000 18.000000 C[purple]
-37.210261 -20.937841 8.724243 0.994325 0.099986 0.036326 -0.106381 0.934557 0.339538 -0.000000 -0.341475 0.939891 B 2.000000 4.000000 18.000000 C[purple]
-37.257962 -27.092878 26.179411 0.886526 0.434867 0.157993 -0.462678 0.833238 0.302727 -0.000000 -0.341475 0.939891 B 2.000000 4.000000 18.000000 C[purple]
-37.156966 29.435445 43.321608 0.799158 0.564988 0.205268 -0.601121 0.751121 0.272893 0.000000 -0.341475 0.939891 B 2.000000 4.000000 18.000000 C[purple]
-37.173942 22.904540 60.461310 0.869443 0.464338 0.168700 -0.494034 0.817181 0.296893 0.000000 -0.341475 0.939891 B 2.000000 4.000000 18.000000 C[purple]
14.821754 11.459343 77.258562 0.239378 0.912565 0.331548 -0.970927 0.224989 0.081742 0.000000 -0.341475 0.939891 B 2.000000 4.000000 18.000000 C[purple]
15.076839 5.091233 -77.710949 0.358026 0.877587 0.318840 -0.933712 0.336505 0.122257 -0.000000 -0.341475 0.939891 B 2.000000 4.000000 18.000000 C[purple]
14.755883 -1.051396 -60.687191 0.129259 0.932006 0.338611 -0.991611 0.121490 0.044139 -0.000000 -0.341475 0.939891 B 2.000000 4.000000 18.000000 C[purple]
14.682237 -7.335747 -43.410282 0.477930 0.825598 0.299951 -0.878398 0.449202 0.163201 0.000000 -0.341475 0.939891 B 2.000000 4.000000 18.000000 C[purple]
14.971495 -13.813398 -26.034316 0.416277 0.854584 0.310482 -0.909238 0.391255 0.142148 -0.000000 -0.341475 0.939891 B 2.000000 4.000000 18.000000 C[purple]
14.952370 -19.729879 -8.566281 0.371686 0.872556 0.317012 -0.928359 0.349344 0.126921 -0.000000 -0.341475 0.939891 B 2.000000 4.000000 18.000000 C[purple]
14.744541 -25.627541 8.490371 0.439538 0.844232 0.306721 -0.898224 0.413118 0.150092 -0.000000 -0.341475 0.939891 B 2.000000 4.000000 18.000000 C[purple]
14.822548 30.177157 25.628393 0.479344 0.824874 0.299688 -0.877627 0.450531 0.163684 0.000000 -0.341475 0.939891 B 2.000000 4.000000 18.000000 C[purple]
15.153484 23.854643 42.646805 0.473163 0.828020 0.300831 -0.880975 0.444721 0.161573 0.000000 -0.341475 0.939891 B 2.000000 4.000000 18.000000 C[purple]
15.218591 17.697034 60.074318 0.368435 0.873773 0.317454 -0.929653 0.346289 0.125812 -0.000000 -0.341475 0.939891 B 2.000000 4.000000 18.000000 C[purple]
7.911430 17.552223 -77.386074 0.952730 0.285557 0.103747 -0.303819 0.895462 0.325334 0.000000 -0.341475 0.939891 B 2.000000 4.000000 18.000000 C[purple]
7.754635 10.903490 -60.214530 0.977610 0.197778 0.071856 -0.210427 0.918846 0.333830 0.000000 -0.341475 0.939891 B 2.000000 4.000000 18.000000 C[purple]
7.575239 4.290647 -42.994534 0.974831 0.209545 0.076131 -0.222946 0.916234 0.332881 -0.000000 -0.341475 0.939891 B 2.000000 4.000000 18.000000 C[purple]
7.541507 -1.500979 -25.818229 0.966325 0.241856 0.087870 -0.257324 0.908240 0.329976 -0.000000 -0.341475 0.939891 B 2.000000 4.000000 18.000000 C[purple]
7.783540 -7.807035 -8.831967 0.977246 0.199361 0.072431 -0.212111 0.918504 0.333705 -0.000000 -0.341475 0.939891 B 2.000000 4.000000 18.000000 C[purple]
7.791332 -14.254740 8.550049 0.999012 0.041776 0.015178 -0.044448 0.938962 0.341138 0.000000 -0.341475 0.939891 B 2.000000 4.000000 18.000000 C[purple]
7.782717 -20.367148 25.757527 0.999779 -0.019741 -0.007172 0.021004 0.939683 0.341400 -0.000000 -0.341475 0.939891 B 2.000000 4.000000 18.000000 C[purple]
7.857446 -26.523344 42.736204 0.999994 0.003325 0.001208 -0.003538 0.939885 0.341473 -0.000000 -0.341475 0.939891 B 2.000000 4.000000 18.000000 C[purple]
8.027560 29.751058 60.371994 0.997429 0.067359 0.024473 -0.071667 0.937474 0.340597 0.000000 -0.341475 0.939891 B 2.000000 4.000000 18.000000 C[purple]
8.074787 23.693168 77.674620 0.994550 0.097998 0.035604 -0.104265 0.934768 0.339614 0.000000 -0.341475 0.939891 B 2.000000 4.000000 18.000000 C[purple]
29.584238 -8.069932 77.319951 0.016774 0.939758 0.341427 -0.999859 0.015765 0.005728 -0.000000 -0.341475 0.939891 B 2.000000 4.000000 18.000000 C[purple]
29.667104 -14.644934 -77.543962 0.145460 0.929894 0.337844 -0.989364 0.136716 0.049671 0.000000 -0.341475 0.939891 B 2.000000 4.000000 18.000000 C[purple]
29.475836 -20.734586 -60.322866 0.029231 0.939489 0.341329 -0.999573 0.027474 0.009982 -0.000000 -0.341475 0.939891 B 2.000000 4.000000 18.000000 C[purple]
29.313508 -27.042169 -43.201135 0.215939 0.917716 0.333419 -0.976407 0.202959 0.073738 -0.000000 -0.341475 0.939891 B 2.000000 4.000000 18.000000 C[purple]
29.242981 29.264386 -26.033567 0.305593 0.894928 0.325140 -0.952162 0.287224 0.104353 -0.000000 -0.341475 0.939891 B 2.000000 4.000000 18.000000 C[purple]
29.575841 22.791164 -8.813724 0.437340 0.845240 0.307088 -0.899296 0.411051 0.149341 -0.000000 -0.341475 0.939891 B 2.000000 4.000000 18.000000 C[purple]
29.512015 16.511338 8.504506 0.131465 0.931733 0.338512 -0.991321 0.123562 0.044892 0.000000 -0.341475 0.939891 B 2.000000 4.000000 18.000000 C[purple]
29.796984 10.129845 25.525424 0.290384 0.899391 0.326761 -0.956910 0.272929 0.099159 0.000000 -0.341475 0.939891 B 2.000000 4.000000 18.000000 C[purple]
29.943852 4.135452 42.820491 0.300167 0.896549 0.325729 -0.953887 0.282124 0.102500 -0.000000 -0.341475 0.939891 B 2.000000 4.000000 18.000000 C[purple]
29.773234 -2.225393 60.164367 0.024961 0.939598 0.341369 -0.999688 0.023460 0.008523 0.000000 -0.341475 0.939891 B 2.000000 4.000000 18.000000 C[purple]
-2.040466 7.357437 -77.386077 0.775745 -0.593115 -0.215487 0.631047 0.729115 0.264898 0.000000 -0.341475 0.939891 B 2.000000 4.000000 18.000000 C[purple]
-1.787422 1.250392 -59.862694 0.782187 -0.585593 -0.212754 0.623044 0.735170 0.267098 0.000000 -0.341475 0.939891 B 2.000000 4.000000 18.000000 C[purple]
-1.810483 -5.063082 -42.878371 0.568259 -0.773389 -0.280983 0.822850 0.534101 0.194046 0.000000 -0.341475 0.939891 B 2.000000 4.000000 18.000000 C[purple]
-2.036158 -11.273163 -25.592932 0.569571 -0.772536 -0.280673 0.821942 0.535334 0.194494 -0.000000 -0.341475 0.939891 B 2.000000 4.000000 18.000000 C[purple]
-2.124723 -17.572699 -8.559775 0.840026 -0.509933 -0.185266 0.542545 0.789533 0.286848 0.000000 -0.341475 0.939891 B 2.000000 4.000000 18.000000 C[purple]
-1.916538 -24.146346 8.518931 0.879732 -0.446889 -0.162361 0.475469 0.826852 0.300407 0.000000 -0.341475 0.939891 B 2.000000 4.000000 18.000000 C[purple]
-1.900528 -30.322404 25.950656 0.651641 -0.712933 -0.259018 0.758527 0.612471 0.222519 -0.000000 -0.341475 0.939891 B 2.000000 4.000000 18.000000 C[purple]
-2.205966 25.645467 43.029945 0.715707 -0.656420 -0.238487 0.698401 0.672686 0.244396 0.000000 -0.341475 0.939891 B 2.000000 4.000000 18.000000 C[purple]
-2.353453 19.533502 60.484397 0.699629 -0.671558 -0.243986 0.714507 0.657575 0.238906 0.000000 -0.341475 0.939891 B 2.000000 4.000000 18.000000 C[purple]
-2.112579 13.449953 77.572525 0.459628 -0.834728 -0.303268 0.888111 0.432000 0.156952 -0.000000 -0.341475 0.939891 B 2.000000 4.000000 18.000000 C[purple]
-30.330316 -26.364800 -77.095533 0.880050 -0.446336 -0.162160 0.474881 0.827151 0.300516 0.000000 -0.341475 0.939891 B 2.000000 4.000000 18.000000 C[purple]
-30.443373 30.225025 -59.880244 0.947064 -0.301746 -0.109629 0.321044 0.890137 0.323399 0.000000 -0.341475 0.939891 B 2.000000 4.000000 18.000000 C[purple]
-30.470518 23.734086 -42.921924 0.910402 -0.388856 -0.141277 0.413725 0.855678 0.310880 -0.000000 -0.341475 0.939891 B 2.000000 4.000000 18.000000 C[purple]
-30.342990 17.446455 -25.687077 0.848206 -0.497829 -0.180868 0.529666 0.797221 0.289642 -0.000000 -0.341475 0.939891 B 2.000000 4.000000 18.000000 C[purple]
-30.701412 11.127208 -8.530516 0.832118 -0.521262 -0.189382 0.554598 0.782100 0.284148 0.000000 -0.341475 0.939891 B 2.000000 4.000000 18.000000 C[purple]
-30.422404 4.783735 8.673915 0.798069 -0.566346 -0.205761 0.602566 0.750098 0.272521 -0.000000 -0.341475 0.939891 B 2.000000 4.000000 18.000000 C[purple]
-30.370060 -1.384579 26.101750 0.631605 -0.728688 -0.264743 0.775291 0.593639 0.215677 0.000000 -0.341475 0.939891 B 2.000000 4.000000 18.000000 C[purple]
-30.535103 -7.915904 43.409709 0.713555 -0.658487 -0.239237 0.700599 0.670664 0.243661 -0.000000 -0.341475 0.939891 B 2.000000 4.000000 18.000000 C[purple]
-30.525341 -14.282398 60.406823 0.706626 -0.665054 -0.241624 0.707587 0.664151 0.241295 -0.000000 -0.341475 0.939891 B 2.000000 4.000000 18.000000 C[purple]
-30.510333 -20.198529 77.833651 0.731940 -0.640413 -0.232671 0.681370 0.687943 0.249939 0.000000 -0.341475 0.939891 B 2.000000 4.000000 18.000000 C[purple]
-39.641875 25.410588 77.184973 0.022521 -0.939652 -0.341389 0.999746 0.021167 0.007690 0.000000 -0.341475 0.939891 B 2.000000 4.000000 18.000000 C[purple]
-39.386498 19.231073 -77.682753 0.138204 -0.930871 -0.338199 0.990404 0.129897 0.047193 0.000000 -0.341475 0.939891 B 2.000000 4.000000 18.000000 C[purple]
-39.182484 12.986260 -60.513632 0.206861 -0.919561 -0.334089 0.978370 0.194427 0.070638 -0.000000 -0.341475 0.939891 B 2.000000 4.000000 18.000000 C[purple]
-39.491768 6.719659 -43.391825 0.128502 -0.932098 -0.338644 0.991709 0.120778 0.043880 0.000000 -0.341475 0.939891 B 2.000000 4.000000 18.000000 C[purple]
-39.744433 0.260565 -26.520563 0.078503 -0.936990 -0.340422 0.996914 0.073784 0.026807 0.000000 -0.341475 0.939891 B 2.000000 4.000000 18.000000 C[purple]
-39.642948 -5.748722 -9.154167 -0.057654 -0.938327 -0.340907 0.998337 -0.054189 -0.019688 0.000000 -0.341475 0.939891 B 2.000000 4.000000 18.000000 C[purple]
-39.685171 -12.066562 8.017042 0.088407 -0.936210 -0.340138 0.996084 0.083093 0.030189 -0.000000 -0.341475 0.939891 B 2.000000 4.000000 18.000000 C[purple]
-40.097783 -18.234406 25.227961 0.176363 -0.925158 -0.336123 0.984325 0.165762 0.060223 0.000000 -0.341475 0.939891 B 2.000000 4.000000 18.000000 C[purple]
-39.793840 -24.630546 42.556596 0.089245 -0.936140 -0.340113 0.996010 0.083881 0.030475 0.000000 -0.341475 0.939891 B 2.000000 4.000000 18.000000 C[purple]
-39.389190 -30.735820 59.601605 0.064594 -0.937928 -0.340762 0.997912 0.060712 0.022057 0.000000 -0.341475 0.939891 B 2.000000 4.000000 18.000000 C[purple]
14.474174 -21.498613 -77.562895 0.940729 -0.318771 -0.115814 0.339158 0.884183 0.321236 0.000000 -0.341475 0.939891 B 2.000000 4.000000 18.000000 C[purple]
14.632044 -27.608888 -60.042287 0.924789 -0.357611 -0.129925 0.380481 0.869200 0.315793 0.000000 -0.341475 0.939891 B 2.000000 4.000000 18.000000 C[purple]
14.338332 28.956533 -42.752498 0.938632 -0.324186 -0.117781 0.344919 0.882212 0.320520 -0.000000 -0.341475 0.939891 B 2.000000 4.000000 18.000000 C[purple]
14.349876 22.803272 -25.653561 0.952429 -0.286442 -0.104069 0.304761 0.895179 0.325231 0.000000 -0.341475 0.939891 B 2.000000 4.000000 18.000000 C[purple]
14.366541 16.766021 -8.608411 0.960132 -0.262745 -0.095459 0.279548 0.902419 0.327861 -0.000000 -0.341475 0.939891 B 2.000000 4.000000 18.000000 C[purple]
14.561685 10.463682 8.361538 0.948632 -0.297363 -0.108036 0.316380 0.891611 0.323935 -0.000000 -0.341475 0.939891 B 2.000000 4.000000 18.000000 C[purple]
14.783790 4.118702 25.632725 0.962894 -0.253658 -0.092157 0.269880 0.905015 0.328805 0.000000 -0.341475 0.939891 B 2.000000 4.000000 18.000000 C[purple]
14.723357 -2.349374 42.515506 0.910337 -0.388990 -0.141325 0.413867 0.855618 0.310858 0.000000 -0.341475 0.939891 B 2.000000 4.000000 18.000000 C[purple]
14.614996 -8.828984 59.804499 0.861369 -0.477446 -0.173463 0.507980 0.809593 0.294136 -0.000000 -0.341475 0.939891 B 2.000000 4.000000 18.000000 C[purple]
14.678841 -15.093353 77.454747 0.930959 -0.343177 -0.124681 0.365125 0.874999 0.317899 -0.000000 -0.341475 0.939891 B 2.000000 4.000000 18.000000 C[purple]
-12.419540 -23.521226 -77.354733 0.037609 -0.939226 -0.341234 0.999293 0.035349 0.012843 -0.000000 -0.341475 0.939891 B 2.000000 4.000000 18.000000 C[purple]
-12.406845 -29.845699 -60.170433 -0.267868 -0.905543 -0.328996 0.963456 -0.251766 -0.091470 -0.000000 -0.341475 0.939891 B 2.000000 4.000000 18.000000 C[purple]
-12.779551 26.127729 -42.882633 -0.224494 -0.915900 -0.332759 0.974475 -0.211000 -0.076659 0.000000 -0.341475 0.939891 B 2.000000 4.000000 18.000000 C[purple]
-13.025917 20.050294 -25.915896 -0.192405 -0.922329 -0.335095 0.981316 -0.180840 -0.065702 0.000000 -0.341475 0.939891 B 2.000000 4.000000 18.000000 C[purple]
-13.113381 13.802238 -8.605399 -0.417061 -0.854247 -0.310360 0.908879 -0.391992 -0.142416 0.000000 -0.341475 0.939891 B 2.000000 4.000000 18.000000 C[purple]
-13.432932 7.612339 8.757653 -0.527407 -0.798543 -0.290122 0.849613 -0.495705 -0.180097 0.000000 -0.341475 0.939891 B 2.000000 4.000000 18.000000 C[purple]
-13.330135 1.539151 25.796129 -0.508035 -0.809562 -0.294125 0.861337 -0.477497 -0.173481 0.000000 -0.341475 0.939891 B 2.000000 4.000000 18.000000 C[purple]
-12.959915 -4.857453 43.031242 -0.558007 -0.779956 -0.283369 0.829837 -0.524465 -0.190546 0.000000 -0.341475 0.939891 B 2.000000 4.000000 18.000000 C[purple]
-12.545770 -11.192998 60.290753 -0.472968 -0.828118 -0.300867 0.881079 -0.444538 -0.161507 0.000000 -0.341475 0.939891 B 2.000000 4.000000 18.000000 C[purple]
-12.400156 -17.217561 77.284444 -0.354166 -0.878970 -0.319342 0.935183 -0.332877 -0.120939 -0.000000 -0.341475 0.939891 B 2.000000 4.000000 18.000000 C[purple]
30.594168 21.901946 -77.235666 0.993207 0.109370 0.039736 -0.116365 0.933506 0.339156 0.000000 -0.341475 0.939891 B 2.000000 4.000000 18.000000 C[purple]
30.796550 15.339751 -60.184877 0.988884 0.139751 0.050773 -0.148688 0.929443 0.337680 0.000000 -0.341475 0.939891 B 2.000000 4.000000 18.000000 C[purple]
30.526874 9.008272 -43.021779 0.986410 0.154427 0.056106 -0.164303 0.927117 0.336835 0.000000 -0.341475 0.939891 B 2.000000 4.000000 18.000000 C[purple]
30.430164 2.874644 -25.678585 0.989499 0.135853 0.049357 -0.144542 0.930021 0.337889 0.000000 -0.341475 0.939891 B 2.000000 4.000000 18.000000 C[purple]
30.476201 -3.706480 -8.686782 0.997397 -0.067768 -0.024621 0.072102 0.937444 0.340587 -0.000000 -0.341475 0.939891 B 2.000000 4.000000 18.000000 C[purple]
30.497906 -9.657561 8.740433 0.970859 -0.225247 -0.081835 0.239652 0.912501 0.331524 -0.000000 -0.341475 0.939891 B 2.000000 4.000000 18.000000 C[purple]
30.513707 -15.740811 26.056828 0.999870 0.015137 0.005499 -0.016105 0.939769 0.341431 -0.000000 -0.341475 0.939891 B 2.000000 4.000000 18.000000 C[purple]
30.594779 -21.897807 43.347088 0.925236 -0.356587 -0.129553 0.379392 0.869621 0.315945 0.000000 -0.341475 0.939891 B 2.000000 4.000000 18.000000 C[purple]
30.568747 -28.286068 60.498613 0.996239 -0.081440 -0.029588 0.086648 0.936356 0.340191 0.000000 -0.341475 0.939891 B 2.000000 4.000000 18.000000 C[purple]
30.477955 28.208499 77.807136 0.995143 0.092522 0.033615 -0.098439 0.935326 0.339817 -0.000000 -0.341475 0.939891 B 2.000000 4.000000 18.000000 C[purple]
-36.917389 28.298259 -77.033152 0.065899 -0.937848 -0.340733 0.997826 0.061938 0.022503 -0.000000 -0.341475 0.939891 B 2.000000 4.000000 18.000000 C[purple]
-36.884366 22.142976 -60.033616 -0.018404 -0.939732 -0.341418 0.999831 -0.017298 -0.006285 0.000000 -0.341475 0.939891 B 2.000000 4.000000 18.000000 C[purple]
-36.744448 15.843841 -42.689894 0.299616 -0.896712 -0.325788 0.954060 0.281606 0.102311 -0.000000 -0.341475 0.939891 B 2.000000 4.000000 18.000000 C[purple]
-36.575151 9.285592 -25.572565 0.163436 -0.927253 -0.336884 0.986554 0.153612 0.055809 -0.000000 -0.341475 0.939891 B 2.000000 4.000000 18.000000 C[purple]
-36.395876 3.132870 -8.084569 -0.037731 -0.939221 -0.341232 0.999288 -0.035463 -0.012884 0.000000 -0.341475 0.939891 B 2.000000 4.000000 18.000000 C[purple]
-36.292445 -2.886660 8.942909 0.131926 -0.931676 -0.338491 0.991260 0.123996 0.045049 -0.000000 -0.341475 0.939891 B 2.000000 4.000000 18.000000 C[purple]
-36.506650 -9.226350 25.996415 0.050143 -0.938708 -0.341046 0.998742 0.047129 0.017123 0.000000 -0.341475 0.939891 B 2.000000 4.000000 18.000000 C[purple]
-36.791655 -15.232059 43.445177 -0.017200 -0.939752 -0.341425 0.999852 -0.016166 -0.005873 0.000000 -0.341475 0.939891 B 2.000000 4.000000 18.000000 C[purple]
-36.825213 -21.561914 60.745490 -0.010683 -0.939837 -0.341456 0.999943 -0.010041 -0.003648 -0.000000 -0.341475 0.939891 B 2.000000 4.000000 18.000000 C[purple]
-37.281040 -27.839277 77.878400 0.019736 -0.939708 -0.341409 0.999805 0.018550 0.006740 0.000000 -0.341475 0.939891 B 2.000000 4.000000 18.000000 C[purple]
-12.448197 18.895270 -78.107353 0.583574 0.763248 0.277299 -0.812060 0.548495 0.199276 -0.000000 -0.341475 0.939891 B 2.000000 4.000000 18.000000 C[purple]
-12.457881 12.441273 -60.651800 0.354346 0.878905 0.319319 -0.935114 0.333047 0.121000 -0.000000 -0.341475 0.939891 B 2.000000 4.000000 18.000000 C[purple]
-12.354886 6.247216 -43.373058 0.581094 0.764917 0.277905 -0.813836 0.546165 0.198429 0.000000 -0.341475 0.939891 B 2.000000 4.000000 18.000000 C[purple]
-12.429873 -0.161236 -26.160516 0.520695 0.802425 0.291532 -0.853743 0.489396 0.177805 -0.000000 -0.341475 0.939891 B 2.000000 4.000000 18.000000 C[purple]
-12.575225 -6.390690 -8.928593 0.683099 0.686427 0.249388 -0.730326 0.642038 0.233261 -0.000000 -0.341475 0.939891 B 2.000000 4.000000 18.000000 C[purple]
-12.449147 -12.367076 8.118525 0.558581 0.779592 0.283237 -0.829450 0.525005 0.190742 0.000000 -0.341475 0.939891 B 2.000000 4.000000 18.000000 C[purple]
-12.138733 -18.916726 25.395750 0.593101 0.756732 0.274931 -0.805128 0.557451 0.202530 0.000000 -0.341475 0.939891 B 2.000000 4.000000 18.000000 C[purple]
-12.385920 -25.142108 42.619979 0.522324 0.801489 0.291192 -0.852747 0.490928 0.178361 0.000000 -0.341475 0.939891 B 2.000000 4.000000 18.000000 C[purple]
-12.300711 31.162485 59.783466 0.512268 0.807202 0.293268 -0.858826 0.481476 0.174927 0.000000 -0.341475 0.939891 B 2.000000 4.000000 18.000000 C[purple]
-12.495576 25.102826 76.943172 0.752949 0.618522 0.224718 -0.658079 0.707690 0.257113 0.000000 -0.341475 0.939891 B 2.000000 4.000000 18.000000 C[purple]
-30.140014 -14.115941 77.192869 0.644873 0.718349 0.260986 -0.764290 0.606110 0.220208 -0.000000 -0.341475 0.939891 B 2.000000 4.000000 18.000000 C[purple]
-30.154770 -20.563158 -77.407283 0.494881 0.816728 0.296729 -0.868961 0.465134 0.168990 -0.000000 -0.341475 0.939891 B 2.000000 4.000000 18.000000 C[purple]
-30.124910 -26.713808 -60.019671 0.431993 0.847666 0.307969 -0.901877 0.406026 0.147515 0.000000 -0.341475 0.939891 B 2.000000 4.000000 18.000000 C[purple]
-30.227391 29.453446 -42.645090 0.735244 0.637060 0.231453 -0.677802 0.691049 0.251068 -0.000000 -0.341475 0.939891 B 2.000000 4.000000 18.000000 C[purple]
-30.005737 23.354361 -25.618317 0.614594 0.741426 0.269371 -0.788843 0.577652 0.209869 0.000000 -0.341475 0.939891 B 2.000000 4.000000 18.000000 C[purple]
-29.802711 17.005408 -8.472036 0.614358 0.741599 0.269433 -0.789027 0.577430 0.209788 -0.000000 -0.341475 0.939891 B 2.000000 4.000000 18.000000 C[purple]
-29.728492 11.113513 8.579496 0.535590 0.793717 0.288369 -0.844478 0.503396 0.182891 0.000000 -0.341475 0.939891 B 2.000000 4.000000 18.000000 C[purple]
-29.815237 4.667723 25.558505 0.646890 0.716745 0.260404 -0.762584 0.608006 0.220897 0.000000 -0.341475 0.939891 B 2.000000 4.000000 18.000000 C[purple]
-29.922314 -1.961711 42.773909 0.563409 0.776517 0.282120 -0.826178 0.529543 0.192390 0.000000 -0.341475 0.939891 B 2.000000 4.000000 18.000000 C[purple]
-30.038001 -8.129732 59.876592 0.558272 0.779788 0.283308 -0.829658 0.524714 0.190636 0.000000 -0.341475 0.939891 B 2.000000 4.000000 18.000000 C[purple]
31.829798 10.159329 77.323950 0.842532 0.506269 0.183935 -0.538647 0.791888 0.287704 -0.000000 -0.341475 0.939891 B 2.000000 4.000000 18.000000 C[purple]
31.734510 4.086965 -77.395760 0.792632 0.573051 0.208198 -0.609700 0.744988 0.270664 0.000000 -0.341475 0.939891 B 2.000000 4.000000 18.000000 C[purple]
31.524108 -2.083045 -60.474529 0.849998 0.495122 0.179885 -0.526787 0.798905 0.290253 -0.000000 -0.341475 0.939891 B 2.000000 4.000000 18.000000 C[purple]
31.824155 -8.582196 -43.067810 0.791098 0.574921 0.208877 -0.611689 0.743546 0.270141 -0.000000 -0.341475 0.939891 B 2.000000 4.000000 18.000000 C[purple]
31.728637 -14.820101 -25.686844 0.934884 0.333617 0.121208 -0.354953 0.878689 0.319240 0.000000 -0.341475 0.939891 B 2.000000 4.000000 18.000000 C[purple]
31.791151 -21.239339 -8.706641 0.860885 0.478215 0.173742 -0.508799 0.809138 0.293971 -0.000000 -0.341475 0.939891 B 2.000000 4.000000 18.000000 C[purple]
31.581686 -27.452574 8.582448 0.914604 0.380046 0.138076 -0.404352 0.859627 0.312315 0.000000 -0.341475 0.939891 B 2.000000 4.000000 18.000000 C[purple]
31.358665 28.750932 26.007150 0.881598 0.443629 0.161177 -0.472001 0.828606 0.301044 0.000000 -0.341475 0.939891 B 2.000000 4.000000 18.000000 C[purple]
31.721122 22.396591 42.971778 0.884825 0.437918 0.159102 -0.465924 0.831638 0.302146 0.000000 -0.341475 0.939891 B 2.000000 4.000000 18.000000 C[purple]
31.741129 16.073240 59.938625 0.768462 0.601432 0.218509 -0.639896 0.722270 0.262411 0.000000 -0.341475 0.939891 B 2.000000 4.000000 18.000000 C[purple]
22.020858 -13.764020 77.506024 0.462163 -0.833490 -0.302819 0.886795 0.434383 0.157817 0.000000 -0.341475 0.939891 B 2.000000 4.000000 18.000000 C[purple]
22.434259 -19.994742 -77.472052 0.533498 -0.794961 -0.288820 0.845801 0.501430 0.182176 0.000000 -0.341475 0.939891 B 2.000000 4.000000 18.000000 C[purple]
22.387471 -26.130616 -60.462505 0.779655 -0.588568 -0.213835 0.626209 0.732790 0.266233 0.000000 -0.341475 0.939891 B 2.000000 4.000000 18.000000 C[purple]
22.177504 29.866076 -43.277785 0.809667 -0.551612 -0.200408 0.586889 0.760999 0.276481 -0.000000 -0.341475 0.939891 B 2.000000 4.000000 18.000000 C[purple]
22.275403 23.876495 -25.815943 0.821364 -0.536118 -0.194779 0.570405 0.771992 0.280476 0.000000 -0.341475 0.939891 B 2.000000 4.000000 18.000000 C[purple]
22.121683 17.354861 -8.770484 0.684468 -0.685221 -0.248950 0.729043 0.643325 0.233729 -0.000000 -0.341475 0.939891 B 2.000000 4.000000 18.000000 C[purple]
22.334904 11.160527 8.535309 0.649963 -0.714285 -0.259510 0.759966 0.610894 0.221946 -0.000000 -0.341475 0.939891 B 2.000000 4.000000 18.000000 C[purple]
22.167607 5.217901 25.585316 0.753055 -0.618408 -0.224676 0.657958 0.707789 0.257150 -0.000000 -0.341475 0.939891 B 2.000000 4.000000 18.000000 C[purple]
22.136692 -1.286171 42.531357 0.620391 -0.737150 -0.267817 0.784293 0.583099 0.211848 0.000000 -0.341475 0.939891 B 2.000000 4.000000 18.000000 C[purple]
22.063226 -7.583901 59.915637 0.420032 -0.852959 -0.309892 0.907509 0.394785 0.143431 0.000000 -0.341475 0.939891 B 2.000000 4.000000 18.000000 C[purple]
-22.874332 -13.659732 77.816949 0.413187 0.855908 0.310963 -0.910646 0.388351 0.141093 -0.000000 -0.341475 0.939891 B 2.000000 4.000000 18.000000 C[purple]
-23.163739 -19.795314 -77.121799 0.580955 0.765011 0.277939 -0.813936 0.546034 0.198382 -0.000000 -0.341475 0.939891 B 2.000000 4.000000 18.000000 C[purple]
-23.021473 -25.694159 -60.080966 0.511727 0.807505 0.293378 -0.859148 0.480967 0.174742 0.000000 -0.341475 0.939891 B 2.000000 4.000000 18.000000 C[purple]
-23.356394 30.649736 -43.106674 0.368215 0.873855 0.317484 -0.929741 0.346082 0.125736 0.000000 -0.341475 0.939891 B 2.000000 4.000000 18.000000 C[purple]
-23.159887 24.455286 -25.836173 0.596933 0.754066 0.273963 -0.802291 0.561052 0.203838 0.000000 -0.341475 0.939891 B 2.000000 4.000000 18.000000 C[purple]
-22.761546 18.197556 -8.729676 0.553853 0.782566 0.284317 -0.832614 0.520562 0.189127 -0.000000 -0.341475 0.939891 B 2.000000 4.000000 18.000000 C[purple]
-22.730885 11.776888 8.573565 0.402270 0.860490 0.312628 -0.915521 0.378090 0.137365 -0.000000 -0.341475 0.939891 B 2.000000 4.000000 18.000000 C[purple]
