-1.984090 16.446519 77.558059 -0.005405 0.939877 0.341470 -0.999985 -0.005080 -0.001846 -0.000000 -0.341475 0.939891 B 2.000000 4.000000 18.000000 C[purple]
-1.847447 10.058743 -77.179618 -0.258120 0.908040 0.329904 -0.966113 -0.242605 -0.088142 -0.000000 -0.341475 0.939891 B 2.000000 4.000000 18.000000 C[purple]
-1.838730 3.970057 -60.129167 -0.153910 0.928692 0.337407 -0.988085 -0.144659 -0.052556 -0.000000 -0.341475 0.939891 B 2.000000 4.000000 18.000000 C[purple]
-2.108600 -2.287407 -43.093993 -0.112902 0.933881 0.339292 -0.993606 -0.106116 -0.038553 -0.000000 -0.341475 0.939891 B 2.000000 4.000000 18.000000 C[purple]
-2.017454 -8.419853 -25.607912 -0.045115 0.938934 0.341128 -0.998982 -0.042403 -0.015406 0.000000 -0.341475 0.939891 B 2.000000 4.000000 18.000000 C[purple]
-1.876042 -14.883338 -8.406006 0.004741 0.939880 0.341472 -0.999989 0.004456 0.001619 0.000000 -0.341475 0.939891 B 2.000000 4.000000 18.000000 C[purple]
-1.901330 -21.140967 8.633631 0.398054 0.862220 0.313257 -0.917362 0.374127 0.135926 -0.000000 -0.341475 0.939891 B 2.000000 4.000000 18.000000 C[purple]
-2.213897 -27.451776 25.912619 0.178261 0.924837 0.336006 -0.983983 0.167546 0.060872 0.000000 -0.341475 0.939891 B 2.000000 4.000000 18.000000 C[purple]
-2.005118 28.559679 42.940096 0.094608 0.935675 0.339944 -0.995515 0.088921 0.032306 -0.000000 -0.341475 0.939891 B 2.000000 4.000000 18.000000 C[purple]
-1.625227 22.528776 60.164197 0.027101 0.939545 0.341350 -0.999633 0.025472 0.009254 0.000000 -0.341475 0.939891 B 2.000000 4.000000 18.000000 C[purple]
46.740071 -30.461842 -77.065133 -0.734125 -0.638199 -0.231867 0.679014 -0.689997 -0.250686 0.000000 -0.341475 0.939891 B 2.000000 4.000000 18.000000 C[purple]
46.822145 25.760422 -60.074496 -0.814549 -0.545226 -0.198088 0.580095 -0.765587 -0.278148 0.000000 -0.341475 0.939891 B 2.000000 4.000000 18.000000 C[purple]
46.354047 19.494758 -42.837830 -0.833274 -0.519628 -0.188788 0.552860 -0.783186 -0.284543 0.000000 -0.341475 0.939891 B 2.000000 4.000000 18.000000 C[purple]
46.137542 13.320533 -25.674538 -0.723928 -0.648408 -0.235576 0.689875 -0.680413 -0.247204 -0.000000 -0.341475 0.939891 B 2.000000 4.000000 18.000000 C[purple]
46.067878 6.958443 -8.238917 -0.681638 -0.687708 -0.249854 0.731689 -0.640665 -0.232763 0.000000 -0.341475 0.939891 B 2.000000 4.000000 18.000000 C[purple]
46.305551 0.438567 8.731024 -0.715996 -0.656142 -0.238386 0.698105 -0.672958 -0.244495 0.000000 -0.341475 0.939891 B 2.000000 4.000000 18.000000 C[purple]
46.495424 -6.085956 26.126770 -0.631115 -0.729063 -0.264879 0.775689 -0.593179 -0.215510 0.000000 -0.341475 0.939891 B 2.000000 4.000000 18.000000 C[purple]
46.593269 -12.241836 43.342565 -0.707281 -0.664439 -0.241400 0.706932 -0.664767 -0.241519 0.000000 -0.341475 0.939891 B 2.000000 4.000000 18.000000 C[purple]
46.657084 -18.493545 60.233492 -0.795939 -0.568988 -0.206721 0.605377 -0.748096 -0.271794 -0.000000 -0.341475 0.939891 B 2.000000 4.000000 18.000000 C[purple]
46.894683 -24.558806 77.681414 -0.811284 -0.549509 -0.199644 0.584652 -0.762518 -0.277034 0.000000 -0.341475 0.939891 B 2.000000 4.000000 18.000000 C[purple]
7.981466 26.024264 77.733789 0.247670 0.910608 0.330837 -0.968845 0.232782 0.084573 -0.000000 -0.341475 0.939891 B 2.000000 4.000000 18.000000 C[purple]
7.854219 19.893423 -77.221622 0.248859 0.910322 0.330733 -0.968540 0.233900 0.084979 0.000000 -0.341475 0.939891 B 2.000000 4.000000 18.000000 C[purple]
8.037516 13.689980 -60.271025 0.479655 0.824714 0.299630 -0.877457 0.450823 0.163790 0.000000 -0.341475 0.939891 B 2.000000 4.000000 18.000000 C[purple]
7.712282 7.559253 -43.225251 0.443846 0.842239 0.305997 -0.896103 0.417167 0.151563 -0.000000 -0.341475 0.939891 B 2.000000 4.000000 18.000000 C[purple]
7.802152 1.232422 -25.845127 0.579794 0.765788 0.278222 -0.814763 0.544943 0.197985 0.000000 -0.341475 0.939891 B 2.000000 4.000000 18.000000 C[purple]
7.865713 -5.218844 -8.367419 0.345347 0.882064 0.320466 -0.938475 0.324588 0.117927 0.000000 -0.341475 0.939891 B 2.000000 4.000000 18.000000 C[purple]
8.153495 -11.320960 8.944778 0.478259 0.825430 0.299890 -0.878219 0.449511 0.163314 -0.000000 -0.341475 0.939891 B 2.000000 4.000000 18.000000 C[purple]
8.152553 -17.723525 25.849809 0.495823 0.816223 0.296545 -0.868424 0.466019 0.169311 -0.000000 -0.341475 0.939891 B 2.000000 4.000000 18.000000 C[purple]
8.276704 -23.963011 42.911375 0.361510 0.876324 0.318381 -0.932368 0.339780 0.123447 0.000000 -0.341475 0.939891 B 2.000000 4.000000 18.000000 C[purple]
8.188130 -30.056547 60.221135 0.175827 0.925248 0.336156 -0.984421 0.165259 0.060041 0.000000 -0.341475 0.939891 B 2.000000 4.000000 18.000000 C[purple]
-14.554324 -24.792699 77.466424 0.512762 0.806925 0.293167 -0.858531 0.481940 0.175096 0.000000 -0.341475 0.939891 B 2.000000 4.000000 18.000000 C[purple]
-14.715843 -30.992058 -77.178400 0.315032 0.892033 0.324088 -0.949081 0.296095 0.107576 0.000000 -0.341475 0.939891 B 2.000000 4.000000 18.000000 C[purple]
-14.739253 24.946764 -60.134557 0.201267 0.920657 0.334488 -0.979536 0.189169 0.068728 0.000000 -0.341475 0.939891 B 2.000000 4.000000 18.000000 C[purple]
-14.654224 18.361808 -43.098207 0.142884 0.930247 0.337972 -0.989739 0.134296 0.048791 0.000000 -0.341475 0.939891 B 2.000000 4.000000 18.000000 C[purple]
-14.512377 12.176828 -25.744128 0.373899 0.871720 0.316708 -0.927469 0.351425 0.127677 0.000000 -0.341475 0.939891 B 2.000000 4.000000 18.000000 C[purple]
-14.559571 5.850679 -8.762261 0.567862 0.773647 0.281077 -0.823124 0.533728 0.193911 -0.000000 -0.341475 0.939891 B 2.000000 4.000000 18.000000 C[purple]
-14.691204 -0.037664 8.349860 0.512514 0.807064 0.293218 -0.858679 0.481707 0.175011 0.000000 -0.341475 0.939891 B 2.000000 4.000000 18.000000 C[purple]
-14.857045 -6.261767 25.363967 0.301924 0.896028 0.325539 -0.953332 0.283776 0.103100 -0.000000 -0.341475 0.939891 B 2.000000 4.000000 18.000000 C[purple]
-14.911092 -12.553845 42.631080 0.581276 0.764795 0.277861 -0.813707 0.546336 0.198491 0.000000 -0.341475 0.939891 B 2.000000 4.000000 18.000000 C[purple]
-14.582516 -18.599935 59.867949 0.595774 0.754875 0.274257 -0.803152 0.559963 0.203442 0.000000 -0.341475 0.939891 B 2.000000 4.000000 18.000000 C[purple]
-20.834079 -7.016696 77.280566 0.607267 0.746741 0.271302 -0.794498 0.570764 0.207367 -0.000000 -0.341475 0.939891 B 2.000000 4.000000 18.000000 C[purple]
-20.532625 -13.509958 -77.593914 0.616482 0.740041 0.268867 -0.787369 0.579426 0.210514 -0.000000 -0.341475 0.939891 B 2.000000 4.000000 18.000000 C[purple]
-20.261096 -20.125615 -60.303708 0.612828 0.742717 0.269840 -0.790217 0.575991 0.209266 0.000000 -0.341475 0.939891 B 2.000000 4.000000 18.000000 C[purple]
-20.400781 -26.179986 -43.292279 0.779847 0.588344 0.213754 -0.625971 0.732971 0.266298 0.000000 -0.341475 0.939891 B 2.000000 4.000000 18.000000 C[purple]
-20.204097 29.997683 -25.968667 0.931067 0.342918 0.124587 -0.364849 0.875101 0.317936 -0.000000 -0.341475 0.939891 B 2.000000 4.000000 18.000000 C[purple]
-20.140310 24.057063 -8.629791 0.875492 0.454185 0.165012 -0.483232 0.822867 0.298959 -0.000000 -0.341475 0.939891 B 2.000000 4.000000 18.000000 C[purple]
-20.489744 17.856265 8.648463 0.806404 0.555818 0.201936 -0.591364 0.757932 0.275367 0.000000 -0.341475 0.939891 B 2.000000 4.000000 18.000000 C[purple]
-20.594422 12.003633 25.961705 0.780467 0.587617 0.213489 -0.625197 0.733554 0.266510 0.000000 -0.341475 0.939891 B 2.000000 4.000000 18.000000 C[purple]
-20.532562 5.935305 43.240219 0.686492 0.683430 0.248300 -0.727137 0.645227 0.234420 -0.000000 -0.341475 0.939891 B 2.000000 4.000000 18.000000 C[purple]
-20.776396 -0.661651 60.426294 0.722545 0.649769 0.236070 -0.691324 0.679113 0.246731 0.000000 -0.341475 0.939891 B 2.000000 4.000000 18.000000 C[purple]
-19.006862 20.236722 -77.232249 0.286596 -0.900464 -0.327151 0.958052 0.269369 0.097865 -0.000000 -0.341475 0.939891 B 2.000000 4.000000 18.000000 C[purple]
-18.987089 13.790376 -59.900624 0.094976 -0.935642 -0.339932 0.995480 0.089267 0.032432 0.000000 -0.341475 0.939891 B 2.000000 4.000000 18.000000 C[purple]
-19.356837 7.418357 -42.476145 0.236880 -0.913140 -0.331757 0.971539 0.222641 0.080889 0.000000 -0.341475 0.939891 B 2.000000 4.000000 18.000000 C[purple]
-19.162368 1.032292 -25.590321 0.181441 -0.924290 -0.335808 0.983402 0.170535 0.061958 0.000000 -0.341475 0.939891 B 2.000000 4.000000 18.000000 C[purple]
-19.297437 -5.037478 -8.217361 0.253479 -0.909195 -0.330323 0.967341 0.238243 0.086557 0.000000 -0.341475 0.939891 B 2.000000 4.000000 18.000000 C[purple]
-19.042569 -11.343808 9.234295 0.254927 -0.908837 -0.330193 0.966960 0.239603 0.087051 -0.000000 -0.341475 0.939891 B 2.000000 4.000000 18.000000 C[purple]
-19.024834 -17.646785 26.244003 -0.037194 -0.939240 -0.341239 0.999308 -0.034958 -0.012701 -0.000000 -0.341475 0.939891 B 2.000000 4.000000 18.000000 C[purple]
-18.780886 -23.693586 43.252163 -0.138281 -0.930861 -0.338195 0.990393 -0.129969 -0.047220 0.000000 -0.341475 0.939891 B 2.000000 4.000000 18.000000 C[purple]
-18.845175 -29.806817 60.408318 -0.139540 -0.930695 -0.338135 0.990216 -0.131152 -0.047649 0.000000 -0.341475 0.939891 B 2.000000 4.000000 18.000000 C[purple]
-18.867032 26.560976 77.360679 0.212718 -0.918380 -0.333660 0.977114 0.199932 0.072638 0.000000 -0.341475 0.939891 B 2.000000 4.000000 18.000000 C[purple]
23.985819 15.748740 -77.152563 0.993494 -0.107040 -0.038889 0.113885 0.933776 0.339254 -0.000000 -0.341475 0.939891 B 2.000000 4.000000 18.000000 C[purple]
23.984069 9.318494 -59.502400 0.978149 -0.195410 -0.070995 0.207907 0.919353 0.334014 -0.000000 -0.341475 0.939891 B 2.000000 4.000000 18.000000 C[purple]
23.959963 2.756319 -42.683382 0.985149 -0.161379 -0.058631 0.171700 0.925933 0.336404 0.000000 -0.341475 0.939891 B 2.000000 4.000000 18.000000 C[purple]
23.886042 -3.624712 -25.160265 0.975495 -0.206795 -0.075132 0.220021 0.916859 0.333108 -0.000000 -0.341475 0.939891 B 2.000000 4.000000 18.000000 C[purple]
23.884864 -10.103368 -8.027639 0.991430 -0.122788 -0.044610 0.130640 0.931836 0.338549 0.000000 -0.341475 0.939891 B 2.000000 4.000000 18.000000 C[purple]
23.629372 -16.122632 8.995842 0.995434 -0.089718 -0.032596 0.095456 0.935599 0.339916 0.000000 -0.341475 0.939891 B 2.000000 4.000000 18.000000 C[purple]
23.753186 -22.207193 26.129836 0.987307 -0.149276 -0.054234 0.158823 0.927961 0.337141 0.000000 -0.341475 0.939891 B 2.000000 4.000000 18.000000 C[purple]
23.745613 -28.439605 43.442954 0.997101 0.071517 0.025983 -0.076090 0.937166 0.340485 0.000000 -0.341475 0.939891 B 2.000000 4.000000 18.000000 C[purple]
23.659595 28.003377 60.475964 0.996304 -0.080737 -0.029333 0.085901 0.936417 0.340213 -0.000000 -0.341475 0.939891 B 2.000000 4.000000 18.000000 C[purple]
23.997298 21.843977 77.673159 0.996931 -0.073583 -0.026734 0.078289 0.937006 0.340427 0.000000 -0.341475 0.939891 B 2.000000 4.000000 18.000000 C[purple]
28.907463 -8.429391 77.168588 0.982145 -0.176819 -0.064241 0.188127 0.923109 0.335378 0.000000 -0.341475 0.939891 B 2.000000 4.000000 18.000000 C[purple]
28.729825 -14.841845 -77.510741 0.968842 -0.232792 -0.084577 0.247680 0.910606 0.330836 0.000000 -0.341475 0.939891 B 2.000000 4.000000 18.000000 C[purple]
28.531120 -20.994816 -60.057654 0.995255 -0.091452 -0.033226 0.097300 0.935431 0.339855 0.000000 -0.341475 0.939891 B 2.000000 4.000000 18.000000 C[purple]
28.593942 -27.156986 -42.716823 0.852994 -0.490548 -0.178223 0.521920 0.801721 0.291277 -0.000000 -0.341475 0.939891 B 2.000000 4.000000 18.000000 C[purple]
28.592463 29.050340 -25.488481 0.953587 -0.283016 -0.102824 0.301116 0.896268 0.325627 0.000000 -0.341475 0.939891 B 2.000000 4.000000 18.000000 C[purple]
28.372799 22.630816 -8.329231 0.972652 -0.218306 -0.079314 0.232268 0.914187 0.332137 -0.000000 -0.341475 0.939891 B 2.000000 4.000000 18.000000 C[purple]
28.422401 16.309270 8.712942 0.991010 -0.125749 -0.045686 0.133791 0.931441 0.338405 -0.000000 -0.341475 0.939891 B 2.000000 4.000000 18.000000 C[purple]
28.285969 10.105733 25.854846 0.983964 -0.167646 -0.060908 0.178368 0.924819 0.335999 0.000000 -0.341475 0.939891 B 2.000000 4.000000 18.000000 C[purple]
28.595717 4.093198 42.888748 0.976453 -0.202765 -0.073667 0.215732 0.917759 0.333435 -0.000000 -0.341475 0.939891 B 2.000000 4.000000 18.000000 C[purple]
28.735300 -2.280750 59.901250 0.936306 -0.330077 -0.119921 0.351186 0.880025 0.319725 -0.000000 -0.341475 0.939891 B 2.000000 4.000000 18.000000 C[purple]
-0.741353 -2.149817 77.630088 0.764030 -0.606399 -0.220313 0.645180 0.718105 0.260898 0.000000 -0.341475 0.939891 B 2.000000 4.000000 18.000000 C[purple]
-0.721626 -8.746403 -77.502915 0.760286 -0.610542 -0.221818 0.649588 0.714586 0.259619 -0.000000 -0.341475 0.939891 B 2.000000 4.000000 18.000000 C[purple]
-0.932433 -14.787222 -60.010783 0.750817 -0.620807 -0.225548 0.660510 0.705686 0.256386 -0.000000 -0.341475 0.939891 B 2.000000 4.000000 18.000000 C[purple]
-1.197980 -21.226751 -43.049007 0.801459 -0.562102 -0.204219 0.598050 0.753284 0.273678 -0.000000 -0.341475 0.939891 B 2.000000 4.000000 18.000000 C[purple]
-0.865605 -27.146224 -25.855815 0.808906 -0.552597 -0.200766 0.587938 0.760283 0.276222 -0.000000 -0.341475 0.939891 B 2.000000 4.000000 18.000000 C[purple]
-0.912410 29.222393 -8.302302 0.695449 -0.675383 -0.245376 0.718576 0.653646 0.237479 0.000000 -0.341475 0.939891 B 2.000000 4.000000 18.000000 C[purple]
-1.006234 22.871923 8.772652 0.586965 -0.760947 -0.276463 0.809612 0.551683 0.200434 -0.000000 -0.341475 0.939891 B 2.000000 4.000000 18.000000 C[purple]
-0.887275 16.595144 25.936711 0.332837 -0.886302 -0.322006 0.942984 0.312830 0.113656 0.000000 -0.341475 0.939891 B 2.000000 4.000000 18.000000 C[purple]
-0.902815 10.439977 43.005402 0.644264 -0.718831 -0.261161 0.764803 0.605538 0.220000 -0.000000 -0.341475 0.939891 B 2.000000 4.000000 18.000000 C[purple]
-0.618529 4.216430 60.345953 0.748939 -0.622808 -0.226275 0.662639 0.703921 0.255744 -0.000000 -0.341475 0.939891 B 2.000000 4.000000 18.000000 C[purple]
-44.129439 -26.579635 -77.538472 0.056841 0.938371 0.340923 -0.998383 0.053424 0.019410 0.000000 -0.341475 0.939891 B 2.000000 4.000000 18.000000 C[purple]
-43.980801 29.631853 -60.443746 0.438388 0.844760 0.306913 -0.898786 0.412037 0.149699 -0.000000 -0.341475 0.939891 B 2.000000 4.000000 18.000000 C[purple]
-43.988478 23.293614 -42.892144 0.323398 0.889384 0.323126 -0.946263 0.303959 0.110433 0.000000 -0.341475 0.939891 B 2.000000 4.000000 18.000000 C[purple]
-43.769748 17.028061 -25.753025 0.355122 0.878629 0.319218 -0.934820 0.333776 0.121265 -0.000000 -0.341475 0.939891 B 2.000000 4.000000 18.000000 C[purple]
-44.075451 10.865845 -8.313788 0.406368 0.858787 0.312009 -0.913710 0.381941 0.138765 0.000000 -0.341475 0.939891 B 2.000000 4.000000 18.000000 C[purple]
-43.778179 4.435026 9.018252 0.384421 0.867667 0.315236 -0.923158 0.361314 0.131270 0.000000 -0.341475 0.939891 B 2.000000 4.000000 18.000000 C[purple]
-43.679329 -1.736490 25.933668 0.192236 0.922360 0.335106 -0.981349 0.180681 0.065644 -0.000000 -0.341475 0.939891 B 2.000000 4.000000 18.000000 C[purple]
-43.297749 -7.872065 42.892484 0.078812 0.936967 0.340413 -0.996890 0.074074 0.026912 -0.000000 -0.341475 0.939891 B 2.000000 4.000000 18.000000 C[purple]
-43.656033 -14.213673 59.892609 0.139899 0.930648 0.338117 -0.990166 0.131490 0.047772 0.000000 -0.341475 0.939891 B 2.000000 4.000000 18.000000 C[purple]
-43.684255 -20.454542 77.281239 0.151496 0.929042 0.337534 -0.988458 0.142389 0.051732 0.000000 -0.341475 0.939891 B 2.000000 4.000000 18.000000 C[purple]
11.787816 -4.286245 -77.192290 0.274213 0.903864 0.328386 -0.961669 0.257730 0.093637 0.000000 -0.341475 0.939891 B 2.000000 4.000000 18.000000 C[purple]
11.947006 -10.671555 -60.195626 0.239626 0.912507 0.331527 -0.970865 0.225222 0.081826 0.000000 -0.341475 0.939891 B 2.000000 4.000000 18.000000 C[purple]
12.271451 -17.171685 -43.215019 0.248026 0.910522 0.330805 -0.968753 0.233117 0.084695 0.000000 -0.341475 0.939891 B 2.000000 4.000000 18.000000 C[purple]
12.210491 -23.198824 -26.081544 0.034728 0.939324 0.341269 -0.999397 0.032640 0.011859 0.000000 -0.341475 0.939891 B 2.000000 4.000000 18.000000 C[purple]
11.876250 -29.452623 -8.717757 0.052961 0.938572 0.340996 -0.998597 0.049777 0.018085 -0.000000 -0.341475 0.939891 B 2.000000 4.000000 18.000000 C[purple]
11.849647 26.936917 8.505083 0.273558 0.904039 0.328450 -0.961855 0.257115 0.093413 -0.000000 -0.341475 0.939891 B 2.000000 4.000000 18.000000 C[purple]
11.791445 20.339468 25.719067 0.205463 0.919838 0.334190 -0.978665 0.193113 0.070161 0.000000 -0.341475 0.939891 B 2.000000 4.000000 18.000000 C[purple]
11.939970 14.010789 42.867462 0.084427 0.936535 0.340256 -0.996430 0.079352 0.028830 0.000000 -0.341475 0.939891 B 2.000000 4.000000 18.000000 C[purple]
12.167897 7.993517 60.049309 0.194908 0.921865 0.334926 -0.980822 0.183192 0.066556 -0.000000 -0.341475 0.939891 B 2.000000 4.000000 18.000000 C[purple]
12.087074 2.007201 77.437675 0.124434 0.932586 0.338821 -0.992228 0.116955 0.042491 -0.000000 -0.341475 0.939891 B 2.000000 4.000000 18.000000 C[purple]
-0.966584 28.694281 77.142810 0.756234 -0.614972 -0.223428 0.654301 0.710777 0.258235 -0.000000 -0.341475 0.939891 B 2.000000 4.000000 18.000000 C[purple]
-1.002455 22.456446 -77.812185 0.803845 -0.559084 -0.203123 0.594839 0.755526 0.274493 -0.000000 -0.341475 0.939891 B 2.000000 4.000000 18.000000 C[purple]
-0.870979 16.580374 -60.634506 0.906504 -0.396819 -0.144170 0.422197 0.852015 0.309549 -0.000000 -0.341475 0.939891 B 2.000000 4.000000 18.000000 C[purple]
-0.660737 10.164344 -43.100196 0.868581 -0.465760 -0.169217 0.495547 0.816371 0.296599 0.000000 -0.341475 0.939891 B 2.000000 4.000000 18.000000 C[purple]
-0.654031 3.704676 -25.897215 0.742628 -0.629448 -0.228687 0.669704 0.697989 0.253589 -0.000000 -0.341475 0.939891 B 2.000000 4.000000 18.000000 C[purple]
-0.731243 -2.493883 -8.727341 0.897295 -0.414898 -0.150738 0.441432 0.843359 0.306404 0.000000 -0.341475 0.939891 B 2.000000 4.000000 18.000000 C[purple]
-0.717772 -8.634792 8.819732 0.941438 -0.316919 -0.115141 0.337187 0.884848 0.321478 -0.000000 -0.341475 0.939891 B 2.000000 4.000000 18.000000 C[purple]
-0.832200 -15.204836 25.816578 0.990090 -0.131992 -0.047954 0.140433 0.930577 0.338091 -0.000000 -0.341475 0.939891 B 2.000000 4.000000 18.000000 C[purple]
-0.717763 -21.540453 43.166829 0.928038 -0.350096 -0.127195 0.372486 0.872254 0.316902 0.000000 -0.341475 0.939891 B 2.000000 4.000000 18.000000 C[purple]
-0.702419 -27.619686 60.179402 0.788623 -0.577918 -0.209965 0.614877 0.741219 0.269295 -0.000000 -0.341475 0.939891 B 2.000000 4.000000 18.000000 C[purple]
17.691176 -8.852119 -77.603668 -0.518015 -0.803956 -0.292088 0.855371 -0.486878 -0.176889 -0.000000 -0.341475 0.939891 B 2.000000 4.000000 18.000000 C[purple]
17.446147 -15.013411 -60.055903 -0.422183 -0.852021 -0.309551 0.906511 -0.396806 -0.144165 0.000000 -0.341475 0.939891 B 2.000000 4.000000 18.000000 C[purple]
17.095170 -21.082280 -42.773756 -0.413390 -0.855821 -0.310932 0.910554 -0.388541 -0.141162 -0.000000 -0.341475 0.939891 B 2.000000 4.000000 18.000000 C[purple]
17.035086 -27.162111 -25.639817 -0.193183 -0.922186 -0.335043 0.981163 -0.181571 -0.065967 0.000000 -0.341475 0.939891 B 2.000000 4.000000 18.000000 C[purple]
17.047388 28.952380 -8.422553 -0.533201 -0.795137 -0.288884 0.845989 -0.501151 -0.182075 0.000000 -0.341475 0.939891 B 2.000000 4.000000 18.000000 C[purple]
17.327541 22.639857 8.532394 -0.354245 -0.878941 -0.319332 0.935152 -0.332952 -0.120966 0.000000 -0.341475 0.939891 B 2.000000 4.000000 18.000000 C[purple]
17.483902 16.561737 25.728450 -0.510724 -0.808066 -0.293582 0.859745 -0.480024 -0.174400 0.000000 -0.341475 0.939891 B 2.000000 4.000000 18.000000 C[purple]
17.524945 10.404909 42.928991 -0.656383 -0.709080 -0.257619 0.754428 -0.616928 -0.224139 -0.000000 -0.341475 0.939891 B 2.000000 4.000000 18.000000 C[purple]
17.734602 4.016201 59.970546 -0.611393 -0.743761 -0.270219 0.791327 -0.574642 -0.208776 0.000000 -0.341475 0.939891 B 2.000000 4.000000 18.000000 C[purple]
17.918683 -2.549414 77.054155 -0.545088 -0.787985 -0.286286 0.838379 -0.512323 -0.186134 0.000000 -0.341475 0.939891 B 2.000000 4.000000 18.000000 C[purple]
-32.694458 1.048777 77.561078 0.874678 -0.455569 -0.165514 0.484704 0.822102 0.298681 -0.000000 -0.341475 0.939891 B 2.000000 4.000000 18.000000 C[purple]
-32.570073 -5.193547 -77.396843 0.931601 -0.341633 -0.124120 0.363482 0.875603 0.318119 0.000000 -0.341475 0.939891 B 2.000000 4.000000 18.000000 C[purple]
-32.362154 -11.383241 -59.970912 0.919012 -0.370533 -0.134620 0.394230 0.863771 0.313820 0.000000 -0.341475 0.939891 B 2.000000 4.000000 18.000000 C[purple]
-32.267521 -17.485424 -42.791619 0.953454 -0.283413 -0.102968 0.301538 0.896143 0.325581 -0.000000 -0.341475 0.939891 B 2.000000 4.000000 18.000000 C[purple]
-32.547605 -23.457684 -25.678783 0.968005 -0.235848 -0.085687 0.250932 0.909819 0.330550 -0.000000 -0.341475 0.939891 B 2.000000 4.000000 18.000000 C[purple]
-32.673315 -29.906019 -8.710082 0.824276 -0.532155 -0.193340 0.566189 0.774729 0.281470 0.000000 -0.341475 0.939891 B 2.000000 4.000000 18.000000 C[purple]
-33.056539 26.230266 8.593233 0.775279 -0.593653 -0.215682 0.631619 0.728677 0.264739 -0.000000 -0.341475 0.939891 B 2.000000 4.000000 18.000000 C[purple]
-32.622551 19.935975 25.878252 0.791648 -0.574252 -0.208634 0.610977 0.744063 0.270328 0.000000 -0.341475 0.939891 B 2.000000 4.000000 18.000000 C[purple]
-32.754364 13.509795 43.390964 0.706390 -0.665276 -0.241704 0.707822 0.663930 0.241215 0.000000 -0.341475 0.939891 B 2.000000 4.000000 18.000000 C[purple]
-32.759460 7.247622 60.466303 0.779929 -0.588248 -0.213719 0.625868 0.733048 0.266326 -0.000000 -0.341475 0.939891 B 2.000000 4.000000 18.000000 C[purple]
20.064629 29.077960 -77.241953 -0.989593 -0.135247 -0.049137 0.143896 -0.930109 -0.337922 -0.000000 -0.341475 0.939891 B 2.000000 4.000000 18.000000 C[purple]
19.954202 22.540024 -60.314641 -0.999998 -0.001932 -0.000702 0.002056 -0.939889 -0.341475 0.000000 -0.341475 0.939891 B 2.000000 4.000000 18.000000 C[purple]
19.978600 16.708413 -43.097814 -0.988977 -0.139172 -0.050563 0.148072 -0.929530 -0.337711 0.000000 -0.341475 0.939891 B 2.000000 4.000000 18.000000 C[purple]
20.076092 10.499440 -25.620371 -0.999617 0.025998 0.009446 -0.027661 -0.939531 -0.341345 -0.000000 -0.341475 0.939891 B 2.000000 4.000000 18.000000 C[purple]
20.236017 4.384147 -8.582637 -0.992035 0.118394 0.043014 -0.125966 -0.932404 -0.338755 0.000000 -0.341475 0.939891 B 2.000000 4.000000 18.000000 C[purple]
20.166563 -1.642672 8.829804 -0.986980 0.151174 0.054924 -0.160842 -0.927653 -0.337029 0.000000 -0.341475 0.939891 B 2.000000 4.000000 18.000000 C[purple]
20.084646 -8.351901 25.910541 -0.993284 0.108747 0.039509 -0.115702 -0.933578 -0.339182 0.000000 -0.341475 0.939891 B 2.000000 4.000000 18.000000 C[purple]
20.100145 -14.643561 43.235238 -0.946199 0.304136 0.110497 -0.323586 -0.889323 -0.323104 0.000000 -0.341475 0.939891 B 2.000000 4.000000 18.000000 C[purple]
20.232244 -20.789998 60.294930 -0.995335 0.090680 0.032945 -0.096480 -0.935506 -0.339882 0.000000 -0.341475 0.939891 B 2.000000 4.000000 18.000000 C[purple]
19.973890 -27.130896 77.735003 -0.982489 0.175122 0.063624 -0.186322 -0.923432 -0.335496 -0.000000 -0.341475 0.939891 B 2.000000 4.000000 18.000000 C[purple]
-17.736311 -9.366626 -76.803628 0.995520 0.088870 0.032288 -0.094553 0.935680 0.339946 0.000000 -0.341475 0.939891 B 2.000000 4.000000 18.000000 C[purple]
-17.810416 -16.024842 -59.523636 0.999792 0.019172 0.006965 -0.020398 0.939695 0.341404 -0.000000 -0.341475 0.939891 B 2.000000 4.000000 18.000000 C[purple]
-17.489328 -22.333284 -42.431068 0.999950 -0.009436 -0.003428 0.010040 0.939843 0.341458 0.000000 -0.341475 0.939891 B 2.000000 4.000000 18.000000 C[purple]
-17.811230 -28.750848 -25.438067 0.998936 0.043346 0.015748 -0.046118 0.938891 0.341112 0.000000 -0.341475 0.939891 B 2.000000 4.000000 18.000000 C[purple]
-17.786162 27.287296 -8.328674 0.981683 0.179070 0.065059 -0.190522 0.922675 0.335221 0.000000 -0.341475 0.939891 B 2.000000 4.000000 18.000000 C[purple]
-18.164096 21.133595 8.884109 0.996324 0.080518 0.029253 -0.085667 0.936435 0.340220 -0.000000 -0.341475 0.939891 B 2.000000 4.000000 18.000000 C[purple]
-18.125694 15.323833 26.017399 0.999020 0.041605 0.015116 -0.044266 0.938969 0.341141 -0.000000 -0.341475 0.939891 B 2.000000 4.000000 18.000000 C[purple]
-18.325460 9.154431 43.595572 0.999945 0.009855 0.003580 -0.010485 0.939839 0.341457 -0.000000 -0.341475 0.939891 B 2.000000 4.000000 18.000000 C[purple]
-17.971960 3.075228 60.727401 0.994954 0.094300 0.034261 -0.100331 0.935148 0.339752 0.000000 -0.341475 0.939891 B 2.000000 4.000000 18.000000 C[purple]
-17.747501 -3.189486 78.027766 0.996841 -0.074645 -0.027120 0.079419 0.936922 0.340397 -0.000000 -0.341475 0.939891 B 2.000000 4.000000 18.000000 C[purple]
26.043497 -21.365114 -77.278828 -0.836959 0.514370 0.186878 -0.547266 -0.786650 -0.285801 0.000000 -0.341475 0.939891 B 2.000000 4.000000 18.000000 C[purple]
26.141459 -27.403791 -60.042031 -0.720658 0.651618 0.236742 -0.693291 -0.677339 -0.246087 0.000000 -0.341475 0.939891 B 2.000000 4.000000 18.000000 C[purple]
26.134266 28.602863 -43.195633 -0.717323 0.654860 0.237920 -0.696740 -0.674206 -0.244948 0.000000 -0.341475 0.939891 B 2.000000 4.000000 18.000000 C[purple]
26.001510 21.974386 -26.138984 -0.682090 0.687312 0.249710 -0.731268 -0.641090 -0.232917 -0.000000 -0.341475 0.939891 B 2.000000 4.000000 18.000000 C[purple]
26.196928 15.892892 -8.963086 -0.362303 0.876035 0.318276 -0.932060 -0.340525 -0.123718 0.000000 -0.341475 0.939891 B 2.000000 4.000000 18.000000 C[purple]
26.199863 9.722315 8.293595 -0.418664 0.853554 0.310108 -0.908141 -0.393498 -0.142963 0.000000 -0.341475 0.939891 B 2.000000 4.000000 18.000000 C[purple]
26.009341 3.667817 25.537267 -0.556404 0.780967 0.283736 -0.830912 -0.522959 -0.189998 -0.000000 -0.341475 0.939891 B 2.000000 4.000000 18.000000 C[purple]
25.878216 -2.423702 42.664057 -0.714216 0.657853 0.239007 -0.699925 -0.671285 -0.243887 0.000000 -0.341475 0.939891 B 2.000000 4.000000 18.000000 C[purple]
25.826305 -8.582744 60.019427 -0.636281 0.725086 0.263434 -0.771458 -0.598034 -0.217274 -0.000000 -0.341475 0.939891 B 2.000000 4.000000 18.000000 C[purple]
26.107576 -14.776502 77.414398 -0.686847 0.683114 0.248185 -0.726802 -0.645561 -0.234541 0.000000 -0.341475 0.939891 B 2.000000 4.000000 18.000000 C[purple]
15.186571 26.475557 -77.824512 0.894596 -0.420014 -0.152597 0.446875 0.840823 0.305483 0.000000 -0.341475 0.939891 B 2.000000 4.000000 18.000000 C[purple]
15.162358 19.967053 -60.252217 0.856933 -0.484446 -0.176006 0.515428 0.805423 0.292622 0.000000 -0.341475 0.939891 B 2.000000 4.000000 18.000000 C[purple]
15.345439 13.890949 -42.920637 0.810818 -0.550117 -0.199865 0.585299 0.762080 0.276874 -0.000000 -0.341475 0.939891 B 2.000000 4.000000 18.000000 C[purple]
15.060765 7.698908 -25.978925 0.858872 -0.481403 -0.174901 0.512191 0.807246 0.293284 -0.000000 -0.341475 0.939891 B 2.000000 4.000000 18.000000 C[purple]
15.127035 1.549742 -8.843665 0.783235 -0.584355 -0.212304 0.621726 0.736155 0.267455 0.000000 -0.341475 0.939891 B 2.000000 4.000000 18.000000 C[purple]
15.275148 -4.823672 8.677794 0.862414 -0.475776 -0.172856 0.506204 0.810575 0.294493 0.000000 -0.341475 0.939891 B 2.000000 4.000000 18.000000 C[purple]
15.237555 -10.976252 25.736420 0.847872 -0.498331 -0.181051 0.530201 0.796907 0.289527 0.000000 -0.341475 0.939891 B 2.000000 4.000000 18.000000 C[purple]
15.421935 -16.943292 42.837750 0.959136 -0.265939 -0.096619 0.282946 0.901483 0.327521 0.000000 -0.341475 0.939891 B 2.000000 4.000000 18.000000 C[purple]
15.501771 -23.256647 60.149752 0.942061 -0.315278 -0.114545 0.335442 0.885434 0.321691 0.000000 -0.341475 0.939891 B 2.000000 4.000000 18.000000 C[purple]
15.372975 -29.424300 77.141367 0.826821 -0.528655 -0.192068 0.562464 0.777122 0.282339 0.000000 -0.341475 0.939891 B 2.000000 4.000000 18.000000 C[purple]
-4.902580 -5.500287 77.717267 0.982094 0.177068 0.064331 -0.188392 0.923061 0.335361 0.000000 -0.341475 0.939891 B 2.000000 4.000000 18.000000 C[purple]
-4.858241 -11.790962 -77.226631 0.966055 0.242809 0.088216 -0.258338 0.907986 0.329884 -0.000000 -0.341475 0.939891 B 2.000000 4.000000 18.000000 C[purple]
-5.312678 -18.065754 -60.091584 0.970478 0.226692 0.082360 -0.241189 0.912143 0.331394 0.000000 -0.341475 0.939891 B 2.000000 4.000000 18.000000 C[purple]
-5.377654 -24.206907 -43.021236 0.997420 0.067469 0.024512 -0.071784 0.937466 0.340594 0.000000 -0.341475 0.939891 B 2.000000 4.000000 18.000000 C[purple]
-5.266542 -30.619556 -25.755983 0.999948 -0.009610 -0.003491 0.010225 0.939842 0.341458 0.000000 -0.341475 0.939891 B 2.000000 4.000000 18.000000 C[purple]
-5.180550 25.452191 -8.672047 0.951763 0.288390 0.104776 -0.306833 0.894554 0.325004 0.000000 -0.341475 0.939891 B 2.000000 4.000000 18.000000 C[purple]
-4.971983 19.318433 8.358479 0.986561 0.153571 0.055794 -0.163392 0.927260 0.336886 0.000000 -0.341475 0.939891 B 2.000000 4.000000 18.000000 C[purple]
-4.836244 13.067299 25.781443 0.998667 -0.048516 -0.017626 0.051619 0.938638 0.341020 0.000000 -0.341475 0.939891 B 2.000000 4.000000 18.000000 C[purple]
-4.870434 6.885204 43.149116 0.983341 0.170843 0.062070 -0.181769 0.924233 0.335787 -0.000000 -0.341475 0.939891 B 2.000000 4.000000 18.000000 C[purple]
-5.103288 0.793858 60.276458 0.984800 0.163251 0.059311 -0.173692 0.925604 0.336285 -0.000000 -0.341475 0.939891 B 2.000000 4.000000 18.000000 C[purple]
7.667150 8.479661 77.769487 0.997637 -0.064576 -0.023461 0.068706 0.937670 0.340668 0.000000 -0.341475 0.939891 B 2.000000 4.000000 18.000000 C[purple]
7.580278 1.897978 -76.988799 0.956448 -0.274358 -0.099678 0.291904 0.898956 0.326603 0.000000 -0.341475 0.939891 B 2.000000 4.000000 18.000000 C[purple]
7.428601 -4.134595 -59.568830 0.896679 -0.416071 -0.151164 0.442680 0.842781 0.306194 -0.000000 -0.341475 0.939891 B 2.000000 4.000000 18.000000 C[purple]
7.506507 -10.509757 -42.677291 0.937163 -0.327921 -0.119138 0.348893 0.880830 0.320018 0.000000 -0.341475 0.939891 B 2.000000 4.000000 18.000000 C[purple]
7.435611 -16.378092 -25.537930 0.912749 -0.383966 -0.139500 0.408521 0.857884 0.311681 -0.000000 -0.341475 0.939891 B 2.000000 4.000000 18.000000 C[purple]
7.299638 -22.831760 -8.358244 0.994659 -0.097015 -0.035247 0.103219 0.934870 0.339651 -0.000000 -0.341475 0.939891 B 2.000000 4.000000 18.000000 C[purple]
7.483192 -29.213126 9.089314 0.985497 -0.159492 -0.057946 0.169692 0.926260 0.336523 0.000000 -0.341475 0.939891 B 2.000000 4.000000 18.000000 C[purple]
7.307509 27.279863 26.140091 0.953179 -0.284230 -0.103265 0.302408 0.895884 0.325487 -0.000000 -0.341475 0.939891 B 2.000000 4.000000 18.000000 C[purple]
7.386009 20.962666 43.193388 0.847158 -0.499403 -0.181440 0.531342 0.796236 0.289283 -0.000000 -0.341475 0.939891 B 2.000000 4.000000 18.000000 C[purple]
7.524535 14.958429 60.460233 0.973327 -0.215633 -0.078343 0.229424 0.914821 0.332367 -0.000000 -0.341475 0.939891 B 2.000000 4.000000 18.000000 C[purple]
49.318218 -20.697395 77.466713 0.867369 -0.467751 -0.169941 0.497665 0.815232 0.296185 -0.000000 -0.341475 0.939891 B 2.000000 4.000000 18.000000 C[purple]
49.271479 -26.771374 -77.161633 0.970198 -0.227747 -0.082744 0.242313 0.911880 0.331299 -0.000000 -0.341475 0.939891 B 2.000000 4.000000 18.000000 C[purple]
49.504938 29.714006 -59.900290 0.945118 -0.307089 -0.111570 0.326728 0.888308 0.322735 0.000000 -0.341475 0.939891 B 2.000000 4.000000 18.000000 C[purple]
49.410299 23.529755 -42.752737 0.757519 -0.613573 -0.222920 0.652813 0.711985 0.258674 -0.000000 -0.341475 0.939891 B 2.000000 4.000000 18.000000 C[purple]
49.609266 17.504172 -25.633304 0.840108 -0.509815 -0.185223 0.542419 0.789610 0.286876 0.000000 -0.341475 0.939891 B 2.000000 4.000000 18.000000 C[purple]
49.465067 11.082129 -8.594455 0.955546 -0.277121 -0.100682 0.294844 0.898108 0.326295 0.000000 -0.341475 0.939891 B 2.000000 4.000000 18.000000 C[purple]
49.663102 4.750424 8.593146 0.944895 -0.307696 -0.111790 0.327374 0.888098 0.322658 -0.000000 -0.341475 0.939891 B 2.000000 4.000000 18.000000 C[purple]
49.483400 -1.827986 25.861967 0.890233 -0.428125 -0.155544 0.455505 0.836722 0.303993 0.000000 -0.341475 0.939891 B 2.000000 4.000000 18.000000 C[purple]
49.647660 -7.900860 43.463610 0.809549 -0.551765 -0.200464 0.587052 0.760888 0.276441 0.000000 -0.341475 0.939891 B 2.000000 4.000000 18.000000 C[purple]
49.632565 -14.162968 60.420368 0.902776 -0.404257 -0.146872 0.430110 0.848511 0.308276 -0.000000 -0.341475 0.939891 B 2.000000 4.000000 18.000000 C[purple]
18.554770 20.355006 77.615129 0.997405 -0.067663 -0.024583 0.071990 0.937452 0.340589 0.000000 -0.341475 0.939891 B 2.000000 4.000000 18.000000 C[purple]
18.330924 13.902749 -77.274973 0.999927 -0.011334 -0.004118 0.012059 0.939822 0.341451 -0.000000 -0.341475 0.939891 B 2.000000 4.000000 18.000000 C[purple]
18.455931 7.966590 -59.929785 0.965449 -0.244927 -0.088985 0.260591 0.907417 0.329677 0.000000 -0.341475 0.939891 B 2.000000 4.000000 18.000000 C[purple]
18.393933 1.944701 -42.610696 0.920531 -0.367187 -0.133404 0.390670 0.865198 0.314339 -0.000000 -0.341475 0.939891 B 2.000000 4.000000 18.000000 C[purple]
18.398123 -4.502480 -25.255590 0.794131 -0.571216 -0.207531 0.607747 0.746396 0.271176 -0.000000 -0.341475 0.939891 B 2.000000 4.000000 18.000000 C[purple]
18.142835 -10.725718 -8.293748 0.842180 -0.506786 -0.184123 0.539197 0.791557 0.287584 -0.000000 -0.341475 0.939891 B 2.000000 4.000000 18.000000 C[purple]
18.166915 -17.333656 8.688818 0.874803 -0.455358 -0.165438 0.484479 0.822219 0.298724 -0.000000 -0.341475 0.939891 B 2.000000 4.000000 18.000000 C[purple]
18.359583 -23.423445 25.846441 0.814116 -0.545797 -0.198296 0.580703 0.765180 0.278001 0.000000 -0.341475 0.939891 B 2.000000 4.000000 18.000000 C[purple]
18.400153 -29.552258 42.914895 0.866844 -0.468611 -0.170253 0.498580 0.814738 0.296006 -0.000000 -0.341475 0.939891 B 2.000000 4.000000 18.000000 C[purple]
18.517943 26.839162 60.433257 0.923088 -0.361471 -0.131327 0.384588 0.867602 0.315212 -0.000000 -0.341475 0.939891 B 2.000000 4.000000 18.000000 C[purple]
-24.398250 -17.557073 -77.646121 0.282741 0.901540 0.327542 -0.959196 0.265746 0.096549 0.000000 -0.341475 0.939891 B 2.000000 4.000000 18.000000 C[purple]
-24.337162 -24.051325 -60.513244 0.401527 0.860796 0.312739 -0.915847 0.377391 0.137111 -0.000000 -0.341475 0.939891 B 2.000000 4.000000 18.000000 C[purple]
-24.327275 -30.350629 -43.410792 0.358984 0.877241 0.318714 -0.933344 0.337405 0.122584 -0.000000 -0.341475 0.939891 B 2.000000 4.000000 18.000000 C[purple]
-24.296652 26.052734 -25.909645 0.268011 0.905506 0.328983 -0.963416 0.251901 0.091519 0.000000 -0.341475 0.939891 B 2.000000 4.000000 18.000000 C[purple]
-24.453117 19.941195 -8.372135 0.389814 0.865539 0.314463 -0.920894 0.366382 0.133112 -0.000000 -0.341475 0.939891 B 2.000000 4.000000 18.000000 C[purple]
-24.445352 13.556241 8.465838 0.371573 0.872598 0.317027 -0.928404 0.349238 0.126883 0.000000 -0.341475 0.939891 B 2.000000 4.000000 18.000000 C[purple]
-24.438005 7.415507 25.832510 0.525763 0.799500 0.290470 -0.850631 0.494160 0.179535 0.000000 -0.341475 0.939891 B 2.000000 4.000000 18.000000 C[purple]
-24.525987 1.383121 42.986334 0.609912 0.744834 0.270609 -0.792469 0.573251 0.208270 0.000000 -0.341475 0.939891 B 2.000000 4.000000 18.000000 C[purple]
-24.856818 -4.871728 60.237310 0.601729 0.750691 0.272737 -0.798701 0.565559 0.205476 -0.000000 -0.341475 0.939891 B 2.000000 4.000000 18.000000 C[purple]
-24.653429 -11.298558 77.365010 0.534089 0.794610 0.288693 -0.845428 0.501985 0.182378 0.000000 -0.341475 0.939891 B 2.000000 4.000000 18.000000 C[purple]
-2.939709 26.482410 -77.788005 0.831959 -0.521486 -0.189463 0.554837 0.781951 0.284094 -0.000000 -0.341475 0.939891 B 2.000000 4.000000 18.000000 C[purple]
-2.637019 20.127709 -60.562814 0.884410 -0.438658 -0.159370 0.466711 0.831248 0.302004 0.000000 -0.341475 0.939891 B 2.000000 4.000000 18.000000 C[purple]
-2.276849 14.215466 -43.306793 0.886008 -0.435799 -0.158332 0.463669 0.832751 0.302550 0.000000 -0.341475 0.939891 B 2.000000 4.000000 18.000000 C[purple]
-2.564771 7.650150 -26.193297 0.847944 -0.498222 -0.181011 0.530085 0.796975 0.289552 -0.000000 -0.341475 0.939891 B 2.000000 4.000000 18.000000 C[purple]
-2.352700 1.639655 -9.029906 0.936694 -0.329101 -0.119567 0.350148 0.880390 0.319858 0.000000 -0.341475 0.939891 B 2.000000 4.000000 18.000000 C[purple]
-2.593554 -4.284900 8.271117 0.904114 -0.401607 -0.145910 0.427292 0.849768 0.308733 -0.000000 -0.341475 0.939891 B 2.000000 4.000000 18.000000 C[purple]
-2.523976 -10.469461 25.642945 0.922770 -0.362187 -0.131588 0.385350 0.867303 0.315103 0.000000 -0.341475 0.939891 B 2.000000 4.000000 18.000000 C[purple]
-2.245311 -17.061772 42.778569 0.937372 -0.327392 -0.118946 0.348330 0.881027 0.320089 0.000000 -0.341475 0.939891 B 2.000000 4.000000 18.000000 C[purple]
-2.383270 -23.474454 59.620693 0.837896 -0.513020 -0.186387 0.545830 0.787531 0.286121 0.000000 -0.341475 0.939891 B 2.000000 4.000000 18.000000 C[purple]
-2.638175 -29.462681 76.882938 0.846150 -0.500910 -0.181988 0.532945 0.795288 0.288939 -0.000000 -0.341475 0.939891 B 2.000000 4.000000 18.000000 C[purple]
26.879818 14.415925 -77.587531 0.988597 -0.141535 -0.051422 0.150587 0.929173 0.337581 0.000000 -0.341475 0.939891 B 2.000000 4.000000 18.000000 C[purple]
26.495603 8.310124 -60.446868 0.996570 -0.077780 -0.028259 0.082755 0.936667 0.340304 0.000000 -0.341475 0.939891 B 2.000000 4.000000 18.000000 C[purple]
26.524015 1.866291 -43.244583 0.999293 -0.035329 -0.012835 0.037588 0.939226 0.341234 0.000000 -0.341475 0.939891 B 2.000000 4.000000 18.000000 C[purple]
26.582681 -4.252195 -26.228587 0.952413 -0.286488 -0.104085 0.304809 0.895164 0.325226 -0.000000 -0.341475 0.939891 B 2.000000 4.000000 18.000000 C[purple]
26.752360 -10.273178 -8.837267 0.997620 -0.064807 -0.023545 0.068952 0.937654 0.340663 -0.000000 -0.341475 0.939891 B 2.000000 4.000000 18.000000 C[purple]
26.642328 -16.311214 8.125244 0.999718 0.022332 0.008114 -0.023761 0.939625 0.341379 -0.000000 -0.341475 0.939891 B 2.000000 4.000000 18.000000 C[purple]
26.388868 -22.525668 25.593358 0.991422 -0.122846 -0.044631 0.130702 0.931828 0.338546 -0.000000 -0.341475 0.939891 B 2.000000 4.000000 18.000000 C[purple]
26.370259 -29.104120 43.087143 0.951421 -0.289387 -0.105138 0.307894 0.894231 0.324887 0.000000 -0.341475 0.939891 B 2.000000 4.000000 18.000000 C[purple]
26.663008 27.047524 60.320772 0.932003 -0.340663 -0.123768 0.362450 0.875981 0.318256 0.000000 -0.341475 0.939891 B 2.000000 4.000000 18.000000 C[purple]
26.916061 20.738783 77.400616 0.931522 -0.341825 -0.124190 0.363686 0.875529 0.318092 0.000000 -0.341475 0.939891 B 2.000000 4.000000 18.000000 C[purple]
-10.789994 -20.023200 -77.275181 0.877594 0.450589 0.163705 -0.479405 0.824842 0.299677 -0.000000 -0.341475 0.939891 B 2.000000 4.000000 18.000000 C[purple]
-10.853615 -26.449379 -59.919571 0.956804 0.273257 0.099278 -0.290733 0.899291 0.326725 -0.000000 -0.341475 0.939891 B 2.000000 4.000000 18.000000 C[purple]
-10.891450 29.823360 -42.410792 0.960206 0.262503 0.095371 -0.279291 0.902489 0.327887 0.000000 -0.341475 0.939891 B 2.000000 4.000000 18.000000 C[purple]
-11.219852 23.733652 -25.351097 0.980075 0.186689 0.067827 -0.198628 0.921163 0.334671 -0.000000 -0.341475 0.939891 B 2.000000 4.000000 18.000000 C[purple]
-11.216618 17.483763 -8.236695 0.949429 0.295109 0.107217 -0.313982 0.892359 0.324207 -0.000000 -0.341475 0.939891 B 2.000000 4.000000 18.000000 C[purple]
-11.036663 10.933519 8.807341 0.933556 0.336887 0.122396 -0.358432 0.877440 0.318786 -0.000000 -0.341475 0.939891 B 2.000000 4.000000 18.000000 C[purple]
-10.859360 4.918614 26.199205 0.955467 0.277358 0.100768 -0.295096 0.898035 0.326269 0.000000 -0.341475 0.939891 B 2.000000 4.000000 18.000000 C[purple]
