-5.384561 -5.932337 -77.856973 0.839068 0.511326 0.185772 -0.544027 0.788632 0.286521 0.000000 -0.341475 0.939891 B 2.000000 4.000000 18.000000 C[purple]
-5.125208 -12.355420 -60.764573 0.767405 0.602623 0.218941 -0.641163 0.721276 0.262050 0.000000 -0.341475 0.939891 B 2.000000 4.000000 18.000000 C[purple]
-5.122229 -18.477013 -43.615979 0.916104 0.376841 0.136912 -0.400941 0.861037 0.312827 0.000000 -0.341475 0.939891 B 2.000000 4.000000 18.000000 C[purple]
-5.348613 -24.631693 -26.329602 0.986375 0.154623 0.056177 -0.164512 0.927085 0.336823 0.000000 -0.341475 0.939891 B 2.000000 4.000000 18.000000 C[purple]
-5.454661 -30.894153 -8.757546 0.947289 0.301123 0.109402 -0.320381 0.890348 0.323476 0.000000 -0.341475 0.939891 B 2.000000 4.000000 18.000000 C[purple]
-5.215409 25.299803 8.395549 0.996296 0.080820 0.029363 -0.085989 0.936409 0.340211 0.000000 -0.341475 0.939891 B 2.000000 4.000000 18.000000 C[purple]
-5.162946 19.021311 25.634255 0.915828 0.377433 0.137127 -0.401571 0.860778 0.312733 -0.000000 -0.341475 0.939891 B 2.000000 4.000000 18.000000 C[purple]
-5.308911 12.546585 42.874069 0.929664 0.346264 0.125803 -0.368409 0.873782 0.317457 -0.000000 -0.341475 0.939891 B 2.000000 4.000000 18.000000 C[purple]
-4.876306 6.373801 60.138804 0.927516 0.351315 0.127638 -0.373783 0.871764 0.316724 0.000000 -0.341475 0.939891 B 2.000000 4.000000 18.000000 C[purple]
-5.151564 0.088968 77.050799 0.898257 0.413053 0.150068 -0.439470 0.844264 0.306733 0.000000 -0.341475 0.939891 B 2.000000 4.000000 18.000000 C[purple]
-15.448481 13.085860 -78.034684 0.922597 0.362576 0.131729 -0.385764 0.867141 0.315044 -0.000000 -0.341475 0.939891 B 2.000000 4.000000 18.000000 C[purple]
-15.428274 6.812381 -60.624767 0.808396 0.553256 0.201006 -0.588638 0.759804 0.276048 0.000000 -0.341475 0.939891 B 2.000000 4.000000 18.000000 C[purple]
-15.565029 0.693791 -43.289351 0.892211 0.424472 0.154217 -0.451619 0.838581 0.304668 -0.000000 -0.341475 0.939891 B 2.000000 4.000000 18.000000 C[purple]
-15.737440 -5.504395 -26.101494 0.677276 0.691505 0.251233 -0.735729 0.636566 0.231273 -0.000000 -0.341475 0.939891 B 2.000000 4.000000 18.000000 C[purple]
-15.645318 -11.828442 -9.176630 0.892650 0.423657 0.153920 -0.450751 0.838993 0.304818 -0.000000 -0.341475 0.939891 B 2.000000 4.000000 18.000000 C[purple]
-15.575889 -17.911859 8.251616 0.860186 0.479326 0.174146 -0.509980 0.808481 0.293732 0.000000 -0.341475 0.939891 B 2.000000 4.000000 18.000000 C[purple]
-15.302210 -24.342392 25.757656 0.831035 0.522786 0.189935 -0.556220 0.781082 0.283778 0.000000 -0.341475 0.939891 B 2.000000 4.000000 18.000000 C[purple]
-15.467005 -30.525951 42.695878 0.835590 0.516332 0.187591 -0.549353 0.785364 0.285334 0.000000 -0.341475 0.939891 B 2.000000 4.000000 18.000000 C[purple]
-15.363851 25.605783 59.558474 0.791322 0.574649 0.208778 -0.611400 0.743756 0.270217 0.000000 -0.341475 0.939891 B 2.000000 4.000000 18.000000 C[purple]
-15.416267 19.543905 76.866550 0.962365 0.255426 0.092800 -0.271762 0.904517 0.328624 0.000000 -0.341475 0.939891 B 2.000000 4.000000 18.000000 C[purple]
-9.023318 -13.307520 -77.453887 0.429809 0.848646 0.308325 -0.902920 0.403974 0.146769 -0.000000 -0.341475 0.939891 B 2.000000 4.000000 18.000000 C[purple]
-9.029083 -19.718489 -60.124056 0.515899 0.805157 0.292525 -0.856650 0.484888 0.176167 -0.000000 -0.341475 0.939891 B 2.000000 4.000000 18.000000 C[purple]
-8.994451 -26.080427 -43.131808 0.413096 0.855947 0.310977 -0.910688 0.388265 0.141062 0.000000 -0.341475 0.939891 B 2.000000 4.000000 18.000000 C[purple]
-9.114900 30.262594 -26.084899 0.675012 0.693458 0.251943 -0.737807 0.634437 0.230500 -0.000000 -0.341475 0.939891 B 2.000000 4.000000 18.000000 C[purple]
-9.409297 24.164787 -9.010729 0.581131 0.764892 0.277896 -0.813810 0.546200 0.198442 0.000000 -0.341475 0.939891 B 2.000000 4.000000 18.000000 C[purple]
-9.532803 17.921164 8.337285 0.616133 0.740297 0.268960 -0.787642 0.579098 0.210394 0.000000 -0.341475 0.939891 B 2.000000 4.000000 18.000000 C[purple]
-9.212817 11.720133 25.601788 0.737788 0.634457 0.230507 -0.675033 0.693440 0.251936 -0.000000 -0.341475 0.939891 B 2.000000 4.000000 18.000000 C[purple]
-9.291747 5.538513 42.682093 0.557793 0.780090 0.283418 -0.829980 0.524265 0.190473 0.000000 -0.341475 0.939891 B 2.000000 4.000000 18.000000 C[purple]
-9.219321 -0.613463 60.038963 0.336213 0.885176 0.321597 -0.941786 0.316004 0.114809 0.000000 -0.341475 0.939891 B 2.000000 4.000000 18.000000 C[purple]
-9.340693 -6.907542 77.337385 0.592383 0.757229 0.275112 -0.805656 0.556776 0.202284 -0.000000 -0.341475 0.939891 B 2.000000 4.000000 18.000000 C[purple]
19.882023 22.425307 -77.529824 0.979132 -0.191011 -0.069397 0.203227 0.920277 0.334349 0.000000 -0.341475 0.939891 B 2.000000 4.000000 18.000000 C[purple]
19.984447 16.468288 -60.457768 0.876914 -0.451756 -0.164129 0.480648 0.824203 0.299444 0.000000 -0.341475 0.939891 B 2.000000 4.000000 18.000000 C[purple]
20.208475 10.253608 -43.133644 0.725280 -0.647072 -0.235090 0.688454 0.681684 0.247665 0.000000 -0.341475 0.939891 B 2.000000 4.000000 18.000000 C[purple]
19.979570 3.619534 -25.772150 0.765934 -0.604274 -0.219541 0.642919 0.719894 0.261548 -0.000000 -0.341475 0.939891 B 2.000000 4.000000 18.000000 C[purple]
20.013514 -2.528289 -8.454701 0.726650 -0.645713 -0.234596 0.687008 0.682971 0.248133 0.000000 -0.341475 0.939891 B 2.000000 4.000000 18.000000 C[purple]
20.222972 -8.814789 8.515565 0.773980 -0.595148 -0.216226 0.633210 0.727456 0.264295 0.000000 -0.341475 0.939891 B 2.000000 4.000000 18.000000 C[purple]
20.090536 -14.991332 25.771648 0.843045 -0.505514 -0.183660 0.537843 0.792370 0.287879 0.000000 -0.341475 0.939891 B 2.000000 4.000000 18.000000 C[purple]
19.801705 -21.044489 42.856248 0.895744 -0.417848 -0.151810 0.444571 0.841901 0.305874 -0.000000 -0.341475 0.939891 B 2.000000 4.000000 18.000000 C[purple]
19.847954 -27.269890 60.132554 0.952058 -0.287529 -0.104463 0.305918 0.894830 0.325104 0.000000 -0.341475 0.939891 B 2.000000 4.000000 18.000000 C[purple]
19.903183 28.828484 77.288962 0.823693 -0.532952 -0.193629 0.567036 0.774181 0.281271 -0.000000 -0.341475 0.939891 B 2.000000 4.000000 18.000000 C[purple]
-42.388215 -23.490883 -77.652524 0.451441 -0.838666 -0.304699 0.892301 0.424305 0.154156 0.000000 -0.341475 0.939891 B 2.000000 4.000000 18.000000 C[purple]
-42.325025 -29.390815 -60.539729 0.326516 -0.888377 -0.322760 0.945192 0.306889 0.111497 -0.000000 -0.341475 0.939891 B 2.000000 4.000000 18.000000 C[purple]
-42.740053 26.759220 -43.539979 0.344216 -0.882455 -0.320608 0.938891 0.323525 0.117541 0.000000 -0.341475 0.939891 B 2.000000 4.000000 18.000000 C[purple]
-42.922881 20.312979 -26.083673 0.576951 -0.767683 -0.278910 0.816779 0.542271 0.197015 -0.000000 -0.341475 0.939891 B 2.000000 4.000000 18.000000 C[purple]
-43.052894 13.930985 -8.662302 0.431122 -0.848057 -0.308111 0.902294 0.405208 0.147218 0.000000 -0.341475 0.939891 B 2.000000 4.000000 18.000000 C[purple]
-43.040359 7.790372 8.503728 0.355788 -0.878390 -0.319132 0.934567 0.334402 0.121493 0.000000 -0.341475 0.939891 B 2.000000 4.000000 18.000000 C[purple]
-42.822610 1.775005 25.530703 0.193159 -0.922190 -0.335045 0.981167 0.181548 0.065959 0.000000 -0.341475 0.939891 B 2.000000 4.000000 18.000000 C[purple]
-42.684357 -4.588759 42.872967 0.090898 -0.936000 -0.340062 0.995860 0.085434 0.031039 0.000000 -0.341475 0.939891 B 2.000000 4.000000 18.000000 C[purple]
-42.888572 -11.091387 60.218442 0.184623 -0.923733 -0.335605 0.982809 0.173525 0.063044 -0.000000 -0.341475 0.939891 B 2.000000 4.000000 18.000000 C[purple]
-42.617331 -17.122855 77.432682 0.425605 -0.850516 -0.309004 0.904909 0.400022 0.145334 -0.000000 -0.341475 0.939891 B 2.000000 4.000000 18.000000 C[purple]
-18.992557 4.077033 -77.945367 0.958013 -0.269491 -0.097910 0.286726 0.900427 0.327138 0.000000 -0.341475 0.939891 B 2.000000 4.000000 18.000000 C[purple]
-18.690617 -1.945226 -60.667486 0.957582 -0.270840 -0.098400 0.288161 0.900022 0.326991 0.000000 -0.341475 0.939891 B 2.000000 4.000000 18.000000 C[purple]
-18.855915 -8.442702 -43.416682 0.991386 -0.123097 -0.044723 0.130969 0.931795 0.338534 0.000000 -0.341475 0.939891 B 2.000000 4.000000 18.000000 C[purple]
-18.623551 -14.760827 -26.052774 0.999641 0.025173 0.009146 -0.026783 0.939554 0.341353 0.000000 -0.341475 0.939891 B 2.000000 4.000000 18.000000 C[purple]
-19.035976 -21.029024 -8.925800 0.995347 0.090560 0.032902 -0.096352 0.935518 0.339887 0.000000 -0.341475 0.939891 B 2.000000 4.000000 18.000000 C[purple]
-18.804311 -26.955513 8.377190 0.993083 0.110360 0.040095 -0.117418 0.933389 0.339113 0.000000 -0.341475 0.939891 B 2.000000 4.000000 18.000000 C[purple]
-18.918574 29.188933 25.500203 0.969483 -0.230423 -0.083716 0.245159 0.911208 0.331055 -0.000000 -0.341475 0.939891 B 2.000000 4.000000 18.000000 C[purple]
-18.789673 23.095175 42.708822 0.998794 0.046140 0.016763 -0.049090 0.938758 0.341064 0.000000 -0.341475 0.939891 B 2.000000 4.000000 18.000000 C[purple]
-18.543607 16.730291 59.780452 0.995817 -0.085882 -0.031202 0.091374 0.935959 0.340047 -0.000000 -0.341475 0.939891 B 2.000000 4.000000 18.000000 C[purple]
-18.658707 10.359802 77.112969 0.937522 -0.327012 -0.118808 0.347926 0.881168 0.320141 -0.000000 -0.341475 0.939891 B 2.000000 4.000000 18.000000 C[purple]
18.760439 -22.379201 -77.293991 0.363494 -0.875599 -0.318117 0.931597 0.341644 0.124124 0.000000 -0.341475 0.939891 B 2.000000 4.000000 18.000000 C[purple]
18.786359 -28.712216 -60.365328 0.505394 -0.811021 -0.294655 0.862889 0.475015 0.172580 0.000000 -0.341475 0.939891 B 2.000000 4.000000 18.000000 C[purple]
18.991033 27.781047 -43.026138 0.321838 -0.889884 -0.323307 0.946795 0.302492 0.109900 0.000000 -0.341475 0.939891 B 2.000000 4.000000 18.000000 C[purple]
18.922685 21.436451 -25.593957 0.379534 -0.869566 -0.315925 0.925178 0.356720 0.129601 -0.000000 -0.341475 0.939891 B 2.000000 4.000000 18.000000 C[purple]
19.183126 15.450212 -8.245715 0.545155 -0.787943 -0.286271 0.838335 0.512386 0.186157 -0.000000 -0.341475 0.939891 B 2.000000 4.000000 18.000000 C[purple]
19.254369 9.416021 8.893060 0.425648 -0.850496 -0.308997 0.904889 0.400063 0.145348 0.000000 -0.341475 0.939891 B 2.000000 4.000000 18.000000 C[purple]
19.166809 2.973279 25.910848 0.317357 -0.891304 -0.323823 0.948306 0.298281 0.108370 -0.000000 -0.341475 0.939891 B 2.000000 4.000000 18.000000 C[purple]
18.993383 -3.337380 42.930690 0.332636 -0.886369 -0.322030 0.943055 0.312642 0.113587 0.000000 -0.341475 0.939891 B 2.000000 4.000000 18.000000 C[purple]
19.007687 -9.655239 60.114509 0.494990 -0.816670 -0.296708 0.868899 0.465236 0.169027 -0.000000 -0.341475 0.939891 B 2.000000 4.000000 18.000000 C[purple]
19.162882 -15.872173 77.430538 0.442308 -0.842954 -0.306257 0.896863 0.415721 0.151037 -0.000000 -0.341475 0.939891 B 2.000000 4.000000 18.000000 C[purple]
-17.940594 -15.695273 -77.409964 0.933350 -0.337390 -0.122579 0.358968 0.877247 0.318716 0.000000 -0.341475 0.939891 B 2.000000 4.000000 18.000000 C[purple]
-18.197032 -21.691039 -60.371472 0.906066 -0.397701 -0.144490 0.423136 0.851603 0.309399 -0.000000 -0.341475 0.939891 B 2.000000 4.000000 18.000000 C[purple]
-18.147467 -27.763261 -43.176027 0.768316 -0.601596 -0.218568 0.640070 0.722134 0.262361 -0.000000 -0.341475 0.939891 B 2.000000 4.000000 18.000000 C[purple]
-18.145251 28.385450 -25.764521 0.898590 -0.412414 -0.149836 0.438789 0.844576 0.306846 0.000000 -0.341475 0.939891 B 2.000000 4.000000 18.000000 C[purple]
-17.699431 22.036011 -8.442397 0.887090 -0.433851 -0.157624 0.461597 0.833767 0.302919 -0.000000 -0.341475 0.939891 B 2.000000 4.000000 18.000000 C[purple]
-17.882389 15.410443 8.732370 0.962592 -0.254669 -0.092525 0.270956 0.904731 0.328701 -0.000000 -0.341475 0.939891 B 2.000000 4.000000 18.000000 C[purple]
-17.684413 9.432934 25.883084 0.871400 -0.461085 -0.167519 0.490573 0.819021 0.297562 -0.000000 -0.341475 0.939891 B 2.000000 4.000000 18.000000 C[purple]
-17.586599 3.322855 43.348823 0.973423 -0.215247 -0.078202 0.229013 0.914912 0.332400 -0.000000 -0.341475 0.939891 B 2.000000 4.000000 18.000000 C[purple]
-17.920630 -2.912887 60.490890 0.985410 -0.159968 -0.058118 0.170198 0.926178 0.336493 -0.000000 -0.341475 0.939891 B 2.000000 4.000000 18.000000 C[purple]
-17.851888 -9.422965 77.592094 0.997322 -0.068737 -0.024973 0.073133 0.937374 0.340561 -0.000000 -0.341475 0.939891 B 2.000000 4.000000 18.000000 C[purple]
-22.368017 -22.051602 77.560246 -0.294132 -0.898315 -0.326370 0.955765 -0.276452 -0.100439 0.000000 -0.341475 0.939891 B 2.000000 4.000000 18.000000 C[purple]
-22.627335 -28.288173 -77.090864 -0.416353 -0.854552 -0.310470 0.909203 -0.391326 -0.142174 0.000000 -0.341475 0.939891 B 2.000000 4.000000 18.000000 C[purple]
-22.932821 27.663686 -59.774715 -0.344061 -0.882508 -0.320627 0.938947 -0.323380 -0.117488 0.000000 -0.341475 0.939891 B 2.000000 4.000000 18.000000 C[purple]
-22.707716 21.334927 -42.596183 -0.218825 -0.917112 -0.333199 0.975764 -0.205672 -0.074723 -0.000000 -0.341475 0.939891 B 2.000000 4.000000 18.000000 C[purple]
-22.495988 15.132311 -25.295201 0.079876 -0.936888 -0.340384 0.996805 0.075075 0.027276 0.000000 -0.341475 0.939891 B 2.000000 4.000000 18.000000 C[purple]
-22.759510 8.753082 -8.006871 0.220780 -0.916698 -0.333049 0.975324 0.207509 0.075391 0.000000 -0.341475 0.939891 B 2.000000 4.000000 18.000000 C[purple]
-22.499111 2.483146 8.920657 0.078156 -0.937016 -0.340431 0.996941 0.073459 0.026689 -0.000000 -0.341475 0.939891 B 2.000000 4.000000 18.000000 C[purple]
-22.088069 -3.767203 26.144148 0.037551 -0.939228 -0.341235 0.999295 0.035294 0.012823 -0.000000 -0.341475 0.939891 B 2.000000 4.000000 18.000000 C[purple]
-22.020646 -10.036901 43.236962 -0.395276 -0.863348 -0.313666 0.918562 -0.371516 -0.134977 -0.000000 -0.341475 0.939891 B 2.000000 4.000000 18.000000 C[purple]
-22.235173 -16.124385 60.476497 -0.263424 -0.906694 -0.329415 0.964680 -0.247590 -0.089953 0.000000 -0.341475 0.939891 B 2.000000 4.000000 18.000000 C[purple]
28.328486 4.412649 -77.778166 0.723813 -0.648521 -0.235617 0.689996 0.680306 0.247164 0.000000 -0.341475 0.939891 B 2.000000 4.000000 18.000000 C[purple]
28.541847 -1.808431 -60.398618 0.736992 -0.635273 -0.230804 0.675901 0.692692 0.251665 -0.000000 -0.341475 0.939891 B 2.000000 4.000000 18.000000 C[purple]
28.594048 -7.980847 -43.301924 0.859547 -0.480337 -0.174513 0.511056 0.807881 0.293514 0.000000 -0.341475 0.939891 B 2.000000 4.000000 18.000000 C[purple]
28.749499 -13.926449 -25.970726 0.735256 -0.637048 -0.231448 0.677789 0.691061 0.251072 0.000000 -0.341475 0.939891 B 2.000000 4.000000 18.000000 C[purple]
28.636124 -20.459836 -8.616117 0.550023 -0.784949 -0.285183 0.835150 0.516961 0.187819 -0.000000 -0.341475 0.939891 B 2.000000 4.000000 18.000000 C[purple]
28.812150 -26.955622 8.746677 0.547044 -0.786786 -0.285850 0.837104 0.514162 0.186802 -0.000000 -0.341475 0.939891 B 2.000000 4.000000 18.000000 C[purple]
28.525646 29.113964 25.822475 0.449295 -0.839683 -0.305068 0.893383 0.422288 0.153423 -0.000000 -0.341475 0.939891 B 2.000000 4.000000 18.000000 C[purple]
28.695031 23.039186 42.910968 0.694316 -0.676411 -0.245750 0.719670 0.652581 0.237092 -0.000000 -0.341475 0.939891 B 2.000000 4.000000 18.000000 C[purple]
28.932128 16.991407 59.877129 0.720394 -0.651875 -0.236835 0.693565 0.677092 0.245997 -0.000000 -0.341475 0.939891 B 2.000000 4.000000 18.000000 C[purple]
28.697525 10.655420 77.097563 0.811463 -0.549276 -0.199560 0.584404 0.762686 0.277095 0.000000 -0.341475 0.939891 B 2.000000 4.000000 18.000000 C[purple]
-6.424043 11.099178 -77.062289 0.854933 0.487558 0.177137 -0.518739 0.803543 0.291939 0.000000 -0.341475 0.939891 B 2.000000 4.000000 18.000000 C[purple]
-6.380861 4.594149 -59.641093 0.816699 0.542376 0.197053 -0.577063 0.767608 0.278883 0.000000 -0.341475 0.939891 B 2.000000 4.000000 18.000000 C[purple]
-6.312455 -1.814920 -42.618209 0.935870 0.331166 0.120317 -0.352345 0.879616 0.319577 0.000000 -0.341475 0.939891 B 2.000000 4.000000 18.000000 C[purple]
-6.180094 -7.844348 -25.629967 0.983887 0.168044 0.061053 -0.178792 0.924746 0.335973 -0.000000 -0.341475 0.939891 B 2.000000 4.000000 18.000000 C[purple]
-6.277498 -13.893311 -8.407921 0.983501 0.170031 0.061774 -0.180905 0.924383 0.335841 -0.000000 -0.341475 0.939891 B 2.000000 4.000000 18.000000 C[purple]
-6.273376 -20.405397 8.653097 0.960947 0.260098 0.094497 -0.276733 0.903185 0.328140 0.000000 -0.341475 0.939891 B 2.000000 4.000000 18.000000 C[purple]
-6.361271 -26.363090 25.870328 0.994973 0.094124 0.034196 -0.100143 0.935166 0.339759 0.000000 -0.341475 0.939891 B 2.000000 4.000000 18.000000 C[purple]
-6.389509 29.696543 43.308158 0.945714 0.305465 0.110980 -0.325001 0.888868 0.322938 -0.000000 -0.341475 0.939891 B 2.000000 4.000000 18.000000 C[purple]
-6.254486 23.230963 60.451357 0.883251 0.440715 0.160118 -0.468901 0.830159 0.301608 0.000000 -0.341475 0.939891 B 2.000000 4.000000 18.000000 C[purple]
-6.502081 17.196286 77.710281 0.861443 0.477328 0.173420 -0.507854 0.809662 0.294162 0.000000 -0.341475 0.939891 B 2.000000 4.000000 18.000000 C[purple]
-17.336090 -28.507661 77.120886 -0.699333 -0.671830 -0.244085 0.714796 -0.657296 -0.238805 0.000000 -0.341475 0.939891 B 2.000000 4.000000 18.000000 C[purple]
-17.060228 27.805163 -77.645618 -0.802489 -0.560802 -0.203747 0.596667 -0.754252 -0.274030 0.000000 -0.341475 0.939891 B 2.000000 4.000000 18.000000 C[purple]
-17.175412 21.513766 -60.700631 -0.828765 -0.525960 -0.191088 0.559596 -0.778949 -0.283003 -0.000000 -0.341475 0.939891 B 2.000000 4.000000 18.000000 C[purple]
-16.984280 15.016945 -43.334627 -0.945246 -0.306742 -0.111444 0.326359 -0.888428 -0.322778 -0.000000 -0.341475 0.939891 B 2.000000 4.000000 18.000000 C[purple]
-17.321724 8.953481 -25.964904 -0.916716 -0.375522 -0.136433 0.399538 -0.861613 -0.313036 -0.000000 -0.341475 0.939891 B 2.000000 4.000000 18.000000 C[purple]
-17.180719 2.427344 -8.670359 -0.777913 -0.590601 -0.214574 0.628372 -0.731153 -0.265638 0.000000 -0.341475 0.939891 B 2.000000 4.000000 18.000000 C[purple]
-17.169623 -4.070786 8.483474 -0.781905 -0.585926 -0.212875 0.623398 -0.734905 -0.267001 -0.000000 -0.341475 0.939891 B 2.000000 4.000000 18.000000 C[purple]
-17.323540 -9.897616 25.778015 -0.817193 -0.541719 -0.196814 0.576364 -0.768073 -0.279051 0.000000 -0.341475 0.939891 B 2.000000 4.000000 18.000000 C[purple]
-17.105845 -16.021175 42.895095 -0.794070 -0.571290 -0.207558 0.607826 -0.746339 -0.271155 -0.000000 -0.341475 0.939891 B 2.000000 4.000000 18.000000 C[purple]
-17.214356 -21.885155 60.085311 -0.706850 -0.664845 -0.241547 0.707364 -0.664362 -0.241372 -0.000000 -0.341475 0.939891 B 2.000000 4.000000 18.000000 C[purple]
-47.600692 -31.200593 -76.755252 0.963246 0.252475 0.091728 -0.268622 0.905346 0.328925 0.000000 -0.341475 0.939891 B 2.000000 4.000000 18.000000 C[purple]
-47.642228 25.000683 -59.479392 0.975474 0.206884 0.075164 -0.220115 0.916839 0.333100 0.000000 -0.341475 0.939891 B 2.000000 4.000000 18.000000 C[purple]
-47.640904 18.661135 -42.515224 0.990201 0.131256 0.047687 -0.139650 0.930681 0.338129 -0.000000 -0.341475 0.939891 B 2.000000 4.000000 18.000000 C[purple]
-47.646972 12.591272 -25.387351 0.999515 -0.029281 -0.010638 0.031153 0.939435 0.341310 -0.000000 -0.341475 0.939891 B 2.000000 4.000000 18.000000 C[purple]
-47.536945 6.400222 -8.215300 0.981027 -0.182218 -0.066202 0.193871 0.922058 0.334997 0.000000 -0.341475 0.939891 B 2.000000 4.000000 18.000000 C[purple]
-47.528142 0.205282 8.920568 0.978262 0.194906 0.070812 -0.207371 0.919460 0.334053 -0.000000 -0.341475 0.939891 B 2.000000 4.000000 18.000000 C[purple]
-47.685430 -5.817728 26.184164 0.988554 0.141801 0.051518 -0.150869 0.929132 0.337567 0.000000 -0.341475 0.939891 B 2.000000 4.000000 18.000000 C[purple]
-48.011071 -12.110846 43.468230 0.999956 0.008796 0.003196 -0.009358 0.939850 0.341460 0.000000 -0.341475 0.939891 B 2.000000 4.000000 18.000000 C[purple]
-47.724247 -18.445670 60.613149 0.998957 0.042909 0.015590 -0.045654 0.938911 0.341119 0.000000 -0.341475 0.939891 B 2.000000 4.000000 18.000000 C[purple]
-47.908168 -24.789128 78.067643 0.993707 0.105278 0.038249 -0.112011 0.933976 0.339327 0.000000 -0.341475 0.939891 B 2.000000 4.000000 18.000000 C[purple]
25.995892 -13.800689 -77.215051 0.304001 -0.895407 -0.325314 0.952672 0.285728 0.103809 -0.000000 -0.341475 0.939891 B 2.000000 4.000000 18.000000 C[purple]
26.225845 -19.857057 -60.046572 0.093435 -0.935779 -0.339982 0.995625 0.087819 0.031906 0.000000 -0.341475 0.939891 B 2.000000 4.000000 18.000000 C[purple]
25.845817 -26.064660 -43.007343 0.283149 -0.901427 -0.327501 0.959076 0.266129 0.096688 0.000000 -0.341475 0.939891 B 2.000000 4.000000 18.000000 C[purple]
25.533158 30.089739 -25.636474 0.144587 -0.930014 -0.337887 0.989492 0.135896 0.049373 0.000000 -0.341475 0.939891 B 2.000000 4.000000 18.000000 C[purple]
25.437184 23.889563 -8.427394 -0.054385 -0.938500 -0.340970 0.998520 -0.051116 -0.018571 0.000000 -0.341475 0.939891 B 2.000000 4.000000 18.000000 C[purple]
25.592827 17.443832 8.913720 0.027727 -0.939529 -0.341344 0.999616 0.026060 0.009468 0.000000 -0.341475 0.939891 B 2.000000 4.000000 18.000000 C[purple]
25.936307 11.103396 26.158846 0.135449 -0.931229 -0.338328 0.990784 0.127307 0.046253 0.000000 -0.341475 0.939891 B 2.000000 4.000000 18.000000 C[purple]
26.212271 4.960468 43.309615 0.008359 -0.939858 -0.341463 0.999965 0.007856 0.002854 -0.000000 -0.341475 0.939891 B 2.000000 4.000000 18.000000 C[purple]
26.101809 -1.359898 60.281340 0.300451 -0.896465 -0.325698 0.953797 0.282391 0.102597 0.000000 -0.341475 0.939891 B 2.000000 4.000000 18.000000 C[purple]
26.191421 -7.739656 77.712473 0.104187 -0.934776 -0.339617 0.994558 0.097925 0.035577 0.000000 -0.341475 0.939891 B 2.000000 4.000000 18.000000 C[purple]
46.532422 -2.113158 -77.328503 0.582486 -0.763982 -0.277565 0.812841 0.547473 0.198904 0.000000 -0.341475 0.939891 B 2.000000 4.000000 18.000000 C[purple]
46.722019 -8.238260 -60.006891 0.843085 -0.505455 -0.183639 0.537781 0.792407 0.287893 0.000000 -0.341475 0.939891 B 2.000000 4.000000 18.000000 C[purple]
46.461429 -14.481780 -43.027819 0.926889 -0.352775 -0.128168 0.375336 0.871174 0.316510 -0.000000 -0.341475 0.939891 B 2.000000 4.000000 18.000000 C[purple]
46.331278 -20.747330 -25.522760 0.888414 -0.431451 -0.156752 0.459044 0.835012 0.303371 0.000000 -0.341475 0.939891 B 2.000000 4.000000 18.000000 C[purple]
46.320414 -27.095830 -8.532783 0.859285 -0.480751 -0.174664 0.511497 0.807634 0.293425 0.000000 -0.341475 0.939891 B 2.000000 4.000000 18.000000 C[purple]
46.550412 29.025086 8.674418 0.904117 -0.401602 -0.145908 0.427286 0.849771 0.308734 0.000000 -0.341475 0.939891 B 2.000000 4.000000 18.000000 C[purple]
46.670637 22.489302 26.138199 0.919947 -0.368476 -0.133873 0.392042 0.864650 0.314139 -0.000000 -0.341475 0.939891 B 2.000000 4.000000 18.000000 C[purple]
46.839817 16.275018 43.036110 0.849173 -0.496371 -0.180338 0.528115 0.798129 0.289972 0.000000 -0.341475 0.939891 B 2.000000 4.000000 18.000000 C[purple]
46.717393 10.379381 60.141488 0.876203 -0.452974 -0.164572 0.481943 0.823535 0.299202 0.000000 -0.341475 0.939891 B 2.000000 4.000000 18.000000 C[purple]
46.876563 4.102271 77.444737 0.664171 -0.702644 -0.255280 0.747581 0.624248 0.226798 0.000000 -0.341475 0.939891 B 2.000000 4.000000 18.000000 C[purple]
24.216778 -22.329581 77.127272 0.998655 0.048728 0.017704 -0.051845 0.938627 0.341016 -0.000000 -0.341475 0.939891 B 2.000000 4.000000 18.000000 C[purple]
24.280743 -28.735621 -77.936532 0.998606 0.049609 0.018024 -0.052782 0.938581 0.340999 0.000000 -0.341475 0.939891 B 2.000000 4.000000 18.000000 C[purple]
24.231301 27.478726 -60.835763 0.982881 -0.173165 -0.062913 0.184240 0.923801 0.335630 -0.000000 -0.341475 0.939891 B 2.000000 4.000000 18.000000 C[purple]
23.970336 21.039411 -43.961466 0.974809 -0.209634 -0.076163 0.223041 0.916214 0.332873 -0.000000 -0.341475 0.939891 B 2.000000 4.000000 18.000000 C[purple]
23.708623 14.876223 -26.520063 0.997489 -0.066559 -0.024182 0.070816 0.937531 0.340618 0.000000 -0.341475 0.939891 B 2.000000 4.000000 18.000000 C[purple]
23.801118 8.976035 -9.158527 0.999762 0.020510 0.007452 -0.021822 0.939667 0.341394 -0.000000 -0.341475 0.939891 B 2.000000 4.000000 18.000000 C[purple]
23.881768 2.674008 8.483768 0.994159 -0.101440 -0.036855 0.107927 0.934401 0.339481 -0.000000 -0.341475 0.939891 B 2.000000 4.000000 18.000000 C[purple]
24.003531 -3.476927 25.698447 0.969936 0.228732 0.083102 -0.243360 0.911634 0.331209 0.000000 -0.341475 0.939891 B 2.000000 4.000000 18.000000 C[purple]
24.029514 -10.053726 42.812468 0.950083 0.293243 0.106539 -0.311997 0.892974 0.324430 0.000000 -0.341475 0.939891 B 2.000000 4.000000 18.000000 C[purple]
24.049197 -15.861601 60.099689 0.950781 0.291238 0.105811 -0.309864 0.893630 0.324668 0.000000 -0.341475 0.939891 B 2.000000 4.000000 18.000000 C[purple]
17.859170 -5.395862 -77.089004 -0.980860 -0.183009 -0.066490 0.194713 -0.921901 -0.334940 0.000000 -0.341475 0.939891 B 2.000000 4.000000 18.000000 C[purple]
17.890018 -11.609640 -60.114313 -0.956553 -0.274034 -0.099560 0.291560 -0.899055 -0.326639 -0.000000 -0.341475 0.939891 B 2.000000 4.000000 18.000000 C[purple]
18.015758 -17.566738 -42.772691 -0.948263 -0.298402 -0.108414 0.317486 -0.891264 -0.323809 -0.000000 -0.341475 0.939891 B 2.000000 4.000000 18.000000 C[purple]
17.883015 -23.911438 -25.825745 -0.853772 -0.489351 -0.177788 0.520647 -0.802453 -0.291542 -0.000000 -0.341475 0.939891 B 2.000000 4.000000 18.000000 C[purple]
17.751278 -30.144704 -8.847858 -0.820242 -0.537634 -0.195330 0.572017 -0.770937 -0.280092 -0.000000 -0.341475 0.939891 B 2.000000 4.000000 18.000000 C[purple]
17.456362 26.288760 8.661244 -0.842895 -0.505735 -0.183741 0.538078 -0.792229 -0.287828 -0.000000 -0.341475 0.939891 B 2.000000 4.000000 18.000000 C[purple]
17.679299 19.926981 25.913650 -0.773990 -0.595136 -0.216221 0.633197 -0.727466 -0.264299 -0.000000 -0.341475 0.939891 B 2.000000 4.000000 18.000000 C[purple]
17.935349 13.684045 43.265437 -0.735706 -0.636589 -0.231282 0.677301 -0.691483 -0.251225 -0.000000 -0.341475 0.939891 B 2.000000 4.000000 18.000000 C[purple]
17.982519 7.120563 60.739521 -0.783752 -0.583742 -0.212081 0.621074 -0.736641 -0.267632 -0.000000 -0.341475 0.939891 B 2.000000 4.000000 18.000000 C[purple]
17.865072 0.776395 77.820360 -0.932916 -0.338450 -0.122963 0.360095 -0.876839 -0.318568 0.000000 -0.341475 0.939891 B 2.000000 4.000000 18.000000 C[purple]
-32.883894 2.943058 77.424412 0.986640 -0.153121 -0.055631 0.162913 0.927334 0.336913 -0.000000 -0.341475 0.939891 B 2.000000 4.000000 18.000000 C[purple]
-32.782498 -3.092807 -77.616975 0.991001 -0.125811 -0.045709 0.133857 0.931432 0.338402 0.000000 -0.341475 0.939891 B 2.000000 4.000000 18.000000 C[purple]
-32.669984 -9.222584 -60.175274 0.996943 -0.073430 -0.026678 0.078127 0.937018 0.340432 0.000000 -0.341475 0.939891 B 2.000000 4.000000 18.000000 C[purple]
-32.908519 -15.756166 -42.877146 0.999979 0.006143 0.002232 -0.006536 0.939871 0.341468 -0.000000 -0.341475 0.939891 B 2.000000 4.000000 18.000000 C[purple]
-32.712579 -21.677367 -25.502146 0.993609 -0.106088 -0.038543 0.112873 0.933884 0.339293 0.000000 -0.341475 0.939891 B 2.000000 4.000000 18.000000 C[purple]
-32.763480 -27.547302 -8.437572 0.991402 0.122989 0.044684 -0.130854 0.931809 0.338539 0.000000 -0.341475 0.939891 B 2.000000 4.000000 18.000000 C[purple]
-32.732505 28.430309 9.030374 0.999771 -0.020104 -0.007304 0.021390 0.939676 0.341397 -0.000000 -0.341475 0.939891 B 2.000000 4.000000 18.000000 C[purple]
-32.969761 21.766653 26.127824 0.998985 -0.042327 -0.015378 0.045034 0.938937 0.341129 0.000000 -0.341475 0.939891 B 2.000000 4.000000 18.000000 C[purple]
-32.955052 15.896600 43.515351 0.987265 0.149524 0.054324 -0.159086 0.927921 0.337127 0.000000 -0.341475 0.939891 B 2.000000 4.000000 18.000000 C[purple]
-32.980921 9.525303 60.470231 0.996250 -0.081322 -0.029545 0.086523 0.936366 0.340195 0.000000 -0.341475 0.939891 B 2.000000 4.000000 18.000000 C[purple]
-43.689251 29.313302 -77.376812 0.580858 -0.765075 -0.277963 0.814005 0.545944 0.198349 0.000000 -0.341475 0.939891 B 2.000000 4.000000 18.000000 C[purple]
-43.730922 23.290738 -60.108347 0.613788 -0.742016 -0.269585 0.789471 0.576894 0.209593 -0.000000 -0.341475 0.939891 B 2.000000 4.000000 18.000000 C[purple]
-43.543583 16.996833 -42.882569 0.354736 -0.878766 -0.319268 0.934967 0.333413 0.121134 0.000000 -0.341475 0.939891 B 2.000000 4.000000 18.000000 C[purple]
-43.861668 10.879868 -25.799159 0.482796 -0.823093 -0.299041 0.875733 0.453775 0.164863 0.000000 -0.341475 0.939891 B 2.000000 4.000000 18.000000 C[purple]
-43.668337 4.630448 -8.518540 0.757183 -0.613939 -0.223053 0.653203 0.711669 0.258559 0.000000 -0.341475 0.939891 B 2.000000 4.000000 18.000000 C[purple]
-43.814288 -1.805267 8.658642 0.721355 -0.650936 -0.236494 0.692566 0.677994 0.246325 0.000000 -0.341475 0.939891 B 2.000000 4.000000 18.000000 C[purple]
-43.774248 -8.292972 26.061906 0.637579 -0.724078 -0.263068 0.770385 0.599254 0.217717 0.000000 -0.341475 0.939891 B 2.000000 4.000000 18.000000 C[purple]
-43.634879 -14.762885 42.948465 0.655350 -0.709923 -0.257925 0.755325 0.615957 0.223786 -0.000000 -0.341475 0.939891 B 2.000000 4.000000 18.000000 C[purple]
-43.690404 -20.611808 60.058818 0.674207 -0.694149 -0.252194 0.738542 0.633681 0.230225 -0.000000 -0.341475 0.939891 B 2.000000 4.000000 18.000000 C[purple]
-43.556992 -26.845644 77.228499 0.720317 -0.651951 -0.236863 0.693645 0.677019 0.245970 0.000000 -0.341475 0.939891 B 2.000000 4.000000 18.000000 C[purple]
-35.368162 -5.811610 77.549044 0.095876 -0.935561 -0.339902 0.995393 0.090113 0.032739 0.000000 -0.341475 0.939891 B 2.000000 4.000000 18.000000 C[purple]
-35.429050 -12.137936 -77.339424 0.407614 -0.858265 -0.311820 0.913154 0.383112 0.139190 0.000000 -0.341475 0.939891 B 2.000000 4.000000 18.000000 C[purple]
-35.291897 -18.380324 -60.283918 0.235000 -0.913569 -0.331912 0.971995 0.220875 0.080247 0.000000 -0.341475 0.939891 B 2.000000 4.000000 18.000000 C[purple]
-35.447798 -24.572211 -42.956974 0.497417 -0.815366 -0.296234 0.867511 0.467518 0.169856 0.000000 -0.341475 0.939891 B 2.000000 4.000000 18.000000 C[purple]
-35.213419 -30.652882 -25.933595 0.204948 -0.919940 -0.334227 0.978773 0.192629 0.069985 0.000000 -0.341475 0.939891 B 2.000000 4.000000 18.000000 C[purple]
-34.845380 25.742106 -8.636699 0.112007 -0.933976 -0.339327 0.993707 0.105274 0.038248 0.000000 -0.341475 0.939891 B 2.000000 4.000000 18.000000 C[purple]
-34.566766 19.287794 8.592534 0.046490 -0.938874 -0.341106 0.998919 0.043696 0.015875 -0.000000 -0.341475 0.939891 B 2.000000 4.000000 18.000000 C[purple]
-34.792276 12.797833 25.883769 0.174817 -0.925417 -0.336217 0.984601 0.164309 0.059696 -0.000000 -0.341475 0.939891 B 2.000000 4.000000 18.000000 C[purple]
-35.195519 6.778923 43.050541 0.225057 -0.915778 -0.332715 0.974346 0.211529 0.076851 0.000000 -0.341475 0.939891 B 2.000000 4.000000 18.000000 C[purple]
-35.043762 0.313754 60.359762 0.022631 -0.939650 -0.341388 0.999744 0.021271 0.007728 0.000000 -0.341475 0.939891 B 2.000000 4.000000 18.000000 C[purple]
17.990097 8.944012 77.974767 0.490749 -0.818928 -0.297528 0.871301 0.461250 0.167579 0.000000 -0.341475 0.939891 B 2.000000 4.000000 18.000000 C[purple]
18.150473 2.732539 -76.696741 0.593594 -0.756391 -0.274807 0.804765 0.557914 0.202698 -0.000000 -0.341475 0.939891 B 2.000000 4.000000 18.000000 C[purple]
18.001954 -3.754093 -59.615333 0.801687 -0.561815 -0.204115 0.597745 0.753498 0.273756 0.000000 -0.341475 0.939891 B 2.000000 4.000000 18.000000 C[purple]
18.008192 -9.830683 -42.496960 0.571216 -0.771462 -0.280283 0.820800 0.536880 0.195056 -0.000000 -0.341475 0.939891 B 2.000000 4.000000 18.000000 C[purple]
17.766031 -16.094904 -25.332282 0.751501 -0.620076 -0.225282 0.659732 0.706329 0.256619 0.000000 -0.341475 0.939891 B 2.000000 4.000000 18.000000 C[purple]
17.620274 -22.156507 -8.145558 0.776153 -0.592643 -0.215315 0.630544 0.729499 0.265037 0.000000 -0.341475 0.939891 B 2.000000 4.000000 18.000000 C[purple]
17.784788 -28.558764 9.001558 0.711166 -0.660766 -0.240065 0.703024 0.668418 0.242846 -0.000000 -0.341475 0.939891 B 2.000000 4.000000 18.000000 C[purple]
17.808486 27.793097 26.011121 0.704250 -0.667277 -0.242431 0.709952 0.661918 0.240484 -0.000000 -0.341475 0.939891 B 2.000000 4.000000 18.000000 C[purple]
17.890643 21.553182 43.581687 0.865506 -0.470790 -0.171045 0.500899 0.813481 0.295549 0.000000 -0.341475 0.939891 B 2.000000 4.000000 18.000000 C[purple]
17.790975 15.185803 60.652132 0.760850 -0.609921 -0.221593 0.648928 0.715116 0.259812 0.000000 -0.341475 0.939891 B 2.000000 4.000000 18.000000 C[purple]
-44.277606 -13.153859 -77.390238 0.543100 0.789196 0.286726 -0.839668 0.510455 0.185455 -0.000000 -0.341475 0.939891 B 2.000000 4.000000 18.000000 C[purple]
-44.460524 -19.340452 -60.252701 0.571920 0.771001 0.280115 -0.820309 0.537542 0.195297 0.000000 -0.341475 0.939891 B 2.000000 4.000000 18.000000 C[purple]
-44.386025 -25.434050 -43.251375 0.749846 0.621843 0.225924 -0.661612 0.704773 0.256054 -0.000000 -0.341475 0.939891 B 2.000000 4.000000 18.000000 C[purple]
-44.221532 30.823382 -26.069633 0.570027 0.772239 0.280565 -0.821626 0.535763 0.194650 0.000000 -0.341475 0.939891 B 2.000000 4.000000 18.000000 C[purple]
-44.507360 24.744734 -8.841056 0.763491 0.606999 0.220531 -0.645819 0.717598 0.260713 0.000000 -0.341475 0.939891 B 2.000000 4.000000 18.000000 C[purple]
-44.372755 18.341272 8.532833 0.491584 0.818485 0.297367 -0.870830 0.462035 0.167864 0.000000 -0.341475 0.939891 B 2.000000 4.000000 18.000000 C[purple]
-44.480847 12.047811 25.680669 0.625410 0.733393 0.266452 -0.780296 0.587817 0.213562 -0.000000 -0.341475 0.939891 B 2.000000 4.000000 18.000000 C[purple]
-44.697670 5.634513 43.085709 0.568244 0.773399 0.280987 -0.822860 0.534087 0.194041 0.000000 -0.341475 0.939891 B 2.000000 4.000000 18.000000 C[purple]
-44.361239 -0.468387 60.335276 0.609180 0.745364 0.270801 -0.793032 0.572562 0.208020 0.000000 -0.341475 0.939891 B 2.000000 4.000000 18.000000 C[purple]
-44.342089 -6.869303 77.522798 0.749008 0.622735 0.226248 -0.662561 0.703986 0.255768 0.000000 -0.341475 0.939891 B 2.000000 4.000000 18.000000 C[purple]
32.862610 31.244346 77.364487 0.648888 0.715147 0.259823 -0.760884 0.609884 0.221579 0.000000 -0.341475 0.939891 B 2.000000 4.000000 18.000000 C[purple]
32.686700 24.862657 -77.378689 0.463429 0.832869 0.302593 -0.886134 0.435573 0.158250 -0.000000 -0.341475 0.939891 B 2.000000 4.000000 18.000000 C[purple]
32.817400 18.970767 -60.111540 0.383192 0.868148 0.315410 -0.923669 0.360158 0.130851 0.000000 -0.341475 0.939891 B 2.000000 4.000000 18.000000 C[purple]
32.776278 12.489709 -42.880186 0.478126 0.825498 0.299915 -0.878291 0.449386 0.163268 -0.000000 -0.341475 0.939891 B 2.000000 4.000000 18.000000 C[purple]
32.910726 6.228666 -25.715559 0.643299 0.719595 0.261439 -0.765615 0.604630 0.219671 0.000000 -0.341475 0.939891 B 2.000000 4.000000 18.000000 C[purple]
32.813768 -0.318738 -8.805623 0.605457 0.748038 0.271773 -0.795878 0.569064 0.206749 -0.000000 -0.341475 0.939891 B 2.000000 4.000000 18.000000 C[purple]
32.945097 -6.227235 8.451367 0.561113 0.777985 0.282653 -0.827739 0.527385 0.191606 -0.000000 -0.341475 0.939891 B 2.000000 4.000000 18.000000 C[purple]
33.017940 -12.565645 25.867282 0.495413 0.816443 0.296625 -0.868657 0.465634 0.169171 0.000000 -0.341475 0.939891 B 2.000000 4.000000 18.000000 C[purple]
33.132389 -18.686175 43.350915 0.620705 0.736916 0.267732 -0.784044 0.583395 0.211956 0.000000 -0.341475 0.939891 B 2.000000 4.000000 18.000000 C[purple]
32.956454 -25.052004 60.278740 0.718206 0.654005 0.237609 -0.695831 0.675035 0.245250 -0.000000 -0.341475 0.939891 B 2.000000 4.000000 18.000000 C[purple]
16.952118 10.143128 -77.329203 0.942270 0.314725 0.114344 -0.334853 0.885631 0.321762 -0.000000 -0.341475 0.939891 B 2.000000 4.000000 18.000000 C[purple]
17.051415 4.061132 -60.207324 0.871181 0.461451 0.167652 -0.490963 0.818815 0.297487 -0.000000 -0.341475 0.939891 B 2.000000 4.000000 18.000000 C[purple]
17.093761 -2.290040 -43.131638 0.937629 0.326741 0.118710 -0.347637 0.881269 0.320177 -0.000000 -0.341475 0.939891 B 2.000000 4.000000 18.000000 C[purple]
16.864965 -8.285163 -25.932944 0.985447 0.159766 0.058045 -0.169984 0.926212 0.336506 -0.000000 -0.341475 0.939891 B 2.000000 4.000000 18.000000 C[purple]
16.651688 -14.216637 -8.690618 0.997567 0.065517 0.023803 -0.069707 0.937604 0.340645 0.000000 -0.341475 0.939891 B 2.000000 4.000000 18.000000 C[purple]
17.005651 -20.548161 8.362313 0.986881 0.151745 0.055131 -0.161450 0.927560 0.336996 0.000000 -0.341475 0.939891 B 2.000000 4.000000 18.000000 C[purple]
16.841261 -27.057143 25.708251 0.949834 0.293956 0.106798 -0.312755 0.892740 0.324345 -0.000000 -0.341475 0.939891 B 2.000000 4.000000 18.000000 C[purple]
17.024165 29.001239 43.232824 0.938987 0.323279 0.117452 -0.343953 0.882545 0.320641 -0.000000 -0.341475 0.939891 B 2.000000 4.000000 18.000000 C[purple]
16.878690 22.375853 60.384183 0.977001 0.200419 0.072815 -0.213236 0.918274 0.333622 0.000000 -0.341475 0.939891 B 2.000000 4.000000 18.000000 C[purple]
17.011815 16.043959 77.461406 0.982736 0.173894 0.063178 -0.185016 0.923664 0.335580 0.000000 -0.341475 0.939891 B 2.000000 4.000000 18.000000 C[purple]
-0.375597 -12.481041 -77.427617 0.999398 0.032615 0.011850 -0.034701 0.939325 0.341270 0.000000 -0.341475 0.939891 B 2.000000 4.000000 18.000000 C[purple]
-0.150570 -18.547207 -60.252278 0.984163 0.166608 0.060531 -0.177263 0.925006 0.336068 0.000000 -0.341475 0.939891 B 2.000000 4.000000 18.000000 C[purple]
-0.286154 -25.069608 -42.997787 0.996639 0.076991 0.027972 -0.081915 0.936732 0.340328 0.000000 -0.341475 0.939891 B 2.000000 4.000000 18.000000 C[purple]
-0.270356 31.038725 -26.064731 0.999671 -0.024091 -0.008753 0.025632 0.939582 0.341363 -0.000000 -0.341475 0.939891 B 2.000000 4.000000 18.000000 C[purple]
-0.360453 24.904675 -8.633884 0.943584 0.311230 0.113074 -0.331134 0.886866 0.322211 0.000000 -0.341475 0.939891 B 2.000000 4.000000 18.000000 C[purple]
-0.032716 18.478599 8.598103 0.977404 0.198673 0.072181 -0.211379 0.918653 0.333760 0.000000 -0.341475 0.939891 B 2.000000 4.000000 18.000000 C[purple]
-0.147177 12.113033 25.750550 0.998878 0.044501 0.016168 -0.047347 0.938837 0.341092 0.000000 -0.341475 0.939891 B 2.000000 4.000000 18.000000 C[purple]
0.065409 6.058693 42.950232 0.980722 0.183661 0.066727 -0.195407 0.921772 0.334893 0.000000 -0.341475 0.939891 B 2.000000 4.000000 18.000000 C[purple]
-0.176433 0.011583 59.932992 0.999035 0.041284 0.014999 -0.043924 0.938984 0.341146 0.000000 -0.341475 0.939891 B 2.000000 4.000000 18.000000 C[purple]
-0.370018 -6.218692 77.053749 0.983283 0.171138 0.062177 -0.182082 0.924179 0.335767 -0.000000 -0.341475 0.939891 B 2.000000 4.000000 18.000000 C[purple]
-37.197254 -8.519075 -76.739022 0.831526 -0.522097 -0.189685 0.555486 0.781543 0.283946 0.000000 -0.341475 0.939891 B 2.000000 4.000000 18.000000 C[purple]
-37.236089 -14.814278 -59.651795 0.905259 -0.399322 -0.145079 0.424860 0.850844 0.309124 0.000000 -0.341475 0.939891 B 2.000000 4.000000 18.000000 C[purple]
-37.157600 -21.218366 -42.633584 0.972657 -0.218286 -0.079306 0.232247 0.914191 0.332138 0.000000 -0.341475 0.939891 B 2.000000 4.000000 18.000000 C[purple]
-37.304920 -27.546603 -25.394553 0.936571 -0.329412 -0.119680 0.350479 0.880274 0.319816 0.000000 -0.341475 0.939891 B 2.000000 4.000000 18.000000 C[purple]
-37.583037 28.816078 -8.129292 0.943250 -0.312123 -0.113399 0.332085 0.886552 0.322097 0.000000 -0.341475 0.939891 B 2.000000 4.000000 18.000000 C[purple]
-37.672774 22.422696 8.775746 0.890067 -0.428430 -0.155655 0.455829 0.836566 0.303936 -0.000000 -0.341475 0.939891 B 2.000000 4.000000 18.000000 C[purple]
-37.278012 16.260315 26.094063 0.882665 -0.441751 -0.160494 0.470003 0.829609 0.301408 0.000000 -0.341475 0.939891 B 2.000000 4.000000 18.000000 C[purple]
