-21.466537 0.085339 77.120600 0.753623 -0.617797 -0.224454 0.657307 0.708323 0.257344 0.000000 -0.341475 0.939891 B 2.000000 4.000000 18.000000 C[purple]
-21.378709 -6.032364 -77.855286 0.632393 -0.728084 -0.264523 0.774648 0.594380 0.215947 -0.000000 -0.341475 0.939891 B 2.000000 4.000000 18.000000 C[purple]
-21.611757 -12.108458 -60.632188 0.638479 -0.723377 -0.262813 0.769639 0.600100 0.218025 0.000000 -0.341475 0.939891 B 2.000000 4.000000 18.000000 C[purple]
-21.575136 -18.595489 -43.446717 0.684829 -0.684902 -0.248834 0.728704 0.643664 0.233852 0.000000 -0.341475 0.939891 B 2.000000 4.000000 18.000000 C[purple]
-21.546184 -24.456243 -26.331296 0.749312 -0.622411 -0.226131 0.662217 0.704272 0.255872 0.000000 -0.341475 0.939891 B 2.000000 4.000000 18.000000 C[purple]
-21.639229 -30.743011 -9.444859 0.792254 -0.573513 -0.208365 0.610191 0.744632 0.270535 0.000000 -0.341475 0.939891 B 2.000000 4.000000 18.000000 C[purple]
-21.836128 25.264273 8.040278 0.738458 -0.633768 -0.230257 0.674299 0.694070 0.252165 0.000000 -0.341475 0.939891 B 2.000000 4.000000 18.000000 C[purple]
-22.077367 19.193552 25.315928 0.635220 -0.725907 -0.263732 0.772331 0.597037 0.216912 -0.000000 -0.341475 0.939891 B 2.000000 4.000000 18.000000 C[purple]
-21.993614 12.526816 42.682790 0.638208 -0.723588 -0.262890 0.769864 0.599846 0.217932 -0.000000 -0.341475 0.939891 B 2.000000 4.000000 18.000000 C[purple]
-21.659010 6.428368 59.784204 0.723764 -0.648569 -0.235634 0.690047 0.680259 0.247148 -0.000000 -0.341475 0.939891 B 2.000000 4.000000 18.000000 C[purple]
-8.904965 7.815538 77.789731 0.683006 0.686508 0.249418 -0.730413 0.641951 0.233230 -0.000000 -0.341475 0.939891 B 2.000000 4.000000 18.000000 C[purple]
-9.087827 1.949652 -77.138653 0.791172 0.574831 0.208844 -0.611594 0.743615 0.270166 -0.000000 -0.341475 0.939891 B 2.000000 4.000000 18.000000 C[purple]
-8.847765 -4.415922 -59.906189 0.550903 0.784404 0.284985 -0.834569 0.517789 0.188120 -0.000000 -0.341475 0.939891 B 2.000000 4.000000 18.000000 C[purple]
-8.706442 -10.864900 -42.484023 0.763613 0.606863 0.220482 -0.645674 0.717713 0.260755 0.000000 -0.341475 0.939891 B 2.000000 4.000000 18.000000 C[purple]
-9.122477 -17.096760 -25.350219 0.720069 0.652192 0.236951 -0.693902 0.676786 0.245886 0.000000 -0.341475 0.939891 B 2.000000 4.000000 18.000000 C[purple]
-8.996243 -23.631617 -8.437601 0.746139 0.625770 0.227351 -0.665790 0.701290 0.254788 0.000000 -0.341475 0.939891 B 2.000000 4.000000 18.000000 C[purple]
-8.759078 -29.963749 9.119758 0.744903 0.627069 0.227823 -0.667173 0.700127 0.254366 0.000000 -0.341475 0.939891 B 2.000000 4.000000 18.000000 C[purple]
-9.046456 26.529684 26.526844 0.658416 0.707413 0.257013 -0.752654 0.618839 0.224833 -0.000000 -0.341475 0.939891 B 2.000000 4.000000 18.000000 C[purple]
-8.915719 19.935834 43.453367 0.621888 0.736035 0.267412 -0.783107 0.584506 0.212359 0.000000 -0.341475 0.939891 B 2.000000 4.000000 18.000000 C[purple]
-8.975479 13.860172 60.431634 0.702085 0.669290 0.243162 -0.712093 0.659883 0.239745 0.000000 -0.341475 0.939891 B 2.000000 4.000000 18.000000 C[purple]
-0.622356 -4.343220 -77.516345 0.973553 -0.214728 -0.078014 0.228461 0.915034 0.332444 -0.000000 -0.341475 0.939891 B 2.000000 4.000000 18.000000 C[purple]
-0.496886 -10.224743 -60.281074 0.999997 0.002276 0.000827 -0.002422 0.939888 0.341474 0.000000 -0.341475 0.939891 B 2.000000 4.000000 18.000000 C[purple]
-0.545082 -16.706185 -43.141183 0.994027 -0.102574 -0.037266 0.109134 0.934277 0.339436 0.000000 -0.341475 0.939891 B 2.000000 4.000000 18.000000 C[purple]
-0.679359 -23.226747 -25.775960 0.998088 0.058096 0.021107 -0.061811 0.938093 0.340822 0.000000 -0.341475 0.939891 B 2.000000 4.000000 18.000000 C[purple]
-0.999909 -29.176905 -8.774730 0.996841 0.074652 0.027122 -0.079426 0.936921 0.340397 -0.000000 -0.341475 0.939891 B 2.000000 4.000000 18.000000 C[purple]
-0.832413 27.080782 8.561233 0.977449 -0.198477 -0.072109 0.211170 0.918696 0.333775 -0.000000 -0.341475 0.939891 B 2.000000 4.000000 18.000000 C[purple]
-0.864472 20.996265 25.681227 0.949091 -0.296069 -0.107566 0.315003 0.892041 0.324091 -0.000000 -0.341475 0.939891 B 2.000000 4.000000 18.000000 C[purple]
-0.671952 14.392371 42.688443 0.959941 -0.263360 -0.095682 0.280202 0.902240 0.327796 -0.000000 -0.341475 0.939891 B 2.000000 4.000000 18.000000 C[purple]
-0.710620 8.315962 59.896836 0.999369 0.033382 0.012128 -0.035517 0.939298 0.341260 0.000000 -0.341475 0.939891 B 2.000000 4.000000 18.000000 C[purple]
-0.731418 1.866668 77.303377 0.983353 -0.170783 -0.062048 0.181706 0.924244 0.335791 0.000000 -0.341475 0.939891 B 2.000000 4.000000 18.000000 C[purple]
47.783673 -29.662477 76.999618 0.387833 0.866325 0.314748 -0.921730 0.364520 0.132435 0.000000 -0.341475 0.939891 B 2.000000 4.000000 18.000000 C[purple]
48.023102 26.432010 -77.514338 0.284428 0.901071 0.327372 -0.958697 0.267331 0.097125 -0.000000 -0.341475 0.939891 B 2.000000 4.000000 18.000000 C[purple]
47.975894 20.345494 -59.996175 0.152199 0.928941 0.337497 -0.988350 0.143050 0.051972 0.000000 -0.341475 0.939891 B 2.000000 4.000000 18.000000 C[purple]
48.148963 13.985675 -42.564855 0.339005 0.884235 0.321255 -0.940785 0.318627 0.115762 0.000000 -0.341475 0.939891 B 2.000000 4.000000 18.000000 C[purple]
47.828522 7.807818 -25.557324 0.330211 0.887169 0.322321 -0.943907 0.310363 0.112759 0.000000 -0.341475 0.939891 B 2.000000 4.000000 18.000000 C[purple]
47.557006 1.537400 -8.607770 0.418202 0.853753 0.310181 -0.908354 0.393064 0.142806 0.000000 -0.341475 0.939891 B 2.000000 4.000000 18.000000 C[purple]
47.602555 -4.929912 8.562266 0.603500 0.749434 0.272280 -0.797363 0.567224 0.206080 0.000000 -0.341475 0.939891 B 2.000000 4.000000 18.000000 C[purple]
47.932322 -11.266582 25.517768 0.500701 0.813589 0.295588 -0.865620 0.470604 0.170977 0.000000 -0.341475 0.939891 B 2.000000 4.000000 18.000000 C[purple]
47.942211 -17.401543 42.529226 0.479364 0.824863 0.299684 -0.877616 0.450550 0.163691 0.000000 -0.341475 0.939891 B 2.000000 4.000000 18.000000 C[purple]
47.725090 -23.266178 59.616744 0.471862 0.828676 0.301070 -0.881673 0.443498 0.161129 0.000000 -0.341475 0.939891 B 2.000000 4.000000 18.000000 C[purple]
-45.710200 -23.924217 77.238459 0.921622 0.364761 0.132523 -0.388089 0.866224 0.314711 0.000000 -0.341475 0.939891 B 2.000000 4.000000 18.000000 C[purple]
-45.478316 -30.303164 -77.674090 0.975056 0.208618 0.075794 -0.221959 0.916446 0.332958 0.000000 -0.341475 0.939891 B 2.000000 4.000000 18.000000 C[purple]
-45.422048 25.849839 -60.668499 0.947998 0.299145 0.108684 -0.318277 0.891014 0.323718 -0.000000 -0.341475 0.939891 B 2.000000 4.000000 18.000000 C[purple]
-45.437718 19.713464 -43.166435 0.926154 0.354476 0.128786 -0.377146 0.870483 0.316259 -0.000000 -0.341475 0.939891 B 2.000000 4.000000 18.000000 C[purple]
-45.467511 13.528816 -25.767690 0.953415 0.283530 0.103010 -0.301663 0.896106 0.325568 0.000000 -0.341475 0.939891 B 2.000000 4.000000 18.000000 C[purple]
-45.445946 7.608002 -8.738770 0.895307 0.418673 0.152110 -0.445449 0.841491 0.305725 0.000000 -0.341475 0.939891 B 2.000000 4.000000 18.000000 C[purple]
-45.293871 0.923385 8.378516 0.937839 0.326209 0.118516 -0.347071 0.881466 0.320249 -0.000000 -0.341475 0.939891 B 2.000000 4.000000 18.000000 C[purple]
-45.077819 -5.229954 25.370533 0.884686 0.438165 0.159192 -0.466188 0.831508 0.302098 -0.000000 -0.341475 0.939891 B 2.000000 4.000000 18.000000 C[purple]
-45.168086 -11.610595 42.358175 0.833951 0.518668 0.188439 -0.551838 0.783823 0.284774 -0.000000 -0.341475 0.939891 B 2.000000 4.000000 18.000000 C[purple]
-45.441454 -17.928480 59.896366 0.848779 0.496966 0.180555 -0.528748 0.797759 0.289837 0.000000 -0.341475 0.939891 B 2.000000 4.000000 18.000000 C[purple]
-45.302496 -4.779517 77.631857 0.996708 0.076204 0.027686 -0.081078 0.936796 0.340351 0.000000 -0.341475 0.939891 B 2.000000 4.000000 18.000000 C[purple]
-45.576709 -10.858658 -77.127011 0.978296 0.194758 0.070758 -0.207213 0.919491 0.334064 0.000000 -0.341475 0.939891 B 2.000000 4.000000 18.000000 C[purple]
-45.421720 -17.009926 -59.662819 0.990013 0.132501 0.048139 -0.140975 0.930504 0.338065 0.000000 -0.341475 0.939891 B 2.000000 4.000000 18.000000 C[purple]
-45.420939 -23.021426 -42.492647 0.943299 0.311991 0.113351 -0.331944 0.886598 0.322113 0.000000 -0.341475 0.939891 B 2.000000 4.000000 18.000000 C[purple]
-45.456391 -29.279986 -25.582538 0.938593 0.324287 0.117818 -0.345026 0.882175 0.320506 -0.000000 -0.341475 0.939891 B 2.000000 4.000000 18.000000 C[purple]
-45.474811 27.046906 -8.630640 0.874830 0.455311 0.165421 -0.484430 0.822245 0.298733 -0.000000 -0.341475 0.939891 B 2.000000 4.000000 18.000000 C[purple]
-45.328548 20.680000 8.505492 0.973026 0.216829 0.078777 -0.230696 0.914538 0.332264 0.000000 -0.341475 0.939891 B 2.000000 4.000000 18.000000 C[purple]
-45.239007 14.024950 25.683147 0.927849 0.350538 0.127356 -0.372957 0.872076 0.316838 -0.000000 -0.341475 0.939891 B 2.000000 4.000000 18.000000 C[purple]
-45.197865 7.443014 43.229597 0.957001 0.272647 0.099056 -0.290084 0.899477 0.326792 0.000000 -0.341475 0.939891 B 2.000000 4.000000 18.000000 C[purple]
-45.451568 1.490992 60.512703 0.986138 0.155951 0.056659 -0.165925 0.926862 0.336742 0.000000 -0.341475 0.939891 B 2.000000 4.000000 18.000000 C[purple]
-49.537994 28.078296 77.828927 0.949970 0.293566 0.106657 -0.312340 0.892868 0.324391 -0.000000 -0.341475 0.939891 B 2.000000 4.000000 18.000000 C[purple]
-49.686127 21.744673 -77.138752 0.872364 0.459472 0.166933 -0.488857 0.819927 0.297891 0.000000 -0.341475 0.939891 B 2.000000 4.000000 18.000000 C[purple]
-49.393062 15.725366 -59.970324 0.926352 0.354018 0.128620 -0.376659 0.870670 0.316326 -0.000000 -0.341475 0.939891 B 2.000000 4.000000 18.000000 C[purple]
-49.519245 9.779578 -42.724738 0.944183 0.309620 0.112489 -0.329422 0.887429 0.322415 0.000000 -0.341475 0.939891 B 2.000000 4.000000 18.000000 C[purple]
-49.404476 3.449876 -25.434494 0.936692 0.329106 0.119569 -0.350154 0.880388 0.319857 -0.000000 -0.341475 0.939891 B 2.000000 4.000000 18.000000 C[purple]
-49.459665 -3.144671 -8.356610 0.965776 0.243786 0.088571 -0.259377 0.907724 0.329789 0.000000 -0.341475 0.939891 B 2.000000 4.000000 18.000000 C[purple]
-49.489913 -9.443607 8.634324 0.929952 0.345579 0.125554 -0.367680 0.874054 0.317556 0.000000 -0.341475 0.939891 B 2.000000 4.000000 18.000000 C[purple]
-49.391799 -15.572623 26.225603 0.948090 0.298887 0.108590 -0.318001 0.891101 0.323749 -0.000000 -0.341475 0.939891 B 2.000000 4.000000 18.000000 C[purple]
-49.588328 -21.861760 43.478456 0.903199 0.403423 0.146569 -0.429223 0.848908 0.308420 0.000000 -0.341475 0.939891 B 2.000000 4.000000 18.000000 C[purple]
-49.662199 -28.077832 60.789974 0.817113 0.541826 0.196853 -0.576477 0.767997 0.279024 0.000000 -0.341475 0.939891 B 2.000000 4.000000 18.000000 C[purple]
-4.356735 8.529941 77.337026 0.705989 -0.665652 -0.241841 0.708223 0.663552 0.241078 0.000000 -0.341475 0.939891 B 2.000000 4.000000 18.000000 C[purple]
-4.583536 2.170710 -77.407591 0.881271 -0.444203 -0.161385 0.472611 0.828298 0.300932 0.000000 -0.341475 0.939891 B 2.000000 4.000000 18.000000 C[purple]
-4.356298 -4.074471 -60.065245 0.746575 -0.625310 -0.227184 0.665301 0.701699 0.254937 -0.000000 -0.341475 0.939891 B 2.000000 4.000000 18.000000 C[purple]
-4.292156 -10.017451 -42.765206 0.624317 -0.734216 -0.266751 0.781171 0.586789 0.213189 0.000000 -0.341475 0.939891 B 2.000000 4.000000 18.000000 C[purple]
-4.182563 -16.258232 -25.777279 0.816834 -0.542197 -0.196988 0.576872 0.767735 0.278929 -0.000000 -0.341475 0.939891 B 2.000000 4.000000 18.000000 C[purple]
-4.396419 -22.720761 -8.553132 0.732978 -0.639363 -0.232289 0.680252 0.688919 0.250294 0.000000 -0.341475 0.939891 B 2.000000 4.000000 18.000000 C[purple]
-4.232969 -28.795854 8.423481 0.533971 -0.794680 -0.288718 0.845503 0.501875 0.182338 -0.000000 -0.341475 0.939891 B 2.000000 4.000000 18.000000 C[purple]
-4.106462 27.279306 25.919830 0.669099 -0.698501 -0.253775 0.743173 0.628880 0.228481 -0.000000 -0.341475 0.939891 B 2.000000 4.000000 18.000000 C[purple]
-4.425279 20.830388 43.234679 0.558952 -0.779357 -0.283151 0.829200 0.525354 0.190868 0.000000 -0.341475 0.939891 B 2.000000 4.000000 18.000000 C[purple]
-4.580475 14.392919 60.295050 0.676788 -0.691926 -0.251387 0.736178 0.636107 0.231107 0.000000 -0.341475 0.939891 B 2.000000 4.000000 18.000000 C[purple]
6.027532 -22.151064 -77.711459 0.078273 -0.937007 -0.340428 0.996932 0.073568 0.026728 0.000000 -0.341475 0.939891 B 2.000000 4.000000 18.000000 C[purple]
5.801611 -28.688519 -60.309235 0.112737 -0.933899 -0.339298 0.993625 0.105961 0.038497 0.000000 -0.341475 0.939891 B 2.000000 4.000000 18.000000 C[purple]
6.058636 27.698755 -43.233607 -0.068602 -0.937676 -0.340671 0.997644 -0.064479 -0.023426 -0.000000 -0.341475 0.939891 B 2.000000 4.000000 18.000000 C[purple]
6.133537 21.765766 -26.225675 0.081392 -0.936772 -0.340342 0.996682 0.076500 0.027794 0.000000 -0.341475 0.939891 B 2.000000 4.000000 18.000000 C[purple]
5.882288 15.432022 -9.307737 0.274257 -0.903852 -0.328382 0.961656 0.257772 0.093652 0.000000 -0.341475 0.939891 B 2.000000 4.000000 18.000000 C[purple]
5.607043 9.417753 7.994056 0.326233 -0.888469 -0.322793 0.945289 0.306624 0.111401 0.000000 -0.341475 0.939891 B 2.000000 4.000000 18.000000 C[purple]
5.329274 3.108816 25.357647 0.332678 -0.886355 -0.322025 0.943041 0.312681 0.113601 -0.000000 -0.341475 0.939891 B 2.000000 4.000000 18.000000 C[purple]
5.686566 -3.188943 42.843935 0.238496 -0.912769 -0.331622 0.971144 0.224160 0.081440 -0.000000 -0.341475 0.939891 B 2.000000 4.000000 18.000000 C[purple]
5.701310 -9.457780 60.370774 0.079030 -0.936951 -0.340407 0.996872 0.074280 0.026987 -0.000000 -0.341475 0.939891 B 2.000000 4.000000 18.000000 C[purple]
5.732186 -15.777833 77.318686 0.219618 -0.916944 -0.333139 0.975586 0.206417 0.074994 -0.000000 -0.341475 0.939891 B 2.000000 4.000000 18.000000 C[purple]
-23.327997 -22.750890 -77.966196 0.999947 0.009664 0.003511 -0.010282 0.939841 0.341457 0.000000 -0.341475 0.939891 B 2.000000 4.000000 18.000000 C[purple]
-23.149361 -28.753296 -60.767927 0.985240 0.160889 0.058453 -0.171179 0.926018 0.336435 -0.000000 -0.341475 0.939891 B 2.000000 4.000000 18.000000 C[purple]
-23.177754 27.118059 -43.637621 0.999603 0.026472 0.009618 -0.028165 0.939518 0.341340 0.000000 -0.341475 0.939891 B 2.000000 4.000000 18.000000 C[purple]
-23.044033 20.611452 -26.411636 0.961558 0.258097 0.093770 -0.274604 0.903759 0.328348 -0.000000 -0.341475 0.939891 B 2.000000 4.000000 18.000000 C[purple]
-23.120265 14.590838 -9.058014 0.996263 0.081176 0.029492 -0.086367 0.936379 0.340199 -0.000000 -0.341475 0.939891 B 2.000000 4.000000 18.000000 C[purple]
-23.195683 8.457221 7.879695 0.999053 0.040902 0.014860 -0.043518 0.939000 0.341152 -0.000000 -0.341475 0.939891 B 2.000000 4.000000 18.000000 C[purple]
-23.203028 2.249244 25.479250 0.987513 0.148067 0.053795 -0.157536 0.928155 0.337211 0.000000 -0.341475 0.939891 B 2.000000 4.000000 18.000000 C[purple]
-23.103130 -3.737156 42.656297 0.973292 0.215771 0.078393 -0.229570 0.914788 0.332355 -0.000000 -0.341475 0.939891 B 2.000000 4.000000 18.000000 C[purple]
-23.189790 -10.074129 59.517029 0.999959 -0.008545 -0.003104 0.009091 0.939852 0.341461 0.000000 -0.341475 0.939891 B 2.000000 4.000000 18.000000 C[purple]
-23.356353 -16.185151 76.528581 0.987263 0.149533 0.054327 -0.159096 0.927919 0.337126 -0.000000 -0.341475 0.939891 B 2.000000 4.000000 18.000000 C[purple]
18.701040 -30.364309 -77.843377 0.713309 0.658722 0.239323 -0.700850 0.670433 0.243578 -0.000000 -0.341475 0.939891 B 2.000000 4.000000 18.000000 C[purple]
18.627765 25.890745 -60.410637 0.847803 0.498435 0.181088 -0.530311 0.796842 0.289504 -0.000000 -0.341475 0.939891 B 2.000000 4.000000 18.000000 C[purple]
18.384315 19.365653 -43.167348 0.767607 0.602396 0.218859 -0.640921 0.721466 0.262119 -0.000000 -0.341475 0.939891 B 2.000000 4.000000 18.000000 C[purple]
18.172486 13.040834 -26.194012 0.792268 0.573496 0.208359 -0.610173 0.744645 0.270540 -0.000000 -0.341475 0.939891 B 2.000000 4.000000 18.000000 C[purple]
18.195743 6.857745 -8.690939 0.726040 0.646318 0.234816 -0.687652 0.682398 0.247925 -0.000000 -0.341475 0.939891 B 2.000000 4.000000 18.000000 C[purple]
18.256872 0.812296 8.474993 0.867213 0.468007 0.170033 -0.497938 0.815085 0.296132 0.000000 -0.341475 0.939891 B 2.000000 4.000000 18.000000 C[purple]
18.253218 -5.558654 25.555867 0.676728 0.691978 0.251405 -0.736233 0.636051 0.231086 0.000000 -0.341475 0.939891 B 2.000000 4.000000 18.000000 C[purple]
18.417870 -11.840600 43.067682 0.663763 0.702984 0.255404 -0.747943 0.623865 0.226659 0.000000 -0.341475 0.939891 B 2.000000 4.000000 18.000000 C[purple]
18.535678 -18.214087 59.945880 0.633962 0.726878 0.264085 -0.773364 0.595855 0.216482 0.000000 -0.341475 0.939891 B 2.000000 4.000000 18.000000 C[purple]
18.423488 -24.243825 77.009406 0.744861 0.627114 0.227839 -0.667220 0.700088 0.254352 -0.000000 -0.341475 0.939891 B 2.000000 4.000000 18.000000 C[purple]
-41.643726 -29.112108 -77.178063 -0.115383 0.933613 0.339195 -0.993321 -0.108447 -0.039400 0.000000 -0.341475 0.939891 B 2.000000 4.000000 18.000000 C[purple]
-41.706043 26.895717 -60.245265 0.030024 0.939467 0.341321 -0.999549 0.028219 0.010252 0.000000 -0.341475 0.939891 B 2.000000 4.000000 18.000000 C[purple]
-41.749057 20.892233 -42.957827 0.084328 0.936543 0.340259 -0.996438 0.079259 0.028796 0.000000 -0.341475 0.939891 B 2.000000 4.000000 18.000000 C[purple]
-41.519048 14.547172 -25.727566 -0.079859 0.936889 0.340385 -0.996806 -0.075059 -0.027270 -0.000000 -0.341475 0.939891 B 2.000000 4.000000 18.000000 C[purple]
-41.633768 8.429993 -8.338407 0.122237 0.932842 0.338915 -0.992501 0.114890 0.041741 0.000000 -0.341475 0.939891 B 2.000000 4.000000 18.000000 C[purple]
-41.353202 2.057750 8.982860 0.133219 0.931513 0.338432 -0.991087 0.125211 0.045491 0.000000 -0.341475 0.939891 B 2.000000 4.000000 18.000000 C[purple]
-41.593114 -4.206147 26.079604 0.183918 0.923858 0.335650 -0.982942 0.172863 0.062804 -0.000000 -0.341475 0.939891 B 2.000000 4.000000 18.000000 C[purple]
-41.385617 -10.486370 43.058207 -0.010203 0.939842 0.341458 -0.999948 -0.009589 -0.003484 0.000000 -0.341475 0.939891 B 2.000000 4.000000 18.000000 C[purple]
-41.537312 -16.903329 60.202097 -0.226142 0.915542 0.332629 -0.974094 -0.212549 -0.077222 -0.000000 -0.341475 0.939891 B 2.000000 4.000000 18.000000 C[purple]
-41.689475 -23.244796 77.797635 -0.156909 0.928248 0.337246 -0.987613 -0.147478 -0.053581 0.000000 -0.341475 0.939891 B 2.000000 4.000000 18.000000 C[purple]
-19.822827 -30.976549 76.921151 0.999128 0.039240 0.014256 -0.041749 0.939071 0.341178 -0.000000 -0.341475 0.939891 B 2.000000 4.000000 18.000000 C[purple]
-19.708715 25.344337 -77.914690 0.996720 0.076059 0.027633 -0.080924 0.936808 0.340355 -0.000000 -0.341475 0.939891 B 2.000000 4.000000 18.000000 C[purple]
-19.681231 19.378723 -60.709638 0.999755 -0.020792 -0.007554 0.022121 0.939661 0.341392 -0.000000 -0.341475 0.939891 B 2.000000 4.000000 18.000000 C[purple]
-19.650551 13.309481 -43.628268 0.979804 0.187943 0.068282 -0.199962 0.920908 0.334579 0.000000 -0.341475 0.939891 B 2.000000 4.000000 18.000000 C[purple]
-19.684995 6.809792 -26.010182 0.966718 0.240465 0.087364 -0.255843 0.908610 0.330111 -0.000000 -0.341475 0.939891 B 2.000000 4.000000 18.000000 C[purple]
-19.531985 0.593157 -8.880740 0.999877 0.014735 0.005353 -0.015677 0.939775 0.341433 -0.000000 -0.341475 0.939891 B 2.000000 4.000000 18.000000 C[purple]
-19.707866 -5.701580 8.283474 0.994737 0.096304 0.034989 -0.102463 0.934944 0.339678 0.000000 -0.341475 0.939891 B 2.000000 4.000000 18.000000 C[purple]
-19.753770 -12.179543 25.112835 0.985621 0.158813 0.057699 -0.168970 0.926376 0.336565 0.000000 -0.341475 0.939891 B 2.000000 4.000000 18.000000 C[purple]
-19.790945 -18.285181 42.447317 0.895645 0.418035 0.151878 -0.444770 0.841808 0.305841 -0.000000 -0.341475 0.939891 B 2.000000 4.000000 18.000000 C[purple]
-19.859929 -24.612363 59.869465 0.942613 0.313818 0.114015 -0.333888 0.885953 0.321879 0.000000 -0.341475 0.939891 B 2.000000 4.000000 18.000000 C[purple]
-47.271462 10.307767 -77.395136 -0.144547 -0.930020 -0.337889 0.989498 -0.135858 -0.049359 -0.000000 -0.341475 0.939891 B 2.000000 4.000000 18.000000 C[purple]
-47.404682 4.028144 -60.227341 -0.078417 -0.936996 -0.340424 0.996921 -0.073704 -0.026778 -0.000000 -0.341475 0.939891 B 2.000000 4.000000 18.000000 C[purple]
-47.162570 -2.054014 -43.171043 0.175617 -0.925284 -0.336168 0.984459 0.165060 0.059969 0.000000 -0.341475 0.939891 B 2.000000 4.000000 18.000000 C[purple]
-47.104869 -8.269501 -25.900354 0.145949 -0.929826 -0.337819 0.989292 0.137176 0.049838 -0.000000 -0.341475 0.939891 B 2.000000 4.000000 18.000000 C[purple]
-46.849648 -14.592811 -8.669985 -0.105677 -0.934628 -0.339563 0.994401 -0.099325 -0.036086 -0.000000 -0.341475 0.939891 B 2.000000 4.000000 18.000000 C[purple]
-46.923674 -20.542293 8.411521 0.084921 -0.936496 -0.340242 0.996388 0.079817 0.028999 0.000000 -0.341475 0.939891 B 2.000000 4.000000 18.000000 C[purple]
-47.095792 -26.813239 25.684829 0.070182 -0.937573 -0.340633 0.997534 0.065964 0.023965 -0.000000 -0.341475 0.939891 B 2.000000 4.000000 18.000000 C[purple]
-47.235207 29.512694 43.279494 0.079381 -0.936925 -0.340398 0.996844 0.074609 0.027107 -0.000000 -0.341475 0.939891 B 2.000000 4.000000 18.000000 C[purple]
-47.485915 23.172559 60.254068 0.014409 -0.939793 -0.341440 0.999896 0.013543 0.004920 -0.000000 -0.341475 0.939891 B 2.000000 4.000000 18.000000 C[purple]
-47.434279 16.852537 77.567018 -0.177890 -0.924900 -0.336029 0.984050 -0.167197 -0.060745 -0.000000 -0.341475 0.939891 B 2.000000 4.000000 18.000000 C[purple]
19.021402 -24.155918 -77.376613 0.787061 0.579796 0.210648 -0.616876 0.739751 0.268762 0.000000 -0.341475 0.939891 B 2.000000 4.000000 18.000000 C[purple]
19.239555 -30.121673 -60.175838 0.868421 0.466024 0.169313 -0.495828 0.816221 0.296544 -0.000000 -0.341475 0.939891 B 2.000000 4.000000 18.000000 C[purple]
19.263691 25.811276 -42.730413 0.959330 0.265320 0.096395 -0.282289 0.901665 0.327587 -0.000000 -0.341475 0.939891 B 2.000000 4.000000 18.000000 C[purple]
19.066905 19.555863 -25.720287 0.988810 0.140211 0.050941 -0.149178 0.929374 0.337654 -0.000000 -0.341475 0.939891 B 2.000000 4.000000 18.000000 C[purple]
19.239759 13.284149 -8.613199 0.954198 0.281193 0.102161 -0.299176 0.896842 0.325835 0.000000 -0.341475 0.939891 B 2.000000 4.000000 18.000000 C[purple]
19.290227 7.297676 8.681810 0.930750 0.343676 0.124862 -0.365655 0.874804 0.317828 -0.000000 -0.341475 0.939891 B 2.000000 4.000000 18.000000 C[purple]
19.323744 0.689754 25.806867 0.855187 0.487163 0.176993 -0.518319 0.803783 0.292025 0.000000 -0.341475 0.939891 B 2.000000 4.000000 18.000000 C[purple]
19.508564 -5.607189 42.875177 0.878661 0.448747 0.163036 -0.477446 0.825846 0.300041 0.000000 -0.341475 0.939891 B 2.000000 4.000000 18.000000 C[purple]
19.511808 -11.754891 60.002681 0.854394 0.488391 0.177439 -0.519625 0.803037 0.291755 0.000000 -0.341475 0.939891 B 2.000000 4.000000 18.000000 C[purple]
19.212569 -18.144913 77.412943 0.915083 0.379025 0.137705 -0.403264 0.860078 0.312478 0.000000 -0.341475 0.939891 B 2.000000 4.000000 18.000000 C[purple]
8.288368 5.600603 77.929468 0.949868 -0.293859 -0.106763 0.312652 0.892772 0.324356 0.000000 -0.341475 0.939891 B 2.000000 4.000000 18.000000 C[purple]
8.473316 -0.809491 -77.010889 0.902564 -0.404675 -0.147024 0.430555 0.848312 0.308203 -0.000000 -0.341475 0.939891 B 2.000000 4.000000 18.000000 C[purple]
8.446218 -7.022170 -59.769306 0.892544 -0.423854 -0.153992 0.450960 0.838894 0.304782 0.000000 -0.341475 0.939891 B 2.000000 4.000000 18.000000 C[purple]
8.400062 -13.334952 -42.840076 0.975595 -0.206381 -0.074981 0.219580 0.916952 0.333142 -0.000000 -0.341475 0.939891 B 2.000000 4.000000 18.000000 C[purple]
8.376114 -19.675427 -25.220898 0.906459 -0.396911 -0.144203 0.422294 0.851972 0.309533 -0.000000 -0.341475 0.939891 B 2.000000 4.000000 18.000000 C[purple]
8.498253 -26.305152 -7.986646 0.863179 -0.474548 -0.172410 0.504897 0.811294 0.294755 0.000000 -0.341475 0.939891 B 2.000000 4.000000 18.000000 C[purple]
8.412510 29.865609 9.205038 0.936349 -0.329967 -0.119882 0.351070 0.880066 0.319740 -0.000000 -0.341475 0.939891 B 2.000000 4.000000 18.000000 C[purple]
8.096627 23.580017 26.092215 0.946397 -0.303590 -0.110298 0.323005 0.889510 0.323171 0.000000 -0.341475 0.939891 B 2.000000 4.000000 18.000000 C[purple]
8.163344 17.554919 43.561269 0.998028 -0.058991 -0.021432 0.062763 0.938038 0.340802 0.000000 -0.341475 0.939891 B 2.000000 4.000000 18.000000 C[purple]
8.417450 11.577084 60.931604 0.981324 -0.180799 -0.065687 0.192361 0.922337 0.335098 0.000000 -0.341475 0.939891 B 2.000000 4.000000 18.000000 C[purple]
17.795477 14.379457 -77.318925 0.426946 0.849922 0.308788 -0.904277 0.401282 0.145791 0.000000 -0.341475 0.939891 B 2.000000 4.000000 18.000000 C[purple]
17.862303 8.165703 -60.300956 0.212373 0.918451 0.333686 -0.977189 0.199607 0.072520 0.000000 -0.341475 0.939891 B 2.000000 4.000000 18.000000 C[purple]
17.644180 1.896421 -42.751056 0.294154 0.898308 0.326368 -0.955758 0.276472 0.100446 0.000000 -0.341475 0.939891 B 2.000000 4.000000 18.000000 C[purple]
17.906726 -4.512799 -25.276210 0.070905 0.937525 0.340616 -0.997483 0.066643 0.024212 -0.000000 -0.341475 0.939891 B 2.000000 4.000000 18.000000 C[purple]
18.019711 -10.627293 -8.228101 0.022564 0.939651 0.341388 -0.999745 0.021207 0.007705 -0.000000 -0.341475 0.939891 B 2.000000 4.000000 18.000000 C[purple]
17.718600 -16.982195 8.853407 0.176522 0.925131 0.336113 -0.984297 0.165912 0.060278 -0.000000 -0.341475 0.939891 B 2.000000 4.000000 18.000000 C[purple]
17.772939 -23.224516 26.144597 0.010029 0.939843 0.341458 -0.999950 0.009426 0.003425 0.000000 -0.341475 0.939891 B 2.000000 4.000000 18.000000 C[purple]
17.975276 -29.801866 43.140066 0.056477 0.938391 0.340930 -0.998404 0.053082 0.019286 -0.000000 -0.341475 0.939891 B 2.000000 4.000000 18.000000 C[purple]
17.733889 26.682114 60.501864 0.006696 0.939870 0.341468 -0.999978 0.006294 0.002287 0.000000 -0.341475 0.939891 B 2.000000 4.000000 18.000000 C[purple]
17.913209 20.304956 77.609787 0.271983 0.904459 0.328602 -0.962302 0.255634 0.092876 -0.000000 -0.341475 0.939891 B 2.000000 4.000000 18.000000 C[purple]
34.787876 24.725573 77.506606 0.997138 0.071063 0.025818 -0.075608 0.937200 0.340498 0.000000 -0.341475 0.939891 B 2.000000 4.000000 18.000000 C[purple]
35.152553 18.601614 -77.509152 0.995392 0.090121 0.032742 -0.095885 0.935560 0.339902 0.000000 -0.341475 0.939891 B 2.000000 4.000000 18.000000 C[purple]
35.344029 12.341822 -60.241658 0.997646 0.064459 0.023419 -0.068581 0.937678 0.340671 -0.000000 -0.341475 0.939891 B 2.000000 4.000000 18.000000 C[purple]
35.138744 6.467251 -43.146712 0.999953 0.009142 0.003322 -0.009727 0.939846 0.341459 -0.000000 -0.341475 0.939891 B 2.000000 4.000000 18.000000 C[purple]
35.197475 -0.129717 -25.895144 0.999810 0.018321 0.006656 -0.019492 0.939712 0.341411 0.000000 -0.341475 0.939891 B 2.000000 4.000000 18.000000 C[purple]
35.462417 -6.383019 -8.459733 0.988983 0.139132 0.050549 -0.148030 0.929536 0.337713 -0.000000 -0.341475 0.939891 B 2.000000 4.000000 18.000000 C[purple]
35.109046 -12.853088 8.930199 0.987275 0.149462 0.054302 -0.159021 0.927931 0.337130 0.000000 -0.341475 0.939891 B 2.000000 4.000000 18.000000 C[purple]
35.185512 -19.424551 26.135872 0.886209 0.435438 0.158201 -0.463286 0.832939 0.302618 0.000000 -0.341475 0.939891 B 2.000000 4.000000 18.000000 C[purple]
34.854374 -25.573895 43.389522 0.789536 0.576815 0.209565 -0.613705 0.742077 0.269607 0.000000 -0.341475 0.939891 B 2.000000 4.000000 18.000000 C[purple]
34.733297 30.811907 60.462949 0.939983 0.320710 0.116518 -0.341221 0.883482 0.320981 0.000000 -0.341475 0.939891 B 2.000000 4.000000 18.000000 C[purple]
-36.974130 15.310264 -77.412173 0.972612 0.218463 0.079371 -0.232434 0.914149 0.332123 0.000000 -0.341475 0.939891 B 2.000000 4.000000 18.000000 C[purple]
-36.915667 8.994989 -60.412583 0.987259 -0.149555 -0.054335 0.159120 0.927916 0.337125 -0.000000 -0.341475 0.939891 B 2.000000 4.000000 18.000000 C[purple]
-37.124192 2.925863 -43.244710 0.937787 -0.326340 -0.118564 0.347211 0.881417 0.320231 0.000000 -0.341475 0.939891 B 2.000000 4.000000 18.000000 C[purple]
-37.112435 -3.668144 -26.195519 0.949476 -0.294976 -0.107169 0.313841 0.892403 0.324223 -0.000000 -0.341475 0.939891 B 2.000000 4.000000 18.000000 C[purple]
-37.468661 -9.821716 -8.935219 0.969049 -0.232031 -0.084300 0.246870 0.910800 0.330906 0.000000 -0.341475 0.939891 B 2.000000 4.000000 18.000000 C[purple]
-37.236765 -15.829478 8.384380 0.934711 -0.334046 -0.121364 0.355409 0.878526 0.319181 0.000000 -0.341475 0.939891 B 2.000000 4.000000 18.000000 C[purple]
-37.328631 -22.366271 25.502942 0.999510 -0.029429 -0.010692 0.031311 0.939430 0.341308 -0.000000 -0.341475 0.939891 B 2.000000 4.000000 18.000000 C[purple]
-37.283093 -28.726326 42.898816 0.974965 -0.208993 -0.075930 0.222359 0.916360 0.332927 -0.000000 -0.341475 0.939891 B 2.000000 4.000000 18.000000 C[purple]
-37.367151 27.751875 60.267409 0.997532 -0.065988 -0.023974 0.070208 0.937571 0.340633 0.000000 -0.341475 0.939891 B 2.000000 4.000000 18.000000 C[purple]
-37.230049 21.591487 77.554424 0.999585 0.027061 0.009831 -0.028791 0.939501 0.341334 0.000000 -0.341475 0.939891 B 2.000000 4.000000 18.000000 C[purple]
-31.821991 15.304878 -77.601867 0.149765 0.929290 0.337624 -0.988722 0.140762 0.051141 0.000000 -0.341475 0.939891 B 2.000000 4.000000 18.000000 C[purple]
-31.666222 9.381916 -60.322238 0.085255 0.936469 0.340232 -0.996359 0.080130 0.029112 0.000000 -0.341475 0.939891 B 2.000000 4.000000 18.000000 C[purple]
-31.763421 3.015735 -43.196148 -0.038489 0.939194 0.341222 -0.999259 -0.036175 -0.013143 0.000000 -0.341475 0.939891 B 2.000000 4.000000 18.000000 C[purple]
-32.113601 -3.264029 -25.953114 0.220186 0.916824 0.333095 -0.975458 0.206951 0.075188 0.000000 -0.341475 0.939891 B 2.000000 4.000000 18.000000 C[purple]
-31.876804 -9.314709 -8.797016 0.063751 0.937979 0.340781 -0.997966 0.059919 0.021769 0.000000 -0.341475 0.939891 B 2.000000 4.000000 18.000000 C[purple]
-31.811160 -15.841006 8.404378 -0.157457 0.928166 0.337216 -0.987526 -0.147992 -0.053768 0.000000 -0.341475 0.939891 B 2.000000 4.000000 18.000000 C[purple]
-32.047767 -21.941348 25.935592 -0.109509 0.934238 0.339422 -0.993986 -0.102927 -0.037395 0.000000 -0.341475 0.939891 B 2.000000 4.000000 18.000000 C[purple]
-32.072659 -28.340703 42.865486 -0.330107 0.887204 0.322333 -0.943943 -0.310265 -0.112724 0.000000 -0.341475 0.939891 B 2.000000 4.000000 18.000000 C[purple]
-31.996403 28.057355 59.808250 -0.008954 0.939853 0.341462 -0.999960 -0.008416 -0.003057 -0.000000 -0.341475 0.939891 B 2.000000 4.000000 18.000000 C[purple]
-32.145750 21.516530 77.143248 -0.061634 0.938104 0.340826 -0.998099 -0.057929 -0.021046 0.000000 -0.341475 0.939891 B 2.000000 4.000000 18.000000 C[purple]
45.891897 -11.977531 -77.742433 0.034652 -0.939326 -0.341270 0.999399 0.032569 0.011833 0.000000 -0.341475 0.939891 B 2.000000 4.000000 18.000000 C[purple]
45.780273 -18.232908 -60.614867 0.277063 -0.903096 -0.328107 0.960852 0.260409 0.094610 -0.000000 -0.341475 0.939891 B 2.000000 4.000000 18.000000 C[purple]
45.916373 -24.290083 -43.152465 0.404557 -0.859542 -0.312284 0.914513 0.380239 0.138146 0.000000 -0.341475 0.939891 B 2.000000 4.000000 18.000000 C[purple]
46.346937 -30.377622 -25.868803 0.310806 -0.893341 -0.324563 0.950473 0.292123 0.106132 0.000000 -0.341475 0.939891 B 2.000000 4.000000 18.000000 C[purple]
46.430648 26.071533 -8.907403 0.199608 -0.920976 -0.334603 0.979876 0.187610 0.068161 -0.000000 -0.341475 0.939891 B 2.000000 4.000000 18.000000 C[purple]
46.160088 19.848890 8.280052 0.094831 -0.935655 -0.339937 0.995493 0.089130 0.032382 -0.000000 -0.341475 0.939891 B 2.000000 4.000000 18.000000 C[purple]
46.163887 13.238727 25.746209 0.023228 -0.939637 -0.341383 0.999730 0.021831 0.007932 -0.000000 -0.341475 0.939891 B 2.000000 4.000000 18.000000 C[purple]
46.004447 6.796352 42.570033 0.045888 -0.938901 -0.341116 0.998947 0.043130 0.015670 0.000000 -0.341475 0.939891 B 2.000000 4.000000 18.000000 C[purple]
45.926304 0.518335 59.848355 0.312868 -0.892705 -0.324332 0.949797 0.294062 0.106837 -0.000000 -0.341475 0.939891 B 2.000000 4.000000 18.000000 C[purple]
45.958926 -5.791019 77.281182 0.143596 -0.930150 -0.337936 0.989636 0.134965 0.049035 0.000000 -0.341475 0.939891 B 2.000000 4.000000 18.000000 C[purple]
-43.453493 18.595225 -77.112041 0.857157 0.484095 0.175879 -0.515055 0.805634 0.292698 -0.000000 -0.341475 0.939891 B 2.000000 4.000000 18.000000 C[purple]
-43.526527 12.073722 -60.135598 0.880754 0.445108 0.161714 -0.473574 0.827813 0.300756 0.000000 -0.341475 0.939891 B 2.000000 4.000000 18.000000 C[purple]
-43.370513 5.971675 -42.868288 0.938279 0.325089 0.118109 -0.345879 0.881880 0.320399 0.000000 -0.341475 0.939891 B 2.000000 4.000000 18.000000 C[purple]
-43.234848 -0.300099 -25.493067 0.787911 0.578774 0.210277 -0.615789 0.740550 0.269052 0.000000 -0.341475 0.939891 B 2.000000 4.000000 18.000000 C[purple]
-43.025115 -6.758838 -8.188253 0.795854 0.569093 0.206759 -0.605488 0.748016 0.271765 0.000000 -0.341475 0.939891 B 2.000000 4.000000 18.000000 C[purple]
-42.873153 -12.961465 9.045827 0.787840 0.578860 0.210308 -0.615880 0.740483 0.269028 0.000000 -0.341475 0.939891 B 2.000000 4.000000 18.000000 C[purple]
-43.245810 -19.053989 26.007872 0.799946 0.564002 0.204910 -0.600072 0.751862 0.273162 -0.000000 -0.341475 0.939891 B 2.000000 4.000000 18.000000 C[purple]
-43.217932 -25.358464 43.172729 0.646356 0.717171 0.260558 -0.763036 0.607504 0.220715 0.000000 -0.341475 0.939891 B 2.000000 4.000000 18.000000 C[purple]
-43.310337 31.045363 60.356673 0.874582 0.455732 0.165574 -0.484877 0.822012 0.298648 -0.000000 -0.341475 0.939891 B 2.000000 4.000000 18.000000 C[purple]
-43.277312 24.494553 77.854766 0.836436 0.515120 0.187150 -0.548064 0.786159 0.285622 0.000000 -0.341475 0.939891 B 2.000000 4.000000 18.000000 C[purple]
-12.594893 -4.582437 77.053029 0.999180 -0.038051 -0.013825 0.040485 0.939120 0.341195 0.000000 -0.341475 0.939891 B 2.000000 4.000000 18.000000 C[purple]
-12.544896 -11.012115 -77.374616 0.996796 0.075178 0.027313 -0.079986 0.936879 0.340381 -0.000000 -0.341475 0.939891 B 2.000000 4.000000 18.000000 C[purple]
-12.335460 -17.290577 -60.348712 0.999366 -0.033463 -0.012157 0.035603 0.939295 0.341259 0.000000 -0.341475 0.939891 B 2.000000 4.000000 18.000000 C[purple]
-12.673918 -23.687013 -43.050741 1.000000 -0.000112 -0.000041 0.000119 0.939891 0.341475 0.000000 -0.341475 0.939891 B 2.000000 4.000000 18.000000 C[purple]
-12.410387 -29.868750 -26.016721 0.979757 0.188159 0.068361 -0.200192 0.920864 0.334563 -0.000000 -0.341475 0.939891 B 2.000000 4.000000 18.000000 C[purple]
-12.354848 26.525042 -8.674190 0.993245 0.109060 0.039623 -0.116034 0.933542 0.339169 0.000000 -0.341475 0.939891 B 2.000000 4.000000 18.000000 C[purple]
-12.126642 20.441689 8.399798 0.999933 -0.010859 -0.003945 0.011554 0.939828 0.341453 0.000000 -0.341475 0.939891 B 2.000000 4.000000 18.000000 C[purple]
-12.279687 14.310288 25.373921 0.999997 -0.002163 -0.000786 0.002302 0.939888 0.341475 -0.000000 -0.341475 0.939891 B 2.000000 4.000000 18.000000 C[purple]
-12.222079 8.032300 42.522964 0.938332 -0.324953 -0.118060 0.345735 0.881930 0.320417 0.000000 -0.341475 0.939891 B 2.000000 4.000000 18.000000 C[purple]
-12.453161 1.735697 59.649068 0.944655 -0.308344 -0.112026 0.328064 0.887873 0.322577 0.000000 -0.341475 0.939891 B 2.000000 4.000000 18.000000 C[purple]
-5.619434 -24.288290 -77.551502 0.995284 -0.091169 -0.033123 0.097000 0.935459 0.339865 0.000000 -0.341475 0.939891 B 2.000000 4.000000 18.000000 C[purple]
-5.561973 -30.720504 -60.669597 0.965470 -0.244855 -0.088959 0.260514 0.907436 0.329684 0.000000 -0.341475 0.939891 B 2.000000 4.000000 18.000000 C[purple]
-5.445567 25.546688 -43.485906 0.999193 -0.037754 -0.013717 0.040169 0.939132 0.341200 0.000000 -0.341475 0.939891 B 2.000000 4.000000 18.000000 C[purple]
-5.445476 19.245406 -26.210506 0.925441 0.356116 0.129382 -0.378891 0.869814 0.316015 -0.000000 -0.341475 0.939891 B 2.000000 4.000000 18.000000 C[purple]
-5.280159 13.140802 -9.084800 0.990199 0.131269 0.047692 -0.139664 0.930679 0.338129 0.000000 -0.341475 0.939891 B 2.000000 4.000000 18.000000 C[purple]
-5.331584 6.929054 8.277394 0.990987 0.125905 0.045743 -0.133957 0.931420 0.338398 0.000000 -0.341475 0.939891 B 2.000000 4.000000 18.000000 C[purple]
-5.260828 0.435594 25.184678 0.996169 -0.082195 -0.029863 0.087452 0.936290 0.340167 0.000000 -0.341475 0.939891 B 2.000000 4.000000 18.000000 C[purple]
-5.290451 -5.663704 42.426794 0.974430 -0.211184 -0.076726 0.224690 0.915858 0.332744 -0.000000 -0.341475 0.939891 B 2.000000 4.000000 18.000000 C[purple]
-5.236721 -11.723755 60.045385 0.997166 -0.070709 -0.025690 0.075231 0.937227 0.340508 0.000000 -0.341475 0.939891 B 2.000000 4.000000 18.000000 C[purple]
-5.440887 -17.974130 77.129737 0.995330 0.090731 0.032964 -0.096533 0.935501 0.339881 0.000000 -0.341475 0.939891 B 2.000000 4.000000 18.000000 C[purple]
10.522408 31.093945 -76.857126 0.568690 -0.773109 -0.280881 0.822552 0.534507 0.194194 0.000000 -0.341475 0.939891 B 2.000000 4.000000 18.000000 C[purple]
10.541320 25.078697 -59.417182 0.727190 -0.645175 -0.234401 0.686436 0.683479 0.248318 0.000000 -0.341475 0.939891 B 2.000000 4.000000 18.000000 C[purple]
10.554281 18.823603 -42.182218 0.918803 -0.370991 -0.134786 0.394717 0.863574 0.313749 0.000000 -0.341475 0.939891 B 2.000000 4.000000 18.000000 C[purple]
10.583950 12.910244 -25.170440 0.936013 -0.330809 -0.120188 0.351966 0.879750 0.319625 -0.000000 -0.341475 0.939891 B 2.000000 4.000000 18.000000 C[purple]
10.773304 6.463992 -7.935734 0.846437 -0.500481 -0.181832 0.532488 0.795559 0.289038 0.000000 -0.341475 0.939891 B 2.000000 4.000000 18.000000 C[purple]
10.973301 -0.102634 9.129865 0.806242 -0.556027 -0.202012 0.591586 0.757779 0.275312 0.000000 -0.341475 0.939891 B 2.000000 4.000000 18.000000 C[purple]
10.747384 -6.397002 26.232010 0.738955 -0.633256 -0.230071 0.673755 0.694537 0.252335 0.000000 -0.341475 0.939891 B 2.000000 4.000000 18.000000 C[purple]
10.511894 -12.871410 43.307101 0.613671 -0.742102 -0.269616 0.789562 0.576783 0.209553 -0.000000 -0.341475 0.939891 B 2.000000 4.000000 18.000000 C[purple]
10.280752 -18.766062 60.614307 0.605632 -0.747913 -0.271727 0.795745 0.569228 0.206809 0.000000 -0.341475 0.939891 B 2.000000 4.000000 18.000000 C[purple]
10.421650 -25.068847 77.627472 0.697061 -0.673913 -0.244842 0.717012 0.655161 0.238029 0.000000 -0.341475 0.939891 B 2.000000 4.000000 18.000000 C[purple]
-36.890513 -3.445489 77.324679 0.697321 0.673675 0.244756 -0.716759 0.655405 0.238118 0.000000 -0.341475 0.939891 B 2.000000 4.000000 18.000000 C[purple]
-36.852250 -9.741703 -77.301059 0.708017 0.663746 0.241148 -0.706195 0.665459 0.241770 0.000000 -0.341475 0.939891 B 2.000000 4.000000 18.000000 C[purple]
-36.992235 -15.882022 -60.196909 0.911080 0.387451 0.140766 -0.412230 0.856316 0.311111 0.000000 -0.341475 0.939891 B 2.000000 4.000000 18.000000 C[purple]
-36.819701 -22.190852 -43.268260 0.964504 0.248196 0.090173 -0.264069 0.906528 0.329354 0.000000 -0.341475 0.939891 B 2.000000 4.000000 18.000000 C[purple]
-36.677600 -28.471442 -26.096104 0.923418 0.360725 0.131056 -0.383795 0.867912 0.315325 0.000000 -0.341475 0.939891 B 2.000000 4.000000 18.000000 C[purple]
-36.567700 28.047835 -8.822852 0.851539 0.492777 0.179033 -0.524292 0.800353 0.290780 0.000000 -0.341475 0.939891 B 2.000000 4.000000 18.000000 C[purple]
-36.708789 21.816007 8.670362 0.840620 0.509069 0.184952 -0.541625 0.790091 0.287051 -0.000000 -0.341475 0.939891 B 2.000000 4.000000 18.000000 C[purple]
-36.850904 15.516188 25.823751 0.847565 0.498792 0.181218 -0.530692 0.796618 0.289423 -0.000000 -0.341475 0.939891 B 2.000000 4.000000 18.000000 C[purple]
