17.100428 13.277008 -77.050183 -0.619256 0.737992 0.268123 -0.785189 -0.582033 -0.211461 -0.000000 -0.341475 0.939891 B 2.000000 4.000000 18.000000 C[purple]
17.469942 7.192581 -59.916717 -0.624484 0.734090 0.266705 -0.781038 -0.586947 -0.213246 -0.000000 -0.341475 0.939891 B 2.000000 4.000000 18.000000 C[purple]
17.181376 0.960987 -42.783754 -0.691480 0.678973 0.246680 -0.722395 -0.649916 -0.236124 0.000000 -0.341475 0.939891 B 2.000000 4.000000 18.000000 C[purple]
17.403043 -5.214810 -25.515188 -0.606648 0.747185 0.271463 -0.794971 -0.570183 -0.207155 0.000000 -0.341475 0.939891 B 2.000000 4.000000 18.000000 C[purple]
17.497619 -11.500035 -8.530347 -0.703257 0.668202 0.242767 -0.710935 -0.660985 -0.240145 -0.000000 -0.341475 0.939891 B 2.000000 4.000000 18.000000 C[purple]
17.400248 -17.815101 8.693132 -0.466758 0.831225 0.301996 -0.884385 -0.438701 -0.159386 -0.000000 -0.341475 0.939891 B 2.000000 4.000000 18.000000 C[purple]
17.442162 -23.922127 25.838708 -0.421291 0.852411 0.309693 -0.906926 -0.395967 -0.143860 0.000000 -0.341475 0.939891 B 2.000000 4.000000 18.000000 C[purple]
17.416897 -30.381768 43.056805 -0.445946 0.841258 0.305641 -0.895060 -0.419140 -0.152280 0.000000 -0.341475 0.939891 B 2.000000 4.000000 18.000000 C[purple]
17.362186 25.713366 60.570511 -0.537864 0.792357 0.287874 -0.843031 -0.505534 -0.183667 -0.000000 -0.341475 0.939891 B 2.000000 4.000000 18.000000 C[purple]
17.331039 19.403769 77.901100 -0.760742 0.610040 0.221636 -0.649055 -0.715014 -0.259775 -0.000000 -0.341475 0.939891 B 2.000000 4.000000 18.000000 C[purple]
-25.084748 -23.537214 -77.471733 -0.754787 0.616540 0.223998 -0.655970 -0.709417 -0.257741 0.000000 -0.341475 0.939891 B 2.000000 4.000000 18.000000 C[purple]
-24.802985 -29.802463 -60.449468 -0.810391 0.550673 0.200067 -0.585890 -0.761679 -0.276728 0.000000 -0.341475 0.939891 B 2.000000 4.000000 18.000000 C[purple]
-25.136866 26.327417 -43.200100 -0.811124 0.549718 0.199720 -0.584875 -0.762368 -0.276979 0.000000 -0.341475 0.939891 B 2.000000 4.000000 18.000000 C[purple]
-25.119572 19.903364 -26.081008 -0.879543 0.447218 0.162481 -0.475820 -0.826674 -0.300342 0.000000 -0.341475 0.939891 B 2.000000 4.000000 18.000000 C[purple]
-24.846446 13.908399 -8.773295 -0.731310 0.641048 0.232902 -0.682045 -0.687352 -0.249724 -0.000000 -0.341475 0.939891 B 2.000000 4.000000 18.000000 C[purple]
-24.927998 7.661617 8.212092 -0.932683 0.339017 0.123170 -0.360698 -0.876620 -0.318488 -0.000000 -0.341475 0.939891 B 2.000000 4.000000 18.000000 C[purple]
-24.785904 1.419779 25.530672 -0.796292 0.568551 0.206563 -0.604912 -0.748428 -0.271914 -0.000000 -0.341475 0.939891 B 2.000000 4.000000 18.000000 C[purple]
-24.636236 -5.133148 43.014784 -0.844857 0.502834 0.182687 -0.534992 -0.794073 -0.288498 0.000000 -0.341475 0.939891 B 2.000000 4.000000 18.000000 C[purple]
-24.710346 -11.467869 60.416065 -0.815163 0.544415 0.197794 -0.579232 -0.766164 -0.278358 -0.000000 -0.341475 0.939891 B 2.000000 4.000000 18.000000 C[purple]
-25.070384 -17.536016 77.432555 -0.810089 0.551065 0.200210 -0.586307 -0.761395 -0.276625 0.000000 -0.341475 0.939891 B 2.000000 4.000000 18.000000 C[purple]
31.132304 28.174105 -77.609309 0.813085 -0.547153 -0.198788 0.582145 0.764211 0.277648 0.000000 -0.341475 0.939891 B 2.000000 4.000000 18.000000 C[purple]
31.235643 21.733272 -60.382758 0.707283 -0.664438 -0.241399 0.706931 0.664768 0.241520 -0.000000 -0.341475 0.939891 B 2.000000 4.000000 18.000000 C[purple]
31.386309 15.477816 -43.036381 0.540100 -0.791013 -0.287386 0.841601 0.507635 0.184431 0.000000 -0.341475 0.939891 B 2.000000 4.000000 18.000000 C[purple]
31.306613 9.030037 -25.897812 0.685620 -0.684202 -0.248580 0.727959 0.644408 0.234123 0.000000 -0.341475 0.939891 B 2.000000 4.000000 18.000000 C[purple]
31.280323 2.721408 -8.893567 0.673137 -0.695066 -0.252527 0.739517 0.632676 0.229860 -0.000000 -0.341475 0.939891 B 2.000000 4.000000 18.000000 C[purple]
31.456433 -3.303824 8.237569 0.752984 -0.618484 -0.224704 0.658039 0.707723 0.257126 0.000000 -0.341475 0.939891 B 2.000000 4.000000 18.000000 C[purple]
31.069252 -9.579545 25.439421 0.715437 -0.656680 -0.238581 0.698677 0.672432 0.244304 -0.000000 -0.341475 0.939891 B 2.000000 4.000000 18.000000 C[purple]
31.352882 -15.721462 42.912325 0.839504 -0.510692 -0.185542 0.543353 0.789042 0.286670 0.000000 -0.341475 0.939891 B 2.000000 4.000000 18.000000 C[purple]
31.291165 -22.071924 60.077105 0.731479 -0.640878 -0.232840 0.681864 0.687510 0.249782 0.000000 -0.341475 0.939891 B 2.000000 4.000000 18.000000 C[purple]
31.470430 -28.110342 77.471653 0.806142 -0.556154 -0.202059 0.591722 0.757685 0.275278 0.000000 -0.341475 0.939891 B 2.000000 4.000000 18.000000 C[purple]
-26.310331 3.244491 77.756512 0.953293 0.283890 0.103141 -0.302046 0.895992 0.325526 -0.000000 -0.341475 0.939891 B 2.000000 4.000000 18.000000 C[purple]
-26.400538 -2.910570 -77.201762 0.914838 0.379547 0.137895 -0.403821 0.859848 0.312395 0.000000 -0.341475 0.939891 B 2.000000 4.000000 18.000000 C[purple]
-26.552164 -9.264219 -60.111960 0.919974 0.368418 0.133851 -0.391980 0.864675 0.314148 0.000000 -0.341475 0.939891 B 2.000000 4.000000 18.000000 C[purple]
-26.629401 -15.294451 -42.954371 0.754312 0.617054 0.224184 -0.656517 0.708971 0.257579 0.000000 -0.341475 0.939891 B 2.000000 4.000000 18.000000 C[purple]
-26.638368 -21.449785 -25.990109 0.728709 0.643659 0.233850 -0.684823 0.684907 0.248836 0.000000 -0.341475 0.939891 B 2.000000 4.000000 18.000000 C[purple]
-26.630955 -27.653300 -8.927967 0.756888 0.614261 0.223169 -0.653545 0.711392 0.258459 -0.000000 -0.341475 0.939891 B 2.000000 4.000000 18.000000 C[purple]
-26.348730 28.585350 8.350251 0.852954 0.490609 0.178245 -0.521985 0.801684 0.291263 0.000000 -0.341475 0.939891 B 2.000000 4.000000 18.000000 C[purple]
-26.406524 22.145566 25.695254 0.798348 0.565999 0.205635 -0.602196 0.750360 0.272616 -0.000000 -0.341475 0.939891 B 2.000000 4.000000 18.000000 C[purple]
-26.381516 15.607831 42.905031 0.946581 0.303084 0.110115 -0.322467 0.889682 0.323234 0.000000 -0.341475 0.939891 B 2.000000 4.000000 18.000000 C[purple]
-26.581581 9.192972 60.320530 0.956828 0.273183 0.099251 -0.290655 0.899314 0.326733 0.000000 -0.341475 0.939891 B 2.000000 4.000000 18.000000 C[purple]
-6.016629 -14.860488 77.241548 0.465593 -0.831803 -0.302205 0.884999 0.437606 0.158988 -0.000000 -0.341475 0.939891 B 2.000000 4.000000 18.000000 C[purple]
-6.011914 -21.099850 -77.177510 0.433809 -0.846846 -0.307671 0.901005 0.407733 0.148135 -0.000000 -0.341475 0.939891 B 2.000000 4.000000 18.000000 C[purple]
-5.899095 -27.452576 -60.065360 0.587015 -0.760913 -0.276450 0.809576 0.551730 0.200451 0.000000 -0.341475 0.939891 B 2.000000 4.000000 18.000000 C[purple]
-6.201448 28.634374 -43.185567 0.651961 -0.712674 -0.258924 0.758252 0.612773 0.222629 -0.000000 -0.341475 0.939891 B 2.000000 4.000000 18.000000 C[purple]
-6.397703 22.539859 -25.841003 0.654790 -0.710379 -0.258091 0.755810 0.615431 0.223595 0.000000 -0.341475 0.939891 B 2.000000 4.000000 18.000000 C[purple]
-6.449458 16.426571 -8.780137 0.431630 -0.847829 -0.308028 0.902051 0.405685 0.147391 0.000000 -0.341475 0.939891 B 2.000000 4.000000 18.000000 C[purple]
-6.307751 10.205539 8.483427 0.369061 -0.873539 -0.317369 0.929405 0.346877 0.126025 0.000000 -0.341475 0.939891 B 2.000000 4.000000 18.000000 C[purple]
-6.083120 4.277152 25.716500 0.449334 -0.839665 -0.305062 0.893364 0.422325 0.153436 -0.000000 -0.341475 0.939891 B 2.000000 4.000000 18.000000 C[purple]
-6.056665 -2.324624 42.619512 0.413773 -0.855658 -0.310872 0.910380 0.388901 0.141293 0.000000 -0.341475 0.939891 B 2.000000 4.000000 18.000000 C[purple]
-6.016314 -8.606450 59.899815 0.453758 -0.837560 -0.304297 0.891125 0.426483 0.154947 -0.000000 -0.341475 0.939891 B 2.000000 4.000000 18.000000 C[purple]
47.859824 13.242620 77.344558 0.092828 -0.935832 -0.340001 0.995682 0.087248 0.031698 -0.000000 -0.341475 0.939891 B 2.000000 4.000000 18.000000 C[purple]
47.798817 6.895942 -77.581230 -0.026911 -0.939550 -0.341352 0.999638 -0.025294 -0.009190 0.000000 -0.341475 0.939891 B 2.000000 4.000000 18.000000 C[purple]
47.782513 0.692954 -60.463838 0.291055 -0.899199 -0.326692 0.956706 0.273560 0.099388 -0.000000 -0.341475 0.939891 B 2.000000 4.000000 18.000000 C[purple]
47.479654 -5.362873 -43.131726 0.226359 -0.915495 -0.332612 0.974044 0.212753 0.077296 -0.000000 -0.341475 0.939891 B 2.000000 4.000000 18.000000 C[purple]
47.183049 -11.793502 -25.811487 0.234941 -0.913583 -0.331917 0.972010 0.220819 0.080227 0.000000 -0.341475 0.939891 B 2.000000 4.000000 18.000000 C[purple]
46.937327 -17.859219 -8.859259 0.036676 -0.939258 -0.341246 0.999327 0.034472 0.012524 0.000000 -0.341475 0.939891 B 2.000000 4.000000 18.000000 C[purple]
47.253539 -24.180107 8.101853 0.181548 -0.924272 -0.335801 0.983382 0.170635 0.061994 0.000000 -0.341475 0.939891 B 2.000000 4.000000 18.000000 C[purple]
47.319825 -30.464986 25.662122 0.101126 -0.935072 -0.339725 0.994874 0.095047 0.034532 0.000000 -0.341475 0.939891 B 2.000000 4.000000 18.000000 C[purple]
47.659059 25.761537 43.169006 0.110076 -0.934179 -0.339400 0.993923 0.103459 0.037588 -0.000000 -0.341475 0.939891 B 2.000000 4.000000 18.000000 C[purple]
47.886591 19.289683 60.297729 0.092212 -0.935886 -0.340021 0.995739 0.086669 0.031488 -0.000000 -0.341475 0.939891 B 2.000000 4.000000 18.000000 C[purple]
15.858488 -2.201478 -77.637721 0.492252 -0.818130 -0.297238 0.870453 0.462663 0.168092 0.000000 -0.341475 0.939891 B 2.000000 4.000000 18.000000 C[purple]
15.417080 -8.663109 -60.427153 0.466424 -0.831391 -0.302056 0.884561 0.438388 0.159272 -0.000000 -0.341475 0.939891 B 2.000000 4.000000 18.000000 C[purple]
15.520590 -15.024374 -42.910023 0.405029 -0.859346 -0.312212 0.914304 0.380683 0.138307 0.000000 -0.341475 0.939891 B 2.000000 4.000000 18.000000 C[purple]
15.424038 -21.076858 -25.713334 0.630008 -0.729908 -0.265186 0.776589 0.592139 0.215132 -0.000000 -0.341475 0.939891 B 2.000000 4.000000 18.000000 C[purple]
15.853646 -27.188115 -8.431573 0.654175 -0.710880 -0.258272 0.756343 0.614853 0.223385 0.000000 -0.341475 0.939891 B 2.000000 4.000000 18.000000 C[purple]
15.913354 28.978693 8.517435 0.591609 -0.757763 -0.275306 0.806225 0.556048 0.202020 -0.000000 -0.341475 0.939891 B 2.000000 4.000000 18.000000 C[purple]
15.911558 22.755923 25.559493 0.764661 -0.605696 -0.220058 0.644432 0.718698 0.261113 0.000000 -0.341475 0.939891 B 2.000000 4.000000 18.000000 C[purple]
16.078634 16.504502 42.815480 0.722748 -0.649570 -0.235998 0.691112 0.679304 0.246801 0.000000 -0.341475 0.939891 B 2.000000 4.000000 18.000000 C[purple]
15.832775 10.164972 60.256260 0.715597 -0.656526 -0.238525 0.698513 0.672583 0.244359 0.000000 -0.341475 0.939891 B 2.000000 4.000000 18.000000 C[purple]
15.745860 3.901339 77.175328 0.483359 -0.822801 -0.298935 0.875422 0.454304 0.165055 -0.000000 -0.341475 0.939891 B 2.000000 4.000000 18.000000 C[purple]
1.936580 -19.044799 -77.932796 0.075629 0.937199 0.340497 -0.997136 0.071083 0.025825 -0.000000 -0.341475 0.939891 B 2.000000 4.000000 18.000000 C[purple]
1.937976 -25.325649 -60.862406 0.123622 0.932681 0.338856 -0.992329 0.116191 0.042214 -0.000000 -0.341475 0.939891 B 2.000000 4.000000 18.000000 C[purple]
2.239012 31.124845 -43.547358 0.200564 0.920793 0.334537 -0.979681 0.188509 0.068488 0.000000 -0.341475 0.939891 B 2.000000 4.000000 18.000000 C[purple]
2.138965 24.666604 -26.079496 0.254830 0.908861 0.330202 -0.966986 0.239513 0.087018 0.000000 -0.341475 0.939891 B 2.000000 4.000000 18.000000 C[purple]
1.985967 18.395333 -9.016835 0.105711 0.934624 0.339562 -0.994397 0.099357 0.036098 -0.000000 -0.341475 0.939891 B 2.000000 4.000000 18.000000 C[purple]
2.101745 11.832004 8.238472 0.272670 0.904276 0.328536 -0.962108 0.256280 0.093110 -0.000000 -0.341475 0.939891 B 2.000000 4.000000 18.000000 C[purple]
1.897876 5.794946 25.519607 0.160178 0.927755 0.337066 -0.987088 0.150550 0.054697 -0.000000 -0.341475 0.939891 B 2.000000 4.000000 18.000000 C[purple]
1.808313 -0.593054 42.555319 0.404987 0.859363 0.312219 -0.914322 0.380644 0.138293 0.000000 -0.341475 0.939891 B 2.000000 4.000000 18.000000 C[purple]
1.897815 -6.685777 59.675046 0.264422 0.906437 0.329321 -0.964407 0.248527 0.090293 -0.000000 -0.341475 0.939891 B 2.000000 4.000000 18.000000 C[purple]
2.168371 -12.810356 77.067015 0.369233 0.873475 0.317346 -0.929337 0.347039 0.126084 -0.000000 -0.341475 0.939891 B 2.000000 4.000000 18.000000 C[purple]
44.590255 -6.492092 78.100085 -0.999451 0.031126 0.011309 -0.033117 -0.939375 -0.341288 0.000000 -0.341475 0.939891 B 2.000000 4.000000 18.000000 C[purple]
44.771910 -13.037657 -76.992398 -0.998271 0.055251 0.020074 -0.058785 -0.938265 -0.340885 0.000000 -0.341475 0.939891 B 2.000000 4.000000 18.000000 C[purple]
44.753470 -18.863994 -59.864457 -0.992755 -0.112934 -0.041030 0.120156 -0.933081 -0.339001 -0.000000 -0.341475 0.939891 B 2.000000 4.000000 18.000000 C[purple]
44.395097 -25.002466 -42.912323 -0.991691 -0.120907 -0.043927 0.128640 -0.932082 -0.338638 0.000000 -0.341475 0.939891 B 2.000000 4.000000 18.000000 C[purple]
44.790087 31.090785 -25.523138 -0.987665 -0.147172 -0.053470 0.156584 -0.928297 -0.337263 -0.000000 -0.341475 0.939891 B 2.000000 4.000000 18.000000 C[purple]
44.879542 24.514376 -8.452885 -0.978644 -0.193208 -0.070195 0.205564 -0.919818 -0.334183 -0.000000 -0.341475 0.939891 B 2.000000 4.000000 18.000000 C[purple]
44.892388 18.421196 9.107587 -0.999807 0.018450 0.006703 -0.019630 -0.939710 -0.341410 0.000000 -0.341475 0.939891 B 2.000000 4.000000 18.000000 C[purple]
44.737793 12.198565 26.084514 -0.999431 -0.031710 -0.011521 0.033738 -0.939356 -0.341281 0.000000 -0.341475 0.939891 B 2.000000 4.000000 18.000000 C[purple]
44.504180 5.852739 43.308013 -0.984265 -0.166079 -0.060339 0.176700 -0.925101 -0.336102 0.000000 -0.341475 0.939891 B 2.000000 4.000000 18.000000 C[purple]
44.459009 -0.320079 60.796289 -0.989852 -0.133559 -0.048524 0.142101 -0.930353 -0.338010 -0.000000 -0.341475 0.939891 B 2.000000 4.000000 18.000000 C[purple]
-10.606393 7.465689 -77.513534 -0.688032 0.682060 0.247802 -0.725680 -0.646675 -0.234946 0.000000 -0.341475 0.939891 B 2.000000 4.000000 18.000000 C[purple]
-10.625523 1.216274 -60.372193 -0.336426 0.885104 0.321571 -0.941710 -0.316204 -0.114881 0.000000 -0.341475 0.939891 B 2.000000 4.000000 18.000000 C[purple]
-10.503818 -5.094872 -43.087314 -0.511441 0.807666 0.293436 -0.859319 -0.480698 -0.174644 0.000000 -0.341475 0.939891 B 2.000000 4.000000 18.000000 C[purple]
-10.398614 -11.315013 -25.833042 -0.823293 0.533498 0.193827 -0.567617 -0.773805 -0.281134 0.000000 -0.341475 0.939891 B 2.000000 4.000000 18.000000 C[purple]
-10.569499 -17.890890 -8.685825 -0.718316 0.653898 0.237570 -0.695717 -0.675138 -0.245287 -0.000000 -0.341475 0.939891 B 2.000000 4.000000 18.000000 C[purple]
-10.443244 -24.158129 8.218264 -0.560880 0.778133 0.282707 -0.827897 -0.527166 -0.191527 -0.000000 -0.341475 0.939891 B 2.000000 4.000000 18.000000 C[purple]
-10.394998 -30.334923 25.443323 -0.755944 0.615287 0.223542 -0.654636 -0.710505 -0.258136 0.000000 -0.341475 0.939891 B 2.000000 4.000000 18.000000 C[purple]
-10.426653 25.807712 42.893531 -0.593634 0.756363 0.274797 -0.804735 -0.557951 -0.202711 -0.000000 -0.341475 0.939891 B 2.000000 4.000000 18.000000 C[purple]
-10.463834 19.911924 60.033518 -0.678097 0.690794 0.250975 -0.734973 -0.637337 -0.231553 -0.000000 -0.341475 0.939891 B 2.000000 4.000000 18.000000 C[purple]
-10.316982 13.830916 77.399192 -0.600735 0.751394 0.272992 -0.799449 -0.564625 -0.205136 0.000000 -0.341475 0.939891 B 2.000000 4.000000 18.000000 C[purple]
5.750647 -9.206811 77.214789 0.968926 0.232483 0.084464 -0.247351 0.910684 0.330864 0.000000 -0.341475 0.939891 B 2.000000 4.000000 18.000000 C[purple]
5.477514 -15.548719 -77.348449 0.984009 0.167414 0.060824 -0.178121 0.924861 0.336015 -0.000000 -0.341475 0.939891 B 2.000000 4.000000 18.000000 C[purple]
5.625151 -21.561931 -60.372736 0.999745 0.021216 0.007708 -0.022573 0.939651 0.341388 -0.000000 -0.341475 0.939891 B 2.000000 4.000000 18.000000 C[purple]
5.401349 -27.991116 -43.037756 0.983558 -0.169735 -0.061667 0.180590 0.924437 0.335861 0.000000 -0.341475 0.939891 B 2.000000 4.000000 18.000000 C[purple]
5.535839 28.140079 -26.076846 0.993377 -0.107995 -0.039236 0.114901 0.933666 0.339214 0.000000 -0.341475 0.939891 B 2.000000 4.000000 18.000000 C[purple]
5.379237 21.869501 -8.943282 0.993573 0.106385 0.038651 -0.113189 0.933850 0.339281 0.000000 -0.341475 0.939891 B 2.000000 4.000000 18.000000 C[purple]
5.509666 15.836025 8.307106 0.971705 0.221998 0.080655 -0.236196 0.913297 0.331814 -0.000000 -0.341475 0.939891 B 2.000000 4.000000 18.000000 C[purple]
5.516831 9.632270 25.343716 0.976748 0.201504 0.073209 -0.214391 0.918036 0.333535 0.000000 -0.341475 0.939891 B 2.000000 4.000000 18.000000 C[purple]
5.726569 3.614225 42.714291 0.989424 0.136335 0.049533 -0.145055 0.929950 0.337864 -0.000000 -0.341475 0.939891 B 2.000000 4.000000 18.000000 C[purple]
5.696259 -2.962210 59.853499 0.997816 -0.062090 -0.022558 0.066061 0.937838 0.340729 0.000000 -0.341475 0.939891 B 2.000000 4.000000 18.000000 C[purple]
-20.144333 -23.468967 77.459463 0.461704 -0.833715 -0.302900 0.887034 0.433951 0.157661 0.000000 -0.341475 0.939891 B 2.000000 4.000000 18.000000 C[purple]
-20.330434 -29.392112 -77.383800 0.466336 -0.831434 -0.302072 0.884607 0.438305 0.159242 -0.000000 -0.341475 0.939891 B 2.000000 4.000000 18.000000 C[purple]
-20.201788 26.701485 -60.085107 0.347729 -0.881237 -0.320166 0.937595 0.326828 0.118741 0.000000 -0.341475 0.939891 B 2.000000 4.000000 18.000000 C[purple]
-20.120149 20.754457 -43.019492 0.270797 -0.904773 -0.328717 0.962636 0.254520 0.092471 -0.000000 -0.341475 0.939891 B 2.000000 4.000000 18.000000 C[purple]
-20.331154 14.366683 -25.581696 0.430994 -0.848115 -0.308132 0.902355 0.405087 0.147174 0.000000 -0.341475 0.939891 B 2.000000 4.000000 18.000000 C[purple]
-20.221832 8.141688 -8.258859 0.572273 -0.770770 -0.280031 0.820063 0.537874 0.195417 -0.000000 -0.341475 0.939891 B 2.000000 4.000000 18.000000 C[purple]
-20.553045 1.774746 8.713894 0.485665 -0.821601 -0.298499 0.874145 0.456472 0.165843 0.000000 -0.341475 0.939891 B 2.000000 4.000000 18.000000 C[purple]
-20.400896 -4.580756 25.648931 0.592548 -0.757115 -0.275071 0.805535 0.556930 0.202340 -0.000000 -0.341475 0.939891 B 2.000000 4.000000 18.000000 C[purple]
-20.379787 -10.990888 43.101696 0.463667 -0.832752 -0.302550 0.886010 0.435796 0.158331 0.000000 -0.341475 0.939891 B 2.000000 4.000000 18.000000 C[purple]
-20.236950 -17.012597 60.175769 0.680823 -0.688421 -0.250113 0.732448 0.639899 0.232484 0.000000 -0.341475 0.939891 B 2.000000 4.000000 18.000000 C[purple]
-47.524675 27.344802 -77.810435 0.999703 -0.022918 -0.008326 0.024384 0.939611 0.341374 0.000000 -0.341475 0.939891 B 2.000000 4.000000 18.000000 C[purple]
-47.620672 21.196557 -60.678377 0.976957 0.200608 0.072884 -0.213438 0.918232 0.333607 -0.000000 -0.341475 0.939891 B 2.000000 4.000000 18.000000 C[purple]
-47.995651 15.105567 -43.521483 0.963216 0.252577 0.091765 -0.268730 0.905317 0.328914 0.000000 -0.341475 0.939891 B 2.000000 4.000000 18.000000 C[purple]
-47.790437 9.158580 -26.222766 0.988606 0.141479 0.051401 -0.150527 0.929181 0.337585 -0.000000 -0.341475 0.939891 B 2.000000 4.000000 18.000000 C[purple]
-47.958650 2.907886 -8.665434 0.988347 0.143071 0.051980 -0.152220 0.928938 0.337496 0.000000 -0.341475 0.939891 B 2.000000 4.000000 18.000000 C[purple]
-47.750513 -3.518653 8.296997 0.928570 0.348848 0.126741 -0.371158 0.872754 0.317084 0.000000 -0.341475 0.939891 B 2.000000 4.000000 18.000000 C[purple]
-47.510259 -9.987599 25.519877 0.953242 0.284042 0.103196 -0.302207 0.895944 0.325509 0.000000 -0.341475 0.939891 B 2.000000 4.000000 18.000000 C[purple]
-47.374809 -16.473899 42.740330 0.959625 0.264375 0.096051 -0.281283 0.901943 0.327688 0.000000 -0.341475 0.939891 B 2.000000 4.000000 18.000000 C[purple]
-47.389092 -22.808895 59.946317 0.993264 -0.108911 -0.039569 0.115876 0.933559 0.339175 0.000000 -0.341475 0.939891 B 2.000000 4.000000 18.000000 C[purple]
-47.517099 -29.126003 76.917525 0.992298 0.116431 0.042301 -0.123877 0.932651 0.338845 -0.000000 -0.341475 0.939891 B 2.000000 4.000000 18.000000 C[purple]
28.173035 14.073005 76.957759 0.710076 0.661801 0.240441 -0.704125 0.667394 0.242473 -0.000000 -0.341475 0.939891 B 2.000000 4.000000 18.000000 C[purple]
27.946205 8.007987 -77.745182 0.629766 0.730093 0.265253 -0.776785 0.591912 0.215050 -0.000000 -0.341475 0.939891 B 2.000000 4.000000 18.000000 C[purple]
28.156807 1.460295 -60.340208 0.605704 0.747861 0.271708 -0.795690 0.569296 0.206833 -0.000000 -0.341475 0.939891 B 2.000000 4.000000 18.000000 C[purple]
27.916157 -4.645685 -42.915523 0.357478 0.877784 0.318911 -0.933922 0.335990 0.122070 0.000000 -0.341475 0.939891 B 2.000000 4.000000 18.000000 C[purple]
27.932517 -11.211947 -25.578262 0.402784 0.860277 0.312551 -0.915295 0.378573 0.137541 0.000000 -0.341475 0.939891 B 2.000000 4.000000 18.000000 C[purple]
28.104466 -17.239118 -8.480388 0.347020 0.881484 0.320255 -0.937858 0.326161 0.118499 -0.000000 -0.341475 0.939891 B 2.000000 4.000000 18.000000 C[purple]
28.349063 -23.547794 8.512782 0.642281 0.720397 0.261730 -0.766469 0.603674 0.219323 0.000000 -0.341475 0.939891 B 2.000000 4.000000 18.000000 C[purple]
28.693631 -29.715740 25.745528 0.682097 0.687306 0.249708 -0.731262 0.641097 0.232919 -0.000000 -0.341475 0.939891 B 2.000000 4.000000 18.000000 C[purple]
28.650158 26.494109 42.972656 0.579972 0.765669 0.278178 -0.814637 0.545110 0.198046 -0.000000 -0.341475 0.939891 B 2.000000 4.000000 18.000000 C[purple]
28.443690 20.284693 59.893571 0.541215 0.790339 0.287141 -0.840884 0.508683 0.184812 0.000000 -0.341475 0.939891 B 2.000000 4.000000 18.000000 C[purple]
29.974506 11.070812 -77.295289 0.996320 -0.080558 -0.029268 0.085710 0.936432 0.340219 -0.000000 -0.341475 0.939891 B 2.000000 4.000000 18.000000 C[purple]
30.253007 4.836974 -59.904489 0.986842 -0.151966 -0.055211 0.161685 0.927524 0.336982 0.000000 -0.341475 0.939891 B 2.000000 4.000000 18.000000 C[purple]
30.376865 -1.416354 -42.841235 0.989767 0.134116 0.048726 -0.142694 0.930273 0.337981 -0.000000 -0.341475 0.939891 B 2.000000 4.000000 18.000000 C[purple]
30.234804 -7.463377 -25.474396 0.977155 0.199751 0.072572 -0.212526 0.918419 0.333675 -0.000000 -0.341475 0.939891 B 2.000000 4.000000 18.000000 C[purple]
30.227459 -13.764879 -8.368503 0.985430 0.159859 0.058079 -0.170082 0.926196 0.336500 0.000000 -0.341475 0.939891 B 2.000000 4.000000 18.000000 C[purple]
30.103841 -19.848113 9.061464 0.985595 0.158954 0.057750 -0.169120 0.926352 0.336557 0.000000 -0.341475 0.939891 B 2.000000 4.000000 18.000000 C[purple]
30.122376 -26.005847 26.212187 0.986874 0.151784 0.055145 -0.161491 0.927554 0.336993 0.000000 -0.341475 0.939891 B 2.000000 4.000000 18.000000 C[purple]
30.111141 29.779688 43.443905 0.999968 0.007480 0.002718 -0.007958 0.939861 0.341465 0.000000 -0.341475 0.939891 B 2.000000 4.000000 18.000000 C[purple]
30.184174 23.116692 60.660086 0.993619 0.106007 0.038514 -0.112787 0.933893 0.339297 0.000000 -0.341475 0.939891 B 2.000000 4.000000 18.000000 C[purple]
30.033858 17.182305 77.671379 0.959452 0.264928 0.096252 -0.281871 0.901780 0.327629 0.000000 -0.341475 0.939891 B 2.000000 4.000000 18.000000 C[purple]
-21.383541 -19.487607 77.324204 -0.271277 -0.904646 -0.328671 0.962501 -0.254971 -0.092635 0.000000 -0.341475 0.939891 B 2.000000 4.000000 18.000000 C[purple]
-21.184966 -26.071902 -77.558616 -0.188303 -0.923077 -0.335367 0.982111 -0.176984 -0.064301 -0.000000 -0.341475 0.939891 B 2.000000 4.000000 18.000000 C[purple]
-21.573881 30.294750 -60.256643 -0.290117 -0.899467 -0.326789 0.956991 -0.272678 -0.099068 0.000000 -0.341475 0.939891 B 2.000000 4.000000 18.000000 C[purple]
-21.665742 24.154387 -42.954900 -0.553248 -0.782945 -0.284455 0.833017 -0.519993 -0.188921 0.000000 -0.341475 0.939891 B 2.000000 4.000000 18.000000 C[purple]
-21.520768 18.116259 -25.688726 -0.561602 -0.777673 -0.282539 0.827407 -0.527845 -0.191773 -0.000000 -0.341475 0.939891 B 2.000000 4.000000 18.000000 C[purple]
-21.251372 12.156079 -8.651499 -0.498326 -0.814875 -0.296056 0.866989 -0.468372 -0.170166 0.000000 -0.341475 0.939891 B 2.000000 4.000000 18.000000 C[purple]
-21.036541 5.876714 8.704499 -0.616716 -0.739869 -0.268805 0.787186 -0.579646 -0.210593 0.000000 -0.341475 0.939891 B 2.000000 4.000000 18.000000 C[purple]
-21.188945 -0.513883 25.800192 -0.405503 -0.859148 -0.312140 0.914094 -0.381129 -0.138469 0.000000 -0.341475 0.939891 B 2.000000 4.000000 18.000000 C[purple]
-21.117344 -6.892463 43.166702 -0.408713 -0.857804 -0.311652 0.912663 -0.384145 -0.139565 0.000000 -0.341475 0.939891 B 2.000000 4.000000 18.000000 C[purple]
-21.302801 -13.013282 60.431447 -0.350451 -0.880284 -0.319819 0.936581 -0.329386 -0.119671 0.000000 -0.341475 0.939891 B 2.000000 4.000000 18.000000 C[purple]
-18.678196 -9.146670 77.277139 0.891613 0.425581 0.154619 -0.452798 0.838019 0.304464 0.000000 -0.341475 0.939891 B 2.000000 4.000000 18.000000 C[purple]
-18.691052 -15.140753 -77.403466 0.878424 0.449157 0.163185 -0.477882 0.825622 0.299960 0.000000 -0.341475 0.939891 B 2.000000 4.000000 18.000000 C[purple]
-18.613291 -21.569614 -60.304760 0.715950 0.656186 0.238401 -0.698151 0.672915 0.244479 0.000000 -0.341475 0.939891 B 2.000000 4.000000 18.000000 C[purple]
-18.485121 -28.051810 -43.042821 0.889699 0.429105 0.155900 -0.456548 0.836220 0.303810 0.000000 -0.341475 0.939891 B 2.000000 4.000000 18.000000 C[purple]
-18.442516 28.529490 -25.878735 0.790273 0.575923 0.209241 -0.612755 0.742770 0.269859 0.000000 -0.341475 0.939891 B 2.000000 4.000000 18.000000 C[purple]
-18.208021 22.378929 -8.576276 0.672081 0.695968 0.252855 -0.740478 0.631683 0.229499 0.000000 -0.341475 0.939891 B 2.000000 4.000000 18.000000 C[purple]
-18.288200 16.035998 8.682802 0.888485 0.431322 0.156705 -0.458906 0.835079 0.303396 0.000000 -0.341475 0.939891 B 2.000000 4.000000 18.000000 C[purple]
-18.337317 9.865873 25.980147 0.988151 0.144258 0.052411 -0.153484 0.928754 0.337429 0.000000 -0.341475 0.939891 B 2.000000 4.000000 18.000000 C[purple]
-18.516835 3.591597 43.217268 0.914326 0.380636 0.138290 -0.404979 0.859367 0.312220 0.000000 -0.341475 0.939891 B 2.000000 4.000000 18.000000 C[purple]
-18.584961 -2.690700 60.089156 0.789791 0.576507 0.209453 -0.613377 0.742317 0.269694 -0.000000 -0.341475 0.939891 B 2.000000 4.000000 18.000000 C[purple]
3.631108 26.372693 -77.506206 0.913972 -0.381387 -0.138563 0.405778 0.859033 0.312099 -0.000000 -0.341475 0.939891 B 2.000000 4.000000 18.000000 C[purple]
3.488076 19.803410 -60.566109 0.946051 -0.304542 -0.110644 0.324018 0.889184 0.323053 0.000000 -0.341475 0.939891 B 2.000000 4.000000 18.000000 C[purple]
3.716716 13.649202 -43.240512 0.958971 -0.266462 -0.096809 0.283503 0.901328 0.327465 0.000000 -0.341475 0.939891 B 2.000000 4.000000 18.000000 C[purple]
3.845758 7.735734 -25.723375 0.980752 -0.183523 -0.066676 0.195260 0.921799 0.334903 -0.000000 -0.341475 0.939891 B 2.000000 4.000000 18.000000 C[purple]
3.758522 1.553263 -8.741079 0.945688 -0.305536 -0.111005 0.325076 0.888843 0.322929 -0.000000 -0.341475 0.939891 B 2.000000 4.000000 18.000000 C[purple]
3.833075 -4.940551 8.215807 0.904653 -0.400533 -0.145519 0.426149 0.850275 0.308917 0.000000 -0.341475 0.939891 B 2.000000 4.000000 18.000000 C[purple]
3.765043 -11.116600 25.531575 0.997028 -0.072410 -0.026308 0.077041 0.937097 0.340461 0.000000 -0.341475 0.939891 B 2.000000 4.000000 18.000000 C[purple]
3.667032 -16.899899 42.726414 0.993489 -0.107077 -0.038903 0.113925 0.933771 0.339252 0.000000 -0.341475 0.939891 B 2.000000 4.000000 18.000000 C[purple]
3.786713 -23.325258 60.039834 0.982867 0.173237 0.062939 -0.184316 0.923788 0.335625 -0.000000 -0.341475 0.939891 B 2.000000 4.000000 18.000000 C[purple]
3.654997 -29.859302 77.163136 0.997179 -0.070551 -0.025632 0.075063 0.937239 0.340512 -0.000000 -0.341475 0.939891 B 2.000000 4.000000 18.000000 C[purple]
44.387143 0.641531 77.440329 0.913527 -0.382327 -0.138905 0.406778 0.858615 0.311947 -0.000000 -0.341475 0.939891 B 2.000000 4.000000 18.000000 C[purple]
44.362331 -5.477130 -77.380630 0.956261 -0.274931 -0.099886 0.292514 0.898781 0.326540 0.000000 -0.341475 0.939891 B 2.000000 4.000000 18.000000 C[purple]
44.284305 -11.661784 -60.202614 0.894264 -0.420639 -0.152824 0.447540 0.840510 0.305369 -0.000000 -0.341475 0.939891 B 2.000000 4.000000 18.000000 C[purple]
44.112852 -17.594220 -43.095806 0.859550 -0.480333 -0.174512 0.511052 0.807883 0.293515 0.000000 -0.341475 0.939891 B 2.000000 4.000000 18.000000 C[purple]
44.430424 -23.979925 -25.620879 0.889884 -0.428765 -0.155776 0.456186 0.836394 0.303874 0.000000 -0.341475 0.939891 B 2.000000 4.000000 18.000000 C[purple]
44.530807 -30.222738 -8.160430 0.984323 -0.165774 -0.060228 0.176375 0.925156 0.336122 0.000000 -0.341475 0.939891 B 2.000000 4.000000 18.000000 C[purple]
44.473669 25.933558 8.722913 0.934582 -0.334365 -0.121479 0.355749 0.878405 0.319137 0.000000 -0.341475 0.939891 B 2.000000 4.000000 18.000000 C[purple]
44.776730 19.860459 26.006602 0.886328 -0.435224 -0.158123 0.463058 0.833051 0.302659 -0.000000 -0.341475 0.939891 B 2.000000 4.000000 18.000000 C[purple]
44.557470 13.216628 43.263050 0.903049 -0.403718 -0.146676 0.429537 0.848768 0.308369 0.000000 -0.341475 0.939891 B 2.000000 4.000000 18.000000 C[purple]
44.471804 7.173927 60.505390 0.849654 -0.495643 -0.180074 0.527341 0.798582 0.290136 -0.000000 -0.341475 0.939891 B 2.000000 4.000000 18.000000 C[purple]
-30.801366 -15.662761 -77.745330 0.320793 -0.890217 -0.323428 0.947149 0.301511 0.109543 -0.000000 -0.341475 0.939891 B 2.000000 4.000000 18.000000 C[purple]
-30.532844 -21.657722 -60.457013 0.340714 -0.883654 -0.321044 0.940167 0.320234 0.116345 0.000000 -0.341475 0.939891 B 2.000000 4.000000 18.000000 C[purple]
-30.776105 -27.863799 -43.065424 0.514644 -0.805866 -0.292782 0.857404 0.483709 0.175738 -0.000000 -0.341475 0.939891 B 2.000000 4.000000 18.000000 C[purple]
-30.789555 28.101132 -26.147396 0.551033 -0.784323 -0.284956 0.834484 0.517911 0.188164 -0.000000 -0.341475 0.939891 B 2.000000 4.000000 18.000000 C[purple]
-30.589470 21.712780 -9.295195 0.521666 -0.801867 -0.291330 0.853150 0.490309 0.178136 -0.000000 -0.341475 0.939891 B 2.000000 4.000000 18.000000 C[purple]
-30.495776 15.478897 8.291090 0.712312 -0.659675 -0.239669 0.701863 0.669495 0.243237 -0.000000 -0.341475 0.939891 B 2.000000 4.000000 18.000000 C[purple]
-30.638340 9.059048 25.424561 0.804684 -0.558016 -0.202735 0.593704 0.756315 0.274780 -0.000000 -0.341475 0.939891 B 2.000000 4.000000 18.000000 C[purple]
-30.528492 2.979004 42.604063 0.718120 -0.654088 -0.237639 0.695919 0.674954 0.245220 0.000000 -0.341475 0.939891 B 2.000000 4.000000 18.000000 C[purple]
-30.754542 -3.396912 59.773195 0.575949 -0.768347 -0.279151 0.817486 0.541329 0.196672 0.000000 -0.341475 0.939891 B 2.000000 4.000000 18.000000 C[purple]
-30.797070 -9.500393 76.749544 0.266542 -0.905889 -0.329122 0.963823 0.250520 0.091018 0.000000 -0.341475 0.939891 B 2.000000 4.000000 18.000000 C[purple]
-8.373198 -28.635466 -77.286260 0.993883 0.103803 0.037713 -0.110441 0.934141 0.339386 0.000000 -0.341475 0.939891 B 2.000000 4.000000 18.000000 C[purple]
-8.575679 27.891253 -60.162547 0.996296 0.080817 0.029362 -0.085985 0.936410 0.340211 0.000000 -0.341475 0.939891 B 2.000000 4.000000 18.000000 C[purple]
-8.616398 21.789707 -43.067865 0.930238 0.344900 0.125307 -0.366958 0.874322 0.317653 0.000000 -0.341475 0.939891 B 2.000000 4.000000 18.000000 C[purple]
-8.370926 15.681609 -25.693794 0.977553 0.198023 0.071945 -0.210688 0.918793 0.333810 0.000000 -0.341475 0.939891 B 2.000000 4.000000 18.000000 C[purple]
-8.306735 8.988216 -8.623498 0.986975 0.151201 0.054934 -0.160871 0.927649 0.337028 0.000000 -0.341475 0.939891 B 2.000000 4.000000 18.000000 C[purple]
-8.581304 2.858525 8.512474 0.981802 0.178493 0.064849 -0.189908 0.922786 0.335261 -0.000000 -0.341475 0.939891 B 2.000000 4.000000 18.000000 C[purple]
-8.801040 -3.412470 25.869561 0.920779 0.366636 0.133204 -0.390084 0.865432 0.314424 0.000000 -0.341475 0.939891 B 2.000000 4.000000 18.000000 C[purple]
-8.609381 -9.917548 43.358243 0.948721 0.297113 0.107945 -0.316114 0.891694 0.323965 0.000000 -0.341475 0.939891 B 2.000000 4.000000 18.000000 C[purple]
-8.611843 -16.017518 60.488903 0.995642 0.087652 0.031845 -0.093257 0.935795 0.339987 -0.000000 -0.341475 0.939891 B 2.000000 4.000000 18.000000 C[purple]
-8.619990 -22.707786 77.476626 0.998181 0.056668 0.020588 -0.060292 0.938181 0.340854 -0.000000 -0.341475 0.939891 B 2.000000 4.000000 18.000000 C[purple]
-13.104493 -9.166651 77.962606 0.779776 0.588426 0.213783 -0.626058 0.732904 0.266274 -0.000000 -0.341475 0.939891 B 2.000000 4.000000 18.000000 C[purple]
-13.180032 -15.543225 -77.120963 0.623813 0.734594 0.266888 -0.781574 0.586316 0.213017 0.000000 -0.341475 0.939891 B 2.000000 4.000000 18.000000 C[purple]
-13.262106 -21.873695 -59.968133 0.699424 0.671747 0.244055 -0.714707 0.657382 0.238836 0.000000 -0.341475 0.939891 B 2.000000 4.000000 18.000000 C[purple]
-13.245515 -27.954943 -42.316126 0.699294 0.671866 0.244098 -0.714834 0.657260 0.238792 -0.000000 -0.341475 0.939891 B 2.000000 4.000000 18.000000 C[purple]
-13.206565 28.147317 -25.444948 0.797989 0.566445 0.205797 -0.602671 0.750023 0.272494 -0.000000 -0.341475 0.939891 B 2.000000 4.000000 18.000000 C[purple]
-13.283704 21.604753 -7.949311 0.802860 0.560333 0.203577 -0.596168 0.754600 0.274157 -0.000000 -0.341475 0.939891 B 2.000000 4.000000 18.000000 C[purple]
-13.495029 15.617518 9.188169 0.663304 0.703367 0.255543 -0.748350 0.623433 0.226502 0.000000 -0.341475 0.939891 B 2.000000 4.000000 18.000000 C[purple]
-13.439699 9.765485 26.413824 0.718957 0.653276 0.237344 -0.695055 0.675741 0.245506 0.000000 -0.341475 0.939891 B 2.000000 4.000000 18.000000 C[purple]
-13.392304 3.100082 43.465220 0.767549 0.602460 0.218882 -0.640990 0.721413 0.262099 0.000000 -0.341475 0.939891 B 2.000000 4.000000 18.000000 C[purple]
-13.313363 -3.062467 60.999916 0.726457 0.645904 0.234666 -0.687212 0.682790 0.248067 0.000000 -0.341475 0.939891 B 2.000000 4.000000 18.000000 C[purple]
-46.429721 -15.804968 77.131716 0.367982 -0.873941 -0.317515 0.929833 0.345863 0.125657 -0.000000 -0.341475 0.939891 B 2.000000 4.000000 18.000000 C[purple]
-46.476746 -22.230257 -77.288481 0.537168 -0.792775 -0.288026 0.843475 0.504879 0.183430 -0.000000 -0.341475 0.939891 B 2.000000 4.000000 18.000000 C[purple]
-46.358107 -28.307038 -60.183463 0.834902 -0.517315 -0.187948 0.550399 0.784716 0.285098 -0.000000 -0.341475 0.939891 B 2.000000 4.000000 18.000000 C[purple]
-46.312496 28.319285 -43.032930 0.869899 -0.463582 -0.168426 0.493230 0.817610 0.297049 0.000000 -0.341475 0.939891 B 2.000000 4.000000 18.000000 C[purple]
-46.388371 22.121015 -25.783073 0.925723 -0.355469 -0.129147 0.378203 0.870078 0.316112 0.000000 -0.341475 0.939891 B 2.000000 4.000000 18.000000 C[purple]
-46.356606 15.928312 -8.273586 0.886624 -0.434690 -0.157929 0.462490 0.833330 0.302760 -0.000000 -0.341475 0.939891 B 2.000000 4.000000 18.000000 C[purple]
-46.594588 9.514811 8.723362 0.831419 -0.522247 -0.189740 0.555646 0.781443 0.283909 -0.000000 -0.341475 0.939891 B 2.000000 4.000000 18.000000 C[purple]
-46.558136 3.289781 25.883398 0.678555 -0.690396 -0.250831 0.734550 0.637768 0.231710 0.000000 -0.341475 0.939891 B 2.000000 4.000000 18.000000 C[purple]
-46.357863 -3.053305 43.122932 0.673157 -0.695049 -0.252521 0.739499 0.632694 0.229867 0.000000 -0.341475 0.939891 B 2.000000 4.000000 18.000000 C[purple]
-46.421010 -9.533630 60.064806 0.623724 -0.734661 -0.266912 0.781645 0.586232 0.212986 -0.000000 -0.341475 0.939891 B 2.000000 4.000000 18.000000 C[purple]
29.621975 -18.850191 -76.679447 0.972906 0.217302 0.078949 -0.231199 0.914426 0.332224 -0.000000 -0.341475 0.939891 B 2.000000 4.000000 18.000000 C[purple]
29.714848 -25.132620 -59.591552 0.855210 0.487128 0.176980 -0.518282 0.803804 0.292033 0.000000 -0.341475 0.939891 B 2.000000 4.000000 18.000000 C[purple]
29.859993 30.819197 -42.510589 0.770920 0.598646 0.217496 -0.636932 0.724581 0.263250 0.000000 -0.341475 0.939891 B 2.000000 4.000000 18.000000 C[purple]
29.936142 24.805813 -25.285704 0.899505 0.410648 0.149194 -0.436910 0.845437 0.307159 0.000000 -0.341475 0.939891 B 2.000000 4.000000 18.000000 C[purple]
30.100889 18.572171 -8.166133 0.959955 0.263313 0.095665 -0.280153 0.902253 0.327801 -0.000000 -0.341475 0.939891 B 2.000000 4.000000 18.000000 C[purple]
29.960816 12.504077 9.051073 0.942764 0.313417 0.113869 -0.333461 0.886095 0.321931 0.000000 -0.341475 0.939891 B 2.000000 4.000000 18.000000 C[purple]
29.976337 6.363566 26.267128 0.985414 0.159948 0.058111 -0.170177 0.926181 0.336494 0.000000 -0.341475 0.939891 B 2.000000 4.000000 18.000000 C[purple]
29.978885 0.137327 43.640481 0.984655 -0.164020 -0.059591 0.174510 0.925468 0.336236 0.000000 -0.341475 0.939891 B 2.000000 4.000000 18.000000 C[purple]
29.707981 -6.359869 60.520938 0.985867 -0.157460 -0.057207 0.167530 0.926607 0.336649 0.000000 -0.341475 0.939891 B 2.000000 4.000000 18.000000 C[purple]
29.616654 -12.416658 78.037299 0.998219 0.056077 0.020374 -0.059663 0.938216 0.340867 0.000000 -0.341475 0.939891 B 2.000000 4.000000 18.000000 C[purple]
-4.495024 -10.039479 76.939897 0.799567 -0.564477 -0.205082 0.600577 0.751505 0.273032 -0.000000 -0.341475 0.939891 B 2.000000 4.000000 18.000000 C[purple]
-4.843384 -16.253248 -77.728977 0.716805 -0.655361 -0.238102 0.697273 0.673719 0.244771 -0.000000 -0.341475 0.939891 B 2.000000 4.000000 18.000000 C[purple]
-4.839564 -22.257529 -60.519846 0.659841 -0.706239 -0.256586 0.751405 0.620179 0.225320 -0.000000 -0.341475 0.939891 B 2.000000 4.000000 18.000000 C[purple]
-4.653555 -28.289880 -43.252045 0.663485 -0.703216 -0.255488 0.748189 0.623604 0.226564 -0.000000 -0.341475 0.939891 B 2.000000 4.000000 18.000000 C[purple]
-4.757227 27.950927 -26.157413 0.665940 -0.701164 -0.254743 0.746006 0.625910 0.227402 0.000000 -0.341475 0.939891 B 2.000000 4.000000 18.000000 C[purple]
-5.000445 21.828429 -9.023941 0.774855 -0.594142 -0.215860 0.632139 0.728279 0.264594 0.000000 -0.341475 0.939891 B 2.000000 4.000000 18.000000 C[purple]
-4.815169 15.394894 8.046539 0.728822 -0.643547 -0.233809 0.684704 0.685013 0.248875 0.000000 -0.341475 0.939891 B 2.000000 4.000000 18.000000 C[purple]
-5.075912 8.826177 25.485061 0.653988 -0.711032 -0.258328 0.756505 0.614678 0.223321 0.000000 -0.341475 0.939891 B 2.000000 4.000000 18.000000 C[purple]
-4.709382 2.629704 42.723213 0.637348 -0.724258 -0.263133 0.770576 0.599037 0.217639 0.000000 -0.341475 0.939891 B 2.000000 4.000000 18.000000 C[purple]
-4.457679 -3.569913 60.020785 0.816472 -0.542679 -0.197163 0.577385 0.767394 0.278805 -0.000000 -0.341475 0.939891 B 2.000000 4.000000 18.000000 C[purple]
41.537987 -19.670206 77.719675 0.298875 0.896931 0.325867 -0.954292 0.280909 0.102058 0.000000 -0.341475 0.939891 B 2.000000 4.000000 18.000000 C[purple]
41.245733 -25.769983 -77.022120 0.163849 0.927189 0.336861 -0.986485 0.154000 0.055950 0.000000 -0.341475 0.939891 B 2.000000 4.000000 18.000000 C[purple]
41.398128 30.430561 -60.076255 0.401268 0.860903 0.312778 -0.915960 0.377149 0.137023 0.000000 -0.341475 0.939891 B 2.000000 4.000000 18.000000 C[purple]
41.503361 24.142880 -42.837016 0.153149 0.928803 0.337447 -0.988203 0.143943 0.052297 0.000000 -0.341475 0.939891 B 2.000000 4.000000 18.000000 C[purple]
41.656249 17.853137 -25.532676 0.393491 0.864068 0.313928 -0.919328 0.369838 0.134367 0.000000 -0.341475 0.939891 B 2.000000 4.000000 18.000000 C[purple]
41.619608 11.470826 -8.086979 0.498053 0.815023 0.296109 -0.867146 0.468116 0.170073 -0.000000 -0.341475 0.939891 B 2.000000 4.000000 18.000000 C[purple]
41.287486 5.339632 9.363423 0.395200 0.863379 0.313678 -0.918595 0.371445 0.134951 0.000000 -0.341475 0.939891 B 2.000000 4.000000 18.000000 C[purple]
