-6.673907 -26.543742 77.626076 0.578846 0.766421 0.278452 -0.815437 0.544052 0.197662 0.000000 -0.341475 0.939891 B 2.000000 4.000000 18.000000 C[purple]
-6.834925 29.630141 -77.244267 0.532651 0.795463 0.289003 -0.846335 0.500633 0.181887 -0.000000 -0.341475 0.939891 B 2.000000 4.000000 18.000000 C[purple]
-6.768438 23.354177 -59.778123 0.673646 0.694630 0.252369 -0.739054 0.633154 0.230034 0.000000 -0.341475 0.939891 B 2.000000 4.000000 18.000000 C[purple]
-6.508789 17.081441 -42.804499 0.797183 0.567447 0.206161 -0.603737 0.749265 0.272218 -0.000000 -0.341475 0.939891 B 2.000000 4.000000 18.000000 C[purple]
-6.482404 10.869872 -25.581603 0.473031 0.828087 0.300855 -0.881046 0.444597 0.161528 0.000000 -0.341475 0.939891 B 2.000000 4.000000 18.000000 C[purple]
-6.315344 4.598536 -8.476121 0.596227 0.754559 0.274142 -0.802816 0.560388 0.203597 -0.000000 -0.341475 0.939891 B 2.000000 4.000000 18.000000 C[purple]
-6.534699 -1.512759 8.615956 0.595370 0.755157 0.274359 -0.803452 0.559582 0.203304 -0.000000 -0.341475 0.939891 B 2.000000 4.000000 18.000000 C[purple]
-6.382230 -7.755372 25.802787 0.584513 0.762612 0.277068 -0.811384 0.549379 0.199597 0.000000 -0.341475 0.939891 B 2.000000 4.000000 18.000000 C[purple]
-6.660355 -14.047431 42.956702 0.736154 0.636132 0.231115 -0.676814 0.691904 0.251378 -0.000000 -0.341475 0.939891 B 2.000000 4.000000 18.000000 C[purple]
-6.677997 -20.480956 60.529513 0.752437 0.619073 0.224918 -0.658665 0.707208 0.256939 -0.000000 -0.341475 0.939891 B 2.000000 4.000000 18.000000 C[purple]
-15.889465 -8.506565 76.677580 -0.592814 0.756931 0.275004 -0.805340 -0.557180 -0.202431 0.000000 -0.341475 0.939891 B 2.000000 4.000000 18.000000 C[purple]
-15.886899 -15.151636 -77.967327 -0.649653 0.714534 0.259600 -0.760231 -0.610603 -0.221840 0.000000 -0.341475 0.939891 B 2.000000 4.000000 18.000000 C[purple]
-16.014987 -21.333055 -60.635773 -0.570174 0.772143 0.280530 -0.821524 -0.535902 -0.194700 0.000000 -0.341475 0.939891 B 2.000000 4.000000 18.000000 C[purple]
-15.957401 -27.405216 -43.471607 -0.626555 0.732530 0.266138 -0.779377 -0.588893 -0.213953 -0.000000 -0.341475 0.939891 B 2.000000 4.000000 18.000000 C[purple]
-15.545980 28.673942 -26.319334 -0.607138 0.746834 0.271335 -0.794597 -0.570643 -0.207323 0.000000 -0.341475 0.939891 B 2.000000 4.000000 18.000000 C[purple]
-15.853141 22.690204 -9.065454 -0.612383 0.743041 0.269957 -0.790561 -0.575573 -0.209114 0.000000 -0.341475 0.939891 B 2.000000 4.000000 18.000000 C[purple]
-15.765595 16.543357 7.977235 -0.685856 0.683993 0.248504 -0.727737 -0.644630 -0.234203 0.000000 -0.341475 0.939891 B 2.000000 4.000000 18.000000 C[purple]
-15.842990 10.293158 25.332582 -0.407411 0.858350 0.311851 -0.913245 -0.382922 -0.139121 -0.000000 -0.341475 0.939891 B 2.000000 4.000000 18.000000 C[purple]
-15.959990 4.085084 42.309895 -0.621392 0.736404 0.267546 -0.783500 -0.584041 -0.212190 -0.000000 -0.341475 0.939891 B 2.000000 4.000000 18.000000 C[purple]
-15.878514 -2.419879 59.481508 -0.768695 0.601168 0.218413 -0.639615 -0.722489 -0.262491 -0.000000 -0.341475 0.939891 B 2.000000 4.000000 18.000000 C[purple]
30.607766 8.326704 76.995375 0.769726 0.600002 0.217989 -0.638374 0.723459 0.262843 0.000000 -0.341475 0.939891 B 2.000000 4.000000 18.000000 C[purple]
30.908005 2.173530 -77.767269 0.796900 0.567799 0.206289 -0.604111 0.748999 0.272122 -0.000000 -0.341475 0.939891 B 2.000000 4.000000 18.000000 C[purple]
30.776093 -4.257043 -60.552070 0.775520 0.593374 0.215581 -0.631323 0.728904 0.264821 -0.000000 -0.341475 0.939891 B 2.000000 4.000000 18.000000 C[purple]
30.496387 -10.385571 -43.315323 0.701766 0.669585 0.243270 -0.712408 0.659583 0.239636 0.000000 -0.341475 0.939891 B 2.000000 4.000000 18.000000 C[purple]
30.807321 -16.770795 -26.069898 0.787759 0.578957 0.210343 -0.615983 0.740408 0.269000 -0.000000 -0.341475 0.939891 B 2.000000 4.000000 18.000000 C[purple]
30.966931 -22.975528 -8.733252 0.613710 0.742073 0.269606 -0.789532 0.576820 0.209567 0.000000 -0.341475 0.939891 B 2.000000 4.000000 18.000000 C[purple]
31.021710 -29.536215 8.781863 0.558314 0.779762 0.283298 -0.829630 0.524754 0.190650 0.000000 -0.341475 0.939891 B 2.000000 4.000000 18.000000 C[purple]
30.972176 26.662445 25.686437 0.380025 0.869377 0.315857 -0.924976 0.357182 0.129769 0.000000 -0.341475 0.939891 B 2.000000 4.000000 18.000000 C[purple]
31.035004 20.371372 42.882666 0.463585 0.832792 0.302565 -0.886052 0.435720 0.158303 -0.000000 -0.341475 0.939891 B 2.000000 4.000000 18.000000 C[purple]
30.810813 14.314565 59.922111 0.636561 0.724868 0.263355 -0.771226 0.598298 0.217370 0.000000 -0.341475 0.939891 B 2.000000 4.000000 18.000000 C[purple]
-3.489638 19.025900 -76.912665 0.768685 0.601180 0.218417 -0.639628 0.722480 0.262487 -0.000000 -0.341475 0.939891 B 2.000000 4.000000 18.000000 C[purple]
-3.754854 12.901764 -59.759777 0.645959 0.717486 0.260673 -0.763372 0.607131 0.220579 -0.000000 -0.341475 0.939891 B 2.000000 4.000000 18.000000 C[purple]
-3.833896 6.801785 -42.685470 0.406250 0.858836 0.312027 -0.913762 0.381831 0.138724 0.000000 -0.341475 0.939891 B 2.000000 4.000000 18.000000 C[purple]
-3.741646 0.502857 -25.753915 0.353266 0.879289 0.319458 -0.935523 0.332031 0.120632 -0.000000 -0.341475 0.939891 B 2.000000 4.000000 18.000000 C[purple]
-3.743321 -5.812524 -8.402621 0.700855 0.670428 0.243576 -0.713304 0.658727 0.239325 0.000000 -0.341475 0.939891 B 2.000000 4.000000 18.000000 C[purple]
-3.937995 -12.111308 8.848425 0.620058 0.737397 0.267907 -0.784556 0.582786 0.211734 -0.000000 -0.341475 0.939891 B 2.000000 4.000000 18.000000 C[purple]
-3.826769 -18.284194 26.118634 0.756917 0.614229 0.223158 -0.653511 0.711419 0.258468 -0.000000 -0.341475 0.939891 B 2.000000 4.000000 18.000000 C[purple]
-3.915883 -24.776063 43.446720 0.647662 0.716129 0.260180 -0.761928 0.608731 0.221161 -0.000000 -0.341475 0.939891 B 2.000000 4.000000 18.000000 C[purple]
-3.686363 -30.883696 60.656022 0.716746 0.655418 0.238122 -0.697334 0.673663 0.244751 -0.000000 -0.341475 0.939891 B 2.000000 4.000000 18.000000 C[purple]
-3.505478 25.130465 77.665706 0.888091 0.432037 0.156965 -0.459667 0.834709 0.303261 0.000000 -0.341475 0.939891 B 2.000000 4.000000 18.000000 C[purple]
19.004754 18.794494 76.991946 0.854749 -0.487842 -0.177240 0.519041 0.803371 0.291876 -0.000000 -0.341475 0.939891 B 2.000000 4.000000 18.000000 C[purple]
18.727963 12.716193 -77.839301 0.759216 -0.611718 -0.222246 0.650839 0.713580 0.259253 0.000000 -0.341475 0.939891 B 2.000000 4.000000 18.000000 C[purple]
18.629776 6.068635 -60.671377 0.744029 -0.627986 -0.228156 0.668148 0.699306 0.254068 0.000000 -0.341475 0.939891 B 2.000000 4.000000 18.000000 C[purple]
18.679225 -0.011194 -43.620074 0.701337 -0.669983 -0.243414 0.712830 0.659180 0.239489 0.000000 -0.341475 0.939891 B 2.000000 4.000000 18.000000 C[purple]
18.785939 -6.421787 -26.098030 0.698311 -0.672769 -0.244426 0.715795 0.656336 0.238456 0.000000 -0.341475 0.939891 B 2.000000 4.000000 18.000000 C[purple]
18.907733 -12.373530 -8.966879 0.697101 -0.673876 -0.244828 0.716972 0.655199 0.238043 0.000000 -0.341475 0.939891 B 2.000000 4.000000 18.000000 C[purple]
19.202497 -18.552026 8.531753 0.646867 -0.716763 -0.260410 0.762603 0.607984 0.220889 -0.000000 -0.341475 0.939891 B 2.000000 4.000000 18.000000 C[purple]
19.342937 -24.694379 25.527936 0.493851 -0.817279 -0.296929 0.869547 0.464166 0.168638 0.000000 -0.341475 0.939891 B 2.000000 4.000000 18.000000 C[purple]
19.088392 -30.972702 42.790025 0.534839 -0.794165 -0.288531 0.844954 0.502690 0.182634 -0.000000 -0.341475 0.939891 B 2.000000 4.000000 18.000000 C[purple]
19.125607 25.297037 59.949217 0.752648 -0.618846 -0.224835 0.658423 0.707407 0.257011 -0.000000 -0.341475 0.939891 B 2.000000 4.000000 18.000000 C[purple]
-29.387326 30.177571 -77.062337 -0.553469 -0.782807 -0.284405 0.832870 -0.520200 -0.188996 0.000000 -0.341475 0.939891 B 2.000000 4.000000 18.000000 C[purple]
-29.402227 24.137873 -59.807134 -0.370119 -0.873144 -0.317225 0.928985 -0.347871 -0.126386 0.000000 -0.341475 0.939891 B 2.000000 4.000000 18.000000 C[purple]
-29.314334 18.122773 -42.832866 -0.295897 -0.897802 -0.326184 0.955220 -0.278111 -0.101042 0.000000 -0.341475 0.939891 B 2.000000 4.000000 18.000000 C[purple]
-29.164863 11.602200 -25.823956 -0.449131 -0.839760 -0.305097 0.893466 -0.422134 -0.153367 -0.000000 -0.341475 0.939891 B 2.000000 4.000000 18.000000 C[purple]
-29.129033 5.341437 -8.736105 -0.422146 -0.852037 -0.309557 0.906528 -0.396771 -0.144152 -0.000000 -0.341475 0.939891 B 2.000000 4.000000 18.000000 C[purple]
-29.008403 -0.933071 8.389700 -0.378145 -0.870100 -0.316120 0.925746 -0.355415 -0.129127 -0.000000 -0.341475 0.939891 B 2.000000 4.000000 18.000000 C[purple]
-29.366558 -7.083349 25.661601 -0.312333 -0.892871 -0.324392 0.949973 -0.293559 -0.106654 0.000000 -0.341475 0.939891 B 2.000000 4.000000 18.000000 C[purple]
-28.984550 -13.579996 43.022843 -0.368502 -0.873748 -0.317445 0.929627 -0.346352 -0.125834 0.000000 -0.341475 0.939891 B 2.000000 4.000000 18.000000 C[purple]
-29.361665 -19.878325 60.161297 -0.366784 -0.874386 -0.317677 0.930306 -0.344737 -0.125248 -0.000000 -0.341475 0.939891 B 2.000000 4.000000 18.000000 C[purple]
-29.362094 -26.324499 77.781393 -0.495120 -0.816600 -0.296682 0.868825 -0.465359 -0.169071 0.000000 -0.341475 0.939891 B 2.000000 4.000000 18.000000 C[purple]
6.215673 9.093226 77.340370 0.895112 -0.419043 -0.152244 0.445842 0.841307 0.305659 0.000000 -0.341475 0.939891 B 2.000000 4.000000 18.000000 C[purple]
6.236459 2.565096 -77.506387 0.853688 -0.489480 -0.177835 0.520784 0.802374 0.291514 0.000000 -0.341475 0.939891 B 2.000000 4.000000 18.000000 C[purple]
6.395548 -3.667046 -60.419847 0.785006 -0.582251 -0.211540 0.619488 0.737820 0.268060 0.000000 -0.341475 0.939891 B 2.000000 4.000000 18.000000 C[purple]
6.294897 -9.880319 -43.391682 0.896711 -0.416011 -0.151142 0.442616 0.842811 0.306205 0.000000 -0.341475 0.939891 B 2.000000 4.000000 18.000000 C[purple]
6.439062 -16.194292 -26.462318 0.885257 -0.437146 -0.158821 0.465103 0.832045 0.302293 0.000000 -0.341475 0.939891 B 2.000000 4.000000 18.000000 C[purple]
6.464231 -22.547011 -9.101904 0.890741 -0.427191 -0.155205 0.454512 0.837199 0.304166 -0.000000 -0.341475 0.939891 B 2.000000 4.000000 18.000000 C[purple]
6.483043 -28.668914 8.056388 0.678180 -0.690722 -0.250949 0.734896 0.637415 0.231582 0.000000 -0.341475 0.939891 B 2.000000 4.000000 18.000000 C[purple]
6.591053 27.897044 25.474823 0.710632 -0.661274 -0.240250 0.703564 0.667916 0.242663 0.000000 -0.341475 0.939891 B 2.000000 4.000000 18.000000 C[purple]
6.546934 21.777425 42.898163 0.809416 -0.551937 -0.200526 0.587235 0.760763 0.276396 0.000000 -0.341475 0.939891 B 2.000000 4.000000 18.000000 C[purple]
6.419215 15.291974 60.141747 0.773530 -0.595665 -0.216413 0.633760 0.727034 0.264141 0.000000 -0.341475 0.939891 B 2.000000 4.000000 18.000000 C[purple]
-4.990143 -22.960909 -76.675476 0.604006 -0.749074 -0.272149 0.796980 0.567700 0.206253 0.000000 -0.341475 0.939891 B 2.000000 4.000000 18.000000 C[purple]
-4.953856 -29.034072 -59.666882 0.755611 -0.615648 -0.223673 0.655020 0.710192 0.258023 0.000000 -0.341475 0.939891 B 2.000000 4.000000 18.000000 C[purple]
-5.266824 27.350068 -42.612010 0.673307 -0.694921 -0.252474 0.739363 0.632835 0.229918 0.000000 -0.341475 0.939891 B 2.000000 4.000000 18.000000 C[purple]
-5.235356 21.260446 -25.310231 0.835226 -0.516852 -0.187780 0.549906 0.785021 0.285209 0.000000 -0.341475 0.939891 B 2.000000 4.000000 18.000000 C[purple]
-5.395036 14.825917 -7.943579 0.894312 -0.420548 -0.152791 0.447443 0.840556 0.305386 -0.000000 -0.341475 0.939891 B 2.000000 4.000000 18.000000 C[purple]
-5.617293 8.457972 8.908127 0.876228 -0.452930 -0.164556 0.481896 0.823559 0.299210 0.000000 -0.341475 0.939891 B 2.000000 4.000000 18.000000 C[purple]
-5.464395 2.129382 26.018405 0.850685 -0.494077 -0.179505 0.525675 0.799551 0.290488 0.000000 -0.341475 0.939891 B 2.000000 4.000000 18.000000 C[purple]
-5.241702 -4.117921 43.377094 0.854936 -0.487553 -0.177135 0.518733 0.803547 0.291940 0.000000 -0.341475 0.939891 B 2.000000 4.000000 18.000000 C[purple]
-5.042169 -10.077420 60.542856 0.658948 -0.706975 -0.256854 0.752188 0.619339 0.225015 -0.000000 -0.341475 0.939891 B 2.000000 4.000000 18.000000 C[purple]
-4.844024 -16.681707 77.721450 0.624177 -0.734320 -0.266789 0.781283 0.586658 0.213141 0.000000 -0.341475 0.939891 B 2.000000 4.000000 18.000000 C[purple]
-45.804644 -24.082543 77.600008 -0.924303 -0.358719 -0.130327 0.381660 -0.868744 -0.315627 0.000000 -0.341475 0.939891 B 2.000000 4.000000 18.000000 C[purple]
-45.649527 -30.468847 -77.149888 -0.726483 -0.645878 -0.234656 0.687184 -0.682815 -0.248076 0.000000 -0.341475 0.939891 B 2.000000 4.000000 18.000000 C[purple]
-45.557489 25.641350 -60.110563 -0.937002 -0.328325 -0.119285 0.349323 -0.880680 -0.319963 0.000000 -0.341475 0.939891 B 2.000000 4.000000 18.000000 C[purple]
-45.358025 19.575615 -42.912372 -0.937386 -0.327357 -0.118934 0.348293 -0.881040 -0.320094 -0.000000 -0.341475 0.939891 B 2.000000 4.000000 18.000000 C[purple]
-45.101041 13.280800 -25.858755 -0.929445 -0.346782 -0.125991 0.368960 -0.873577 -0.317383 -0.000000 -0.341475 0.939891 B 2.000000 4.000000 18.000000 C[purple]
-45.413887 6.709520 -8.665264 -0.943753 -0.310776 -0.112909 0.330651 -0.887025 -0.322268 0.000000 -0.341475 0.939891 B 2.000000 4.000000 18.000000 C[purple]
-45.431945 0.413741 8.399995 -0.918672 -0.371277 -0.134890 0.395022 -0.863451 -0.313704 0.000000 -0.341475 0.939891 B 2.000000 4.000000 18.000000 C[purple]
-45.529194 -5.402187 25.542870 -0.945070 -0.307219 -0.111617 0.326867 -0.888263 -0.322718 0.000000 -0.341475 0.939891 B 2.000000 4.000000 18.000000 C[purple]
-45.594720 -12.087131 42.911394 -0.958353 -0.268419 -0.097521 0.285586 -0.900747 -0.327254 0.000000 -0.341475 0.939891 B 2.000000 4.000000 18.000000 C[purple]
-45.583462 -18.118295 60.480962 -0.940498 -0.319373 -0.116033 0.339798 -0.883966 -0.321157 0.000000 -0.341475 0.939891 B 2.000000 4.000000 18.000000 C[purple]
44.839900 8.474013 77.577584 0.599610 0.752187 0.273280 -0.800292 0.563568 0.204752 0.000000 -0.341475 0.939891 B 2.000000 4.000000 18.000000 C[purple]
44.957619 2.251669 -77.177837 0.531495 0.796145 0.289251 -0.847061 0.499547 0.181493 -0.000000 -0.341475 0.939891 B 2.000000 4.000000 18.000000 C[purple]
44.680568 -3.882180 -60.146818 0.612318 0.743089 0.269974 -0.790612 0.575512 0.209092 -0.000000 -0.341475 0.939891 B 2.000000 4.000000 18.000000 C[purple]
44.419935 -9.850554 -42.810233 0.698948 0.672184 0.244214 -0.715172 0.656935 0.238674 0.000000 -0.341475 0.939891 B 2.000000 4.000000 18.000000 C[purple]
44.323384 -16.149738 -25.595962 0.832746 0.520376 0.189060 -0.553656 0.782690 0.284362 0.000000 -0.341475 0.939891 B 2.000000 4.000000 18.000000 C[purple]
44.457211 -22.723434 -8.686602 0.870301 0.462915 0.168183 -0.492520 0.817988 0.297186 0.000000 -0.341475 0.939891 B 2.000000 4.000000 18.000000 C[purple]
44.309198 -28.981750 8.560806 0.850992 0.493610 0.179335 -0.525178 0.799840 0.290593 0.000000 -0.341475 0.939891 B 2.000000 4.000000 18.000000 C[purple]
44.538464 27.157105 26.014665 0.819681 0.538388 0.195604 -0.572820 0.770411 0.279901 -0.000000 -0.341475 0.939891 B 2.000000 4.000000 18.000000 C[purple]
44.888003 20.807696 43.132950 0.767912 0.602052 0.218734 -0.640556 0.721753 0.262223 -0.000000 -0.341475 0.939891 B 2.000000 4.000000 18.000000 C[purple]
44.966711 14.542532 60.486121 0.817153 0.541772 0.196833 -0.576421 0.768035 0.279038 -0.000000 -0.341475 0.939891 B 2.000000 4.000000 18.000000 C[purple]
2.384587 -21.329608 -77.522701 0.404219 0.859683 0.312335 -0.914662 0.379921 0.138031 0.000000 -0.341475 0.939891 B 2.000000 4.000000 18.000000 C[purple]
2.555464 -27.484374 -60.382612 0.664264 0.702567 0.255252 -0.747498 0.624335 0.226830 0.000000 -0.341475 0.939891 B 2.000000 4.000000 18.000000 C[purple]
2.543864 28.943838 -42.818055 0.632699 0.727850 0.264438 -0.774398 0.594667 0.216051 0.000000 -0.341475 0.939891 B 2.000000 4.000000 18.000000 C[purple]
2.441598 22.900566 -25.768405 0.427246 0.849788 0.308740 -0.904135 0.401565 0.145894 -0.000000 -0.341475 0.939891 B 2.000000 4.000000 18.000000 C[purple]
2.699975 16.510560 -8.279631 0.574978 0.768989 0.279384 -0.818169 0.540417 0.196341 -0.000000 -0.341475 0.939891 B 2.000000 4.000000 18.000000 C[purple]
2.702605 10.060851 9.089000 0.733727 0.638604 0.232014 -0.679445 0.689623 0.250550 -0.000000 -0.341475 0.939891 B 2.000000 4.000000 18.000000 C[purple]
2.860921 3.934156 26.086598 0.570905 0.771665 0.280357 -0.821016 0.536588 0.194950 -0.000000 -0.341475 0.939891 B 2.000000 4.000000 18.000000 C[purple]
2.494948 -2.296412 43.134980 0.535425 0.793815 0.288404 -0.844583 0.503241 0.182835 0.000000 -0.341475 0.939891 B 2.000000 4.000000 18.000000 C[purple]
2.254436 -8.560559 60.174802 0.471081 0.829068 0.301212 -0.882090 0.442765 0.160863 -0.000000 -0.341475 0.939891 B 2.000000 4.000000 18.000000 C[purple]
2.398185 -14.882856 77.307359 0.610882 0.744132 0.270353 -0.791722 0.574162 0.208601 0.000000 -0.341475 0.939891 B 2.000000 4.000000 18.000000 C[purple]
6.131903 19.749136 -77.447132 0.968435 0.234284 0.085119 -0.249267 0.910223 0.330697 0.000000 -0.341475 0.939891 B 2.000000 4.000000 18.000000 C[purple]
6.092637 13.200086 -60.439733 0.946133 0.304316 0.110562 -0.323778 0.889262 0.323081 -0.000000 -0.341475 0.939891 B 2.000000 4.000000 18.000000 C[purple]
6.053156 7.015746 -43.478962 0.918301 0.372086 0.135184 -0.395883 0.863103 0.313577 -0.000000 -0.341475 0.939891 B 2.000000 4.000000 18.000000 C[purple]
6.004355 0.750581 -26.343706 0.934416 0.334773 0.121628 -0.356183 0.878249 0.319080 0.000000 -0.341475 0.939891 B 2.000000 4.000000 18.000000 C[purple]
6.101060 -5.351089 -8.977958 0.914203 0.380898 0.138385 -0.405257 0.859251 0.312178 -0.000000 -0.341475 0.939891 B 2.000000 4.000000 18.000000 C[purple]
6.216645 -11.246463 8.393011 0.902165 0.405460 0.147309 -0.431390 0.847937 0.308067 0.000000 -0.341475 0.939891 B 2.000000 4.000000 18.000000 C[purple]
6.136766 -17.860665 25.699702 0.862697 0.475322 0.172691 -0.505721 0.810841 0.294590 0.000000 -0.341475 0.939891 B 2.000000 4.000000 18.000000 C[purple]
5.731958 -23.919429 42.937981 0.872001 0.460081 0.167154 -0.489504 0.819586 0.297767 -0.000000 -0.341475 0.939891 B 2.000000 4.000000 18.000000 C[purple]
5.950264 -30.223071 60.269237 0.916558 0.375864 0.136557 -0.399902 0.861464 0.312982 0.000000 -0.341475 0.939891 B 2.000000 4.000000 18.000000 C[purple]
6.077475 25.919017 77.619933 0.934902 0.333574 0.121192 -0.354907 0.878705 0.319246 0.000000 -0.341475 0.939891 B 2.000000 4.000000 18.000000 C[purple]
-25.501017 -11.693370 77.304984 0.188173 0.923100 0.335375 -0.982136 0.176862 0.064256 0.000000 -0.341475 0.939891 B 2.000000 4.000000 18.000000 C[purple]
-25.674464 -17.864468 -77.561548 -0.176996 0.925051 0.336084 -0.984212 -0.166357 -0.060440 -0.000000 -0.341475 0.939891 B 2.000000 4.000000 18.000000 C[purple]
-25.558242 -24.302874 -60.023862 -0.257469 0.908204 0.329963 -0.966287 -0.241993 -0.087919 0.000000 -0.341475 0.939891 B 2.000000 4.000000 18.000000 C[purple]
-25.723561 -30.403163 -42.971034 0.037406 0.939233 0.341236 -0.999300 0.035158 0.012773 0.000000 -0.341475 0.939891 B 2.000000 4.000000 18.000000 C[purple]
-25.525426 25.967304 -25.723353 -0.053692 0.938535 0.340983 -0.998558 -0.050464 -0.018334 -0.000000 -0.341475 0.939891 B 2.000000 4.000000 18.000000 C[purple]
-25.596545 19.458866 -8.707161 -0.073406 0.937355 0.340554 -0.997302 -0.068994 -0.025066 -0.000000 -0.341475 0.939891 B 2.000000 4.000000 18.000000 C[purple]
-25.799568 13.056516 8.668887 0.209938 0.918945 0.333866 -0.977715 0.197319 0.071689 -0.000000 -0.341475 0.939891 B 2.000000 4.000000 18.000000 C[purple]
-25.511323 6.717533 25.627721 0.241789 0.912003 0.331343 -0.970329 0.227255 0.082565 0.000000 -0.341475 0.939891 B 2.000000 4.000000 18.000000 C[purple]
-25.479176 0.485955 43.021722 0.263724 0.906617 0.329387 -0.964598 0.247872 0.090055 -0.000000 -0.341475 0.939891 B 2.000000 4.000000 18.000000 C[purple]
-25.598026 -5.629961 60.303070 -0.024025 0.939619 0.341377 -0.999711 -0.022580 -0.008204 -0.000000 -0.341475 0.939891 B 2.000000 4.000000 18.000000 C[purple]
50.060002 -4.711108 -77.252395 0.708806 0.663002 0.240878 -0.705403 0.666201 0.242040 0.000000 -0.341475 0.939891 B 2.000000 4.000000 18.000000 C[purple]
49.919078 -10.965146 -60.041631 0.531695 0.796027 0.289208 -0.846936 0.499736 0.181561 0.000000 -0.341475 0.939891 B 2.000000 4.000000 18.000000 C[purple]
49.703647 -17.294099 -42.808914 0.605003 0.748363 0.271891 -0.796223 0.568636 0.206594 -0.000000 -0.341475 0.939891 B 2.000000 4.000000 18.000000 C[purple]
49.656648 -23.537664 -25.358327 0.446297 0.841094 0.305581 -0.894885 0.419471 0.152400 0.000000 -0.341475 0.939891 B 2.000000 4.000000 18.000000 C[purple]
50.013226 -29.868942 -8.282828 0.189555 0.922851 0.335284 -0.981870 0.178161 0.064728 0.000000 -0.341475 0.939891 B 2.000000 4.000000 18.000000 C[purple]
49.932434 26.606545 9.154867 0.175739 0.925263 0.336161 -0.984437 0.165176 0.060011 -0.000000 -0.341475 0.939891 B 2.000000 4.000000 18.000000 C[purple]
49.919384 20.468520 26.196612 0.162527 0.927394 0.336935 -0.986704 0.152758 0.055499 0.000000 -0.341475 0.939891 B 2.000000 4.000000 18.000000 C[purple]
-50.197858 14.214384 43.164056 0.312084 0.892947 0.324420 -0.950054 0.293325 0.106569 -0.000000 -0.341475 0.939891 B 2.000000 4.000000 18.000000 C[purple]
50.079249 7.842081 60.529086 0.455540 0.836705 0.303987 -0.890215 0.428158 0.155556 -0.000000 -0.341475 0.939891 B 2.000000 4.000000 18.000000 C[purple]
-50.188075 1.517659 77.638345 0.569359 0.772674 0.280723 -0.822089 0.535135 0.194422 -0.000000 -0.341475 0.939891 B 2.000000 4.000000 18.000000 C[purple]
-40.664162 -3.419925 77.217193 0.724210 0.648129 0.235474 -0.689579 0.680679 0.247300 0.000000 -0.341475 0.939891 B 2.000000 4.000000 18.000000 C[purple]
-41.001940 -9.608549 -77.711483 0.735770 0.636523 0.231258 -0.677231 0.691544 0.251248 -0.000000 -0.341475 0.939891 B 2.000000 4.000000 18.000000 C[purple]
-41.037052 -15.789116 -60.215113 0.841350 0.508003 0.184564 -0.540491 0.790777 0.287300 0.000000 -0.341475 0.939891 B 2.000000 4.000000 18.000000 C[purple]
-41.132307 -21.953154 -42.654578 0.738534 0.633689 0.230228 -0.674216 0.694141 0.252191 0.000000 -0.341475 0.939891 B 2.000000 4.000000 18.000000 C[purple]
-40.927723 -28.242683 -25.509104 0.475117 0.827031 0.300472 -0.879923 0.446558 0.162241 0.000000 -0.341475 0.939891 B 2.000000 4.000000 18.000000 C[purple]
-40.877758 27.998794 -8.339104 0.050140 0.938709 0.341046 -0.998742 0.047126 0.017122 0.000000 -0.341475 0.939891 B 2.000000 4.000000 18.000000 C[purple]
-40.808843 21.723230 8.579312 0.300956 0.896315 0.325644 -0.953638 0.282866 0.102769 -0.000000 -0.341475 0.939891 B 2.000000 4.000000 18.000000 C[purple]
-40.911468 15.405734 25.829090 0.609576 0.745077 0.270697 -0.792728 0.572935 0.208155 0.000000 -0.341475 0.939891 B 2.000000 4.000000 18.000000 C[purple]
-40.837486 9.094742 43.077299 0.484810 0.822047 0.298661 -0.874619 0.455669 0.165551 0.000000 -0.341475 0.939891 B 2.000000 4.000000 18.000000 C[purple]
-40.933860 2.834269 60.223618 0.705178 0.666411 0.242116 -0.709030 0.662791 0.240801 -0.000000 -0.341475 0.939891 B 2.000000 4.000000 18.000000 C[purple]
32.628830 -9.651855 76.826126 0.255346 -0.908733 -0.330155 0.966850 0.239997 0.087194 -0.000000 -0.341475 0.939891 B 2.000000 4.000000 18.000000 C[purple]
32.403560 -15.742335 -78.190317 0.019462 -0.939713 -0.341411 0.999811 0.018292 0.006646 -0.000000 -0.341475 0.939891 B 2.000000 4.000000 18.000000 C[purple]
32.422879 -22.021235 -60.660868 0.245618 -0.911099 -0.331015 0.969367 0.230854 0.083872 -0.000000 -0.341475 0.939891 B 2.000000 4.000000 18.000000 C[purple]
32.545895 -28.134077 -43.334147 0.454213 -0.837342 -0.304218 0.890893 0.426911 0.155103 0.000000 -0.341475 0.939891 B 2.000000 4.000000 18.000000 C[purple]
32.147672 27.874324 -26.283969 0.452984 -0.837930 -0.304432 0.891519 0.425755 0.154683 -0.000000 -0.341475 0.939891 B 2.000000 4.000000 18.000000 C[purple]
31.984934 21.485900 -8.857181 0.181889 -0.924212 -0.335779 0.983319 0.170956 0.062111 -0.000000 -0.341475 0.939891 B 2.000000 4.000000 18.000000 C[purple]
32.394436 15.309852 8.454011 0.148245 -0.929506 -0.337702 0.988951 0.139334 0.050622 0.000000 -0.341475 0.939891 B 2.000000 4.000000 18.000000 C[purple]
32.495756 9.227226 25.569766 0.244099 -0.911459 -0.331146 0.969750 0.229426 0.083354 -0.000000 -0.341475 0.939891 B 2.000000 4.000000 18.000000 C[purple]
32.568243 2.781734 42.555589 0.342314 -0.883108 -0.320845 0.939586 0.321738 0.116892 0.000000 -0.341475 0.939891 B 2.000000 4.000000 18.000000 C[purple]
32.460347 -3.435721 59.710162 0.358827 -0.877298 -0.318735 0.933404 0.337258 0.122531 0.000000 -0.341475 0.939891 B 2.000000 4.000000 18.000000 C[purple]
-33.828441 -11.494295 -77.733248 0.430950 0.848135 0.308139 -0.902376 0.405046 0.147159 0.000000 -0.341475 0.939891 B 2.000000 4.000000 18.000000 C[purple]
-34.017308 -17.859378 -60.646658 0.353469 0.879217 0.319432 -0.935446 0.332223 0.120701 0.000000 -0.341475 0.939891 B 2.000000 4.000000 18.000000 C[purple]
-33.875086 -24.008704 -43.130053 0.435796 0.845945 0.307343 -0.900046 0.409600 0.148813 0.000000 -0.341475 0.939891 B 2.000000 4.000000 18.000000 C[purple]
-33.905097 -30.107798 -25.861266 0.514223 0.806103 0.292869 -0.857656 0.483314 0.175595 0.000000 -0.341475 0.939891 B 2.000000 4.000000 18.000000 C[purple]
-33.906673 25.871417 -8.741523 0.526805 0.798894 0.290249 -0.849986 0.495140 0.179891 0.000000 -0.341475 0.939891 B 2.000000 4.000000 18.000000 C[purple]
-33.962623 19.577342 8.777372 0.499754 0.814102 0.295775 -0.866167 0.469715 0.170654 -0.000000 -0.341475 0.939891 B 2.000000 4.000000 18.000000 C[purple]
-33.980690 13.394532 25.777226 0.746161 0.625747 0.227343 -0.665765 0.701310 0.254796 -0.000000 -0.341475 0.939891 B 2.000000 4.000000 18.000000 C[purple]
-34.073617 7.234732 42.696385 0.831301 0.522412 0.189799 -0.555822 0.781333 0.283869 -0.000000 -0.341475 0.939891 B 2.000000 4.000000 18.000000 C[purple]
-33.760108 1.069542 59.805836 0.841352 0.507999 0.184563 -0.540487 0.790779 0.287301 -0.000000 -0.341475 0.939891 B 2.000000 4.000000 18.000000 C[purple]
-33.715652 -5.277153 77.055140 0.761890 0.608774 0.221176 -0.647707 0.716093 0.260167 0.000000 -0.341475 0.939891 B 2.000000 4.000000 18.000000 C[purple]
-14.503432 -3.450048 77.099778 0.998432 0.052619 0.019117 -0.055984 0.938417 0.340940 0.000000 -0.341475 0.939891 B 2.000000 4.000000 18.000000 C[purple]
-14.247770 -9.639709 -77.858254 0.976891 0.200890 0.072986 -0.213738 0.918171 0.333584 -0.000000 -0.341475 0.939891 B 2.000000 4.000000 18.000000 C[purple]
-13.969858 -15.717374 -60.571513 0.929888 0.345733 0.125610 -0.367844 0.873993 0.317534 -0.000000 -0.341475 0.939891 B 2.000000 4.000000 18.000000 C[purple]
-14.039051 -22.024172 -43.260957 0.905646 0.398546 0.144797 -0.424034 0.851208 0.309256 -0.000000 -0.341475 0.939891 B 2.000000 4.000000 18.000000 C[purple]
-14.144262 -28.443555 -25.819878 0.925269 0.356512 0.129526 -0.379312 0.869652 0.315957 0.000000 -0.341475 0.939891 B 2.000000 4.000000 18.000000 C[purple]
-14.394948 27.471636 -8.529485 0.955480 0.277321 0.100755 -0.295057 0.898047 0.326273 0.000000 -0.341475 0.939891 B 2.000000 4.000000 18.000000 C[purple]
-14.598693 21.254228 8.565946 0.905397 0.399046 0.144979 -0.424566 0.850974 0.309171 0.000000 -0.341475 0.939891 B 2.000000 4.000000 18.000000 C[purple]
-14.664310 15.349200 25.701723 0.988783 0.140382 0.051003 -0.149359 0.929348 0.337645 -0.000000 -0.341475 0.939891 B 2.000000 4.000000 18.000000 C[purple]
-14.731956 9.106970 42.683496 0.910596 0.388455 0.141131 -0.413298 0.855861 0.310946 0.000000 -0.341475 0.939891 B 2.000000 4.000000 18.000000 C[purple]
-14.843163 2.749188 59.895419 0.997458 0.066980 0.024335 -0.071263 0.937501 0.340607 0.000000 -0.341475 0.939891 B 2.000000 4.000000 18.000000 C[purple]
-14.786310 -4.871271 -77.203577 0.980914 -0.182755 -0.066397 0.194443 0.921952 0.334958 -0.000000 -0.341475 0.939891 B 2.000000 4.000000 18.000000 C[purple]
-14.965616 -10.886280 -60.027309 0.974856 -0.209442 -0.076093 0.222837 0.916258 0.332889 0.000000 -0.341475 0.939891 B 2.000000 4.000000 18.000000 C[purple]
-15.133225 -17.247423 -42.520516 0.909003 -0.391737 -0.142324 0.416790 0.854363 0.310402 0.000000 -0.341475 0.939891 B 2.000000 4.000000 18.000000 C[purple]
-15.192651 -23.179994 -25.468996 0.910057 -0.389568 -0.141535 0.414482 0.855354 0.310762 0.000000 -0.341475 0.939891 B 2.000000 4.000000 18.000000 C[purple]
-15.064858 -29.797302 -8.384839 0.870934 -0.461862 -0.167801 0.491400 0.818583 0.297403 0.000000 -0.341475 0.939891 B 2.000000 4.000000 18.000000 C[purple]
-15.406633 26.525912 8.739490 0.892668 -0.423623 -0.153908 0.450715 0.839010 0.304824 0.000000 -0.341475 0.939891 B 2.000000 4.000000 18.000000 C[purple]
-15.238889 20.303855 25.841411 0.742174 -0.629922 -0.228859 0.670208 0.697562 0.253434 -0.000000 -0.341475 0.939891 B 2.000000 4.000000 18.000000 C[purple]
-14.997941 13.833735 43.254516 0.693686 -0.676982 -0.245957 0.720277 0.651989 0.236877 0.000000 -0.341475 0.939891 B 2.000000 4.000000 18.000000 C[purple]
-15.139617 7.679928 60.360694 0.891943 -0.424970 -0.154398 0.452149 0.838329 0.304576 0.000000 -0.341475 0.939891 B 2.000000 4.000000 18.000000 C[purple]
-14.921322 1.241007 77.467815 0.834161 -0.518370 -0.188331 0.551521 0.784020 0.284845 -0.000000 -0.341475 0.939891 B 2.000000 4.000000 18.000000 C[purple]
-33.279371 3.140149 77.583876 -0.360841 -0.876568 -0.318469 0.932627 -0.339152 -0.123218 -0.000000 -0.341475 0.939891 B 2.000000 4.000000 18.000000 C[purple]
-33.634019 -3.008523 -77.439569 -0.286032 -0.900622 -0.327209 0.958220 -0.268838 -0.097673 -0.000000 -0.341475 0.939891 B 2.000000 4.000000 18.000000 C[purple]
-33.823507 -9.346341 -59.820669 -0.187957 -0.923139 -0.335389 0.982177 -0.176659 -0.064183 0.000000 -0.341475 0.939891 B 2.000000 4.000000 18.000000 C[purple]
-33.802092 -15.496072 -42.853598 -0.178398 -0.924813 -0.335998 0.983958 -0.167674 -0.060918 -0.000000 -0.341475 0.939891 B 2.000000 4.000000 18.000000 C[purple]
-34.036294 -21.874305 -25.578300 0.125264 -0.932488 -0.338786 0.992123 0.117734 0.042774 -0.000000 -0.341475 0.939891 B 2.000000 4.000000 18.000000 C[purple]
-34.162144 -28.163872 -8.395615 0.258591 -0.907922 -0.329861 0.965987 0.243047 0.088302 -0.000000 -0.341475 0.939891 B 2.000000 4.000000 18.000000 C[purple]
-33.948655 28.234841 8.690094 0.283837 -0.901235 -0.327431 0.958872 0.266776 0.096924 -0.000000 -0.341475 0.939891 B 2.000000 4.000000 18.000000 C[purple]
-33.860863 22.026582 25.931203 0.072181 -0.937439 -0.340585 0.997392 0.067842 0.024648 -0.000000 -0.341475 0.939891 B 2.000000 4.000000 18.000000 C[purple]
-33.543946 15.856297 42.904341 -0.019553 -0.939711 -0.341410 0.999809 -0.018377 -0.006677 0.000000 -0.341475 0.939891 B 2.000000 4.000000 18.000000 C[purple]
-33.523813 9.541034 60.431495 -0.203055 -0.920310 -0.334362 0.979167 -0.190850 -0.069338 -0.000000 -0.341475 0.939891 B 2.000000 4.000000 18.000000 C[purple]
1.060699 28.457267 -77.455882 0.930730 0.343724 0.124880 -0.365707 0.874785 0.317821 0.000000 -0.341475 0.939891 B 2.000000 4.000000 18.000000 C[purple]
0.962562 22.266792 -60.379661 0.974700 0.210080 0.076325 -0.223516 0.916112 0.332836 -0.000000 -0.341475 0.939891 B 2.000000 4.000000 18.000000 C[purple]
1.174185 15.901502 -43.040497 0.952572 0.286021 0.103915 -0.304313 0.895314 0.325280 0.000000 -0.341475 0.939891 B 2.000000 4.000000 18.000000 C[purple]
0.765006 9.623697 -25.884371 0.954781 0.279439 0.101524 -0.297310 0.897390 0.326034 0.000000 -0.341475 0.939891 B 2.000000 4.000000 18.000000 C[purple]
0.816261 3.375354 -8.626905 0.868072 0.466598 0.169521 -0.496438 0.815893 0.296425 -0.000000 -0.341475 0.939891 B 2.000000 4.000000 18.000000 C[purple]
0.770528 -3.079049 8.704628 0.955888 0.276075 0.100302 -0.293731 0.898430 0.326412 0.000000 -0.341475 0.939891 B 2.000000 4.000000 18.000000 C[purple]
0.799743 -8.995704 26.021761 0.896561 0.416296 0.151246 -0.442920 0.842669 0.306154 0.000000 -0.341475 0.939891 B 2.000000 4.000000 18.000000 C[purple]
0.751315 -15.473563 43.117320 0.936769 0.328914 0.119499 -0.349949 0.880460 0.319883 0.000000 -0.341475 0.939891 B 2.000000 4.000000 18.000000 C[purple]
0.962217 -21.584221 60.386545 0.983779 0.168604 0.061256 -0.179387 0.924644 0.335936 -0.000000 -0.341475 0.939891 B 2.000000 4.000000 18.000000 C[purple]
1.219241 -27.662394 77.367263 0.996761 0.075592 0.027464 -0.080427 0.936846 0.340369 0.000000 -0.341475 0.939891 B 2.000000 4.000000 18.000000 C[purple]
-6.216750 9.213364 -77.269401 0.714015 -0.658046 -0.239077 0.700130 0.671096 0.243819 0.000000 -0.341475 0.939891 B 2.000000 4.000000 18.000000 C[purple]
-6.036896 2.884070 -60.164760 0.608299 -0.745998 -0.271032 0.793708 0.571735 0.207719 -0.000000 -0.341475 0.939891 B 2.000000 4.000000 18.000000 C[purple]
-5.760483 -3.576025 -43.252249 0.593775 -0.756265 -0.274762 0.804631 0.558084 0.202760 0.000000 -0.341475 0.939891 B 2.000000 4.000000 18.000000 C[purple]
-6.061123 -9.786626 -26.215537 0.653767 -0.711212 -0.258393 0.756696 0.614469 0.223245 -0.000000 -0.341475 0.939891 B 2.000000 4.000000 18.000000 C[purple]
-5.800412 -15.783548 -8.709995 0.622964 -0.735230 -0.267119 0.782251 0.585518 0.212727 0.000000 -0.341475 0.939891 B 2.000000 4.000000 18.000000 C[purple]
-5.885406 -22.235793 8.646527 0.400193 -0.861345 -0.312939 0.916431 0.376138 0.136656 0.000000 -0.341475 0.939891 B 2.000000 4.000000 18.000000 C[purple]
-5.630796 -28.526324 25.820846 0.580768 -0.765136 -0.277985 0.814069 0.545859 0.198318 -0.000000 -0.341475 0.939891 B 2.000000 4.000000 18.000000 C[purple]
-6.013245 27.732665 43.030837 0.441626 -0.843269 -0.306371 0.897199 0.415080 0.150804 -0.000000 -0.341475 0.939891 B 2.000000 4.000000 18.000000 C[purple]
-6.019460 21.804779 60.119344 0.420641 -0.852694 -0.309796 0.907227 0.395357 0.143639 -0.000000 -0.341475 0.939891 B 2.000000 4.000000 18.000000 C[purple]
-6.419718 15.393776 77.373890 0.463277 -0.832944 -0.302620 0.886213 0.435430 0.158198 -0.000000 -0.341475 0.939891 B 2.000000 4.000000 18.000000 C[purple]
-2.444106 15.978616 78.013277 0.955362 0.277678 0.100884 -0.295437 0.897936 0.326233 0.000000 -0.341475 0.939891 B 2.000000 4.000000 18.000000 C[purple]
-2.237540 9.820146 -76.989622 0.967690 0.236985 0.086100 -0.252141 0.909523 0.330442 0.000000 -0.341475 0.939891 B 2.000000 4.000000 18.000000 C[purple]
-1.996200 3.617355 -59.480459 0.966137 0.242521 0.088111 -0.258031 0.908063 0.329912 0.000000 -0.341475 0.939891 B 2.000000 4.000000 18.000000 C[purple]
-1.915383 -2.658435 -42.060655 0.992910 0.111726 0.040592 -0.118872 0.933227 0.339054 0.000000 -0.341475 0.939891 B 2.000000 4.000000 18.000000 C[purple]
-2.077572 -9.074742 -25.129918 0.966990 0.239499 0.087013 -0.254816 0.908865 0.330203 0.000000 -0.341475 0.939891 B 2.000000 4.000000 18.000000 C[purple]
-2.409609 -15.321520 -8.096445 0.991246 0.124089 0.045083 -0.132025 0.931663 0.338486 -0.000000 -0.341475 0.939891 B 2.000000 4.000000 18.000000 C[purple]
-2.483323 -21.619392 8.964950 0.956829 0.273181 0.099250 -0.290652 0.899315 0.326734 0.000000 -0.341475 0.939891 B 2.000000 4.000000 18.000000 C[purple]
-2.467045 -27.768963 26.030472 0.945355 0.306444 0.111335 -0.326042 0.888531 0.322816 -0.000000 -0.341475 0.939891 B 2.000000 4.000000 18.000000 C[purple]
-2.498593 28.797283 43.098414 0.999515 0.029255 0.010629 -0.031126 0.939435 0.341310 -0.000000 -0.341475 0.939891 B 2.000000 4.000000 18.000000 C[purple]
-2.296076 22.359934 60.614335 0.997777 0.062629 0.022754 -0.066634 0.937802 0.340716 0.000000 -0.341475 0.939891 B 2.000000 4.000000 18.000000 C[purple]
-1.566108 -16.503003 -77.265328 0.984654 0.164025 0.059593 -0.174515 0.925468 0.336235 0.000000 -0.341475 0.939891 B 2.000000 4.000000 18.000000 C[purple]
-1.496301 -22.596553 -59.865192 0.890831 0.427025 0.155144 -0.454334 0.837284 0.304197 0.000000 -0.341475 0.939891 B 2.000000 4.000000 18.000000 C[purple]
-1.309144 -29.299199 -42.655750 0.918887 0.370807 0.134719 -0.394521 0.863653 0.313777 0.000000 -0.341475 0.939891 B 2.000000 4.000000 18.000000 C[purple]
-1.324818 26.657180 -25.618343 0.984308 0.165855 0.060257 -0.176462 0.925141 0.336117 -0.000000 -0.341475 0.939891 B 2.000000 4.000000 18.000000 C[purple]
-1.187777 20.595475 -8.447406 0.999170 0.038276 0.013906 -0.040723 0.939111 0.341192 0.000000 -0.341475 0.939891 B 2.000000 4.000000 18.000000 C[purple]
-1.033674 14.516410 8.672690 0.964973 0.246580 0.089586 -0.262349 0.906969 0.329515 -0.000000 -0.341475 0.939891 B 2.000000 4.000000 18.000000 C[purple]
-1.025355 7.998389 25.616305 0.987255 0.149583 0.054346 -0.159149 0.927911 0.337123 0.000000 -0.341475 0.939891 B 2.000000 4.000000 18.000000 C[purple]
-1.379999 1.769829 43.078992 0.993911 0.103563 0.037626 -0.110187 0.934168 0.339396 -0.000000 -0.341475 0.939891 B 2.000000 4.000000 18.000000 C[purple]
-1.439414 -4.107760 60.393145 0.992113 0.117809 0.042801 -0.125343 0.932478 0.338782 0.000000 -0.341475 0.939891 B 2.000000 4.000000 18.000000 C[purple]
-1.660818 -10.037096 77.480994 0.966272 0.242043 0.087938 -0.257522 0.908190 0.329958 0.000000 -0.341475 0.939891 B 2.000000 4.000000 18.000000 C[purple]
-23.147803 13.463616 -77.751182 -0.111349 -0.934046 -0.339352 0.993781 -0.104656 -0.038023 0.000000 -0.341475 0.939891 B 2.000000 4.000000 18.000000 C[purple]
-22.967717 7.603262 -60.699620 -0.139959 -0.930640 -0.338114 0.990157 -0.131546 -0.047793 0.000000 -0.341475 0.939891 B 2.000000 4.000000 18.000000 C[purple]
-23.328774 1.378779 -43.281426 -0.071243 -0.937502 -0.340608 0.997459 -0.066961 -0.024328 0.000000 -0.341475 0.939891 B 2.000000 4.000000 18.000000 C[purple]
-23.362952 -5.106768 -26.104696 -0.013419 -0.939806 -0.341445 0.999910 -0.012612 -0.004582 -0.000000 -0.341475 0.939891 B 2.000000 4.000000 18.000000 C[purple]
-23.590781 -11.194119 -8.806984 0.172464 -0.925807 -0.336359 0.985016 0.162097 0.058892 -0.000000 -0.341475 0.939891 B 2.000000 4.000000 18.000000 C[purple]
-23.355418 -17.211537 8.183864 0.094589 -0.935677 -0.339944 0.995516 0.088903 0.032300 -0.000000 -0.341475 0.939891 B 2.000000 4.000000 18.000000 C[purple]
-23.229799 -23.642056 25.687760 0.003469 -0.939885 -0.341473 0.999994 0.003261 0.001185 0.000000 -0.341475 0.939891 B 2.000000 4.000000 18.000000 C[purple]
-23.152551 -29.619693 42.764034 -0.193938 -0.922046 -0.334992 0.981014 -0.182280 -0.066225 -0.000000 -0.341475 0.939891 B 2.000000 4.000000 18.000000 C[purple]
-23.056286 26.309227 60.138306 -0.106950 -0.934500 -0.339517 0.994264 -0.100521 -0.036521 -0.000000 -0.341475 0.939891 B 2.000000 4.000000 18.000000 C[purple]
-23.123890 19.813486 77.145797 -0.075677 -0.937195 -0.340496 0.997132 -0.071128 -0.025842 0.000000 -0.341475 0.939891 B 2.000000 4.000000 18.000000 C[purple]
-4.642608 5.018297 -77.115962 0.702150 -0.669229 -0.243140 0.712029 0.659944 0.239767 0.000000 -0.341475 0.939891 B 2.000000 4.000000 18.000000 C[purple]
-4.511287 -1.107793 -60.095523 0.892830 -0.423321 -0.153798 0.450394 0.839163 0.304879 -0.000000 -0.341475 0.939891 B 2.000000 4.000000 18.000000 C[purple]
-4.161984 -7.500700 -42.751897 0.860977 -0.478070 -0.173690 0.508644 0.809224 0.294002 0.000000 -0.341475 0.939891 B 2.000000 4.000000 18.000000 C[purple]
-4.249689 -13.825061 -25.325125 0.874100 -0.456549 -0.165871 0.485747 0.821558 0.298483 0.000000 -0.341475 0.939891 B 2.000000 4.000000 18.000000 C[purple]
-4.256082 -19.790374 -7.969563 0.889728 -0.429051 -0.155880 0.456490 0.836247 0.303820 0.000000 -0.341475 0.939891 B 2.000000 4.000000 18.000000 C[purple]
-4.435812 -26.364995 9.001467 0.805141 -0.557433 -0.202523 0.593083 0.756745 0.274936 0.000000 -0.341475 0.939891 B 2.000000 4.000000 18.000000 C[purple]
-4.598745 29.856244 26.104157 0.754886 -0.616432 -0.223959 0.655855 0.709511 0.257775 0.000000 -0.341475 0.939891 B 2.000000 4.000000 18.000000 C[purple]
