6.620260 -26.532816 -77.147992 0.881192 0.444341 0.161435 -0.472759 0.828224 0.300905 0.000000 -0.341475 0.939891 B 2.000000 4.000000 18.000000 C[purple]
6.387670 29.664045 -60.013447 0.957935 0.269734 0.097998 -0.286984 0.900355 0.327111 0.000000 -0.341475 0.939891 B 2.000000 4.000000 18.000000 C[purple]
6.383807 23.734057 -42.771872 0.866416 0.469308 0.170506 -0.499322 0.814337 0.295860 -0.000000 -0.341475 0.939891 B 2.000000 4.000000 18.000000 C[purple]
6.406753 17.679765 -25.363387 0.817455 0.541370 0.196687 -0.575993 0.768318 0.279141 0.000000 -0.341475 0.939891 B 2.000000 4.000000 18.000000 C[purple]
6.494254 11.202783 -8.284099 0.886330 0.435220 0.158121 -0.463054 0.833054 0.302660 0.000000 -0.341475 0.939891 B 2.000000 4.000000 18.000000 C[purple]
6.307453 4.547747 8.849418 0.866445 0.469262 0.170489 -0.499273 0.814364 0.295870 -0.000000 -0.341475 0.939891 B 2.000000 4.000000 18.000000 C[purple]
6.159560 -1.827010 26.144028 0.805464 0.557021 0.202373 -0.592644 0.757048 0.275046 0.000000 -0.341475 0.939891 B 2.000000 4.000000 18.000000 C[purple]
6.200652 -7.947176 43.113774 0.587201 0.760786 0.276404 -0.809441 0.551905 0.200515 -0.000000 -0.341475 0.939891 B 2.000000 4.000000 18.000000 C[purple]
6.550014 -14.101312 60.579275 0.565958 0.774878 0.281524 -0.824434 0.531938 0.193261 -0.000000 -0.341475 0.939891 B 2.000000 4.000000 18.000000 C[purple]
6.591940 -20.401174 77.529687 0.764772 0.605572 0.220013 -0.644301 0.718802 0.261151 -0.000000 -0.341475 0.939891 B 2.000000 4.000000 18.000000 C[purple]
-33.812294 7.800040 -77.500863 0.967296 -0.238405 -0.086616 0.253652 0.909152 0.330308 0.000000 -0.341475 0.939891 B 2.000000 4.000000 18.000000 C[purple]
-33.798592 1.604566 -60.350817 0.821127 -0.536439 -0.194896 0.570746 0.771769 0.280395 -0.000000 -0.341475 0.939891 B 2.000000 4.000000 18.000000 C[purple]
-33.913254 -4.383011 -42.794605 0.840528 -0.509203 -0.185001 0.541768 0.790004 0.287020 -0.000000 -0.341475 0.939891 B 2.000000 4.000000 18.000000 C[purple]
-33.815581 -10.703286 -25.518071 0.671814 -0.696196 -0.252938 0.740720 0.631432 0.229408 0.000000 -0.341475 0.939891 B 2.000000 4.000000 18.000000 C[purple]
-33.944830 -17.285572 -8.408956 0.814703 -0.545023 -0.198014 0.579879 0.765732 0.278201 -0.000000 -0.341475 0.939891 B 2.000000 4.000000 18.000000 C[purple]
-34.050249 -23.685373 8.792983 0.979327 -0.190125 -0.069075 0.202284 0.920460 0.334416 -0.000000 -0.341475 0.939891 B 2.000000 4.000000 18.000000 C[purple]
-34.109201 -30.207019 26.094244 0.984278 -0.166011 -0.060314 0.176627 0.925114 0.336107 0.000000 -0.341475 0.939891 B 2.000000 4.000000 18.000000 C[purple]
-33.985644 26.226635 43.121056 0.920435 -0.367400 -0.133482 0.390896 0.865108 0.314306 0.000000 -0.341475 0.939891 B 2.000000 4.000000 18.000000 C[purple]
-34.126499 20.274181 60.477889 0.857971 -0.482820 -0.175415 0.513698 0.806399 0.292976 -0.000000 -0.341475 0.939891 B 2.000000 4.000000 18.000000 C[purple]
-33.752811 14.001288 77.415413 0.849100 -0.496481 -0.180378 0.528233 0.798061 0.289947 -0.000000 -0.341475 0.939891 B 2.000000 4.000000 18.000000 C[purple]
-41.182803 -6.458123 77.507003 0.893815 -0.421481 -0.153130 0.448437 0.840088 0.305216 0.000000 -0.341475 0.939891 B 2.000000 4.000000 18.000000 C[purple]
-41.418367 -12.895089 -77.485922 0.847816 -0.498416 -0.181081 0.530291 0.796854 0.289508 -0.000000 -0.341475 0.939891 B 2.000000 4.000000 18.000000 C[purple]
-41.440059 -18.823584 -60.346506 0.748429 -0.623349 -0.226471 0.663215 0.703442 0.255570 0.000000 -0.341475 0.939891 B 2.000000 4.000000 18.000000 C[purple]
-41.272402 -24.739713 -42.954055 0.845643 -0.501666 -0.182262 0.533749 0.794812 0.288766 0.000000 -0.341475 0.939891 B 2.000000 4.000000 18.000000 C[purple]
-41.173072 -31.026864 -25.550690 0.633563 -0.727185 -0.264196 0.773691 0.595480 0.216346 0.000000 -0.341475 0.939891 B 2.000000 4.000000 18.000000 C[purple]
-41.015482 25.411852 -8.243808 0.826232 -0.529469 -0.192363 0.563330 0.776568 0.282138 0.000000 -0.341475 0.939891 B 2.000000 4.000000 18.000000 C[purple]
-40.969890 18.978421 8.972805 0.852389 -0.491477 -0.178561 0.522909 0.801152 0.291070 -0.000000 -0.341475 0.939891 B 2.000000 4.000000 18.000000 C[purple]
-41.214426 12.639231 26.030807 0.947423 -0.300750 -0.109267 0.319984 0.890474 0.323522 -0.000000 -0.341475 0.939891 B 2.000000 4.000000 18.000000 C[purple]
-41.097159 6.205230 43.213890 0.999885 -0.014282 -0.005189 0.015195 0.939782 0.341436 0.000000 -0.341475 0.939891 B 2.000000 4.000000 18.000000 C[purple]
-41.279375 -0.051835 60.204545 0.980259 -0.185832 -0.067515 0.197717 0.921336 0.334734 -0.000000 -0.341475 0.939891 B 2.000000 4.000000 18.000000 C[purple]
-18.591963 -4.776511 77.098815 0.835757 0.516093 0.187504 -0.549099 0.785520 0.285391 -0.000000 -0.341475 0.939891 B 2.000000 4.000000 18.000000 C[purple]
-18.835323 -10.986157 -77.860545 0.838604 0.511997 0.186016 -0.544741 0.788196 0.286363 -0.000000 -0.341475 0.939891 B 2.000000 4.000000 18.000000 C[purple]
-18.932117 -17.417548 -60.620912 0.770606 0.599004 0.217626 -0.637312 0.724285 0.263143 0.000000 -0.341475 0.939891 B 2.000000 4.000000 18.000000 C[purple]
-19.076606 -23.665892 -43.211026 0.768291 0.601625 0.218579 -0.640101 0.722109 0.262352 -0.000000 -0.341475 0.939891 B 2.000000 4.000000 18.000000 C[purple]
-18.810900 -29.916219 -25.992049 0.669187 0.698427 0.253748 -0.743094 0.628963 0.228511 -0.000000 -0.341475 0.939891 B 2.000000 4.000000 18.000000 C[purple]
-18.763987 26.109700 -8.894127 0.868964 0.465129 0.168988 -0.494876 0.816731 0.296730 0.000000 -0.341475 0.939891 B 2.000000 4.000000 18.000000 C[purple]
-18.640301 19.722036 8.298609 0.809055 0.552405 0.200697 -0.587734 0.760423 0.276272 -0.000000 -0.341475 0.939891 B 2.000000 4.000000 18.000000 C[purple]
-18.457418 13.336587 25.730896 0.927822 0.350601 0.127378 -0.373023 0.872051 0.316828 -0.000000 -0.341475 0.939891 B 2.000000 4.000000 18.000000 C[purple]
-18.613744 7.454831 42.856222 0.898595 0.412404 0.149832 -0.438779 0.844581 0.306848 0.000000 -0.341475 0.939891 B 2.000000 4.000000 18.000000 C[purple]
-18.645609 1.275218 60.053602 0.734043 0.638283 0.231897 -0.679104 0.689920 0.250657 0.000000 -0.341475 0.939891 B 2.000000 4.000000 18.000000 C[purple]
30.071118 -5.362776 -77.585767 -0.482263 -0.823369 -0.299141 0.876026 -0.453275 -0.164681 -0.000000 -0.341475 0.939891 B 2.000000 4.000000 18.000000 C[purple]
29.678090 -11.407664 -60.331142 -0.413672 -0.855701 -0.310888 0.910426 -0.388806 -0.141259 0.000000 -0.341475 0.939891 B 2.000000 4.000000 18.000000 C[purple]
29.397363 -17.619959 -42.945540 -0.525684 -0.799546 -0.290486 0.850680 -0.494085 -0.179508 0.000000 -0.341475 0.939891 B 2.000000 4.000000 18.000000 C[purple]
29.579754 -23.873958 -25.867479 -0.240865 -0.912219 -0.331422 0.970559 -0.226387 -0.082249 0.000000 -0.341475 0.939891 B 2.000000 4.000000 18.000000 C[purple]
29.305799 -30.184595 -8.437629 -0.404832 -0.859428 -0.312242 0.914391 -0.380498 -0.138240 0.000000 -0.341475 0.939891 B 2.000000 4.000000 18.000000 C[purple]
29.318431 26.010241 8.921992 -0.437688 -0.845081 -0.307030 0.899127 -0.411379 -0.149460 0.000000 -0.341475 0.939891 B 2.000000 4.000000 18.000000 C[purple]
29.383666 19.652031 25.807687 -0.270374 -0.904885 -0.328757 0.962755 -0.254122 -0.092326 0.000000 -0.341475 0.939891 B 2.000000 4.000000 18.000000 C[purple]
29.741595 13.376685 43.082071 -0.339161 -0.884182 -0.321236 0.940728 -0.318774 -0.115815 0.000000 -0.341475 0.939891 B 2.000000 4.000000 18.000000 C[purple]
29.715425 7.120816 60.091268 -0.267993 -0.905510 -0.328985 0.963421 -0.251884 -0.091513 -0.000000 -0.341475 0.939891 B 2.000000 4.000000 18.000000 C[purple]
29.755620 0.977233 77.203025 -0.517558 -0.804216 -0.292183 0.855648 -0.486448 -0.176733 0.000000 -0.341475 0.939891 B 2.000000 4.000000 18.000000 C[purple]
39.257429 -18.260703 77.163166 0.726805 0.645558 0.234540 -0.686844 0.683117 0.248186 0.000000 -0.341475 0.939891 B 2.000000 4.000000 18.000000 C[purple]
38.870805 -24.369286 -77.714025 0.718392 0.653824 0.237543 -0.695638 0.675210 0.245313 -0.000000 -0.341475 0.939891 B 2.000000 4.000000 18.000000 C[purple]
38.958881 -30.505498 -60.389199 0.506823 0.810233 0.294369 -0.862050 0.476358 0.173067 0.000000 -0.341475 0.939891 B 2.000000 4.000000 18.000000 C[purple]
38.832222 25.692125 -42.915121 0.550187 0.784848 0.285146 -0.835041 0.517116 0.187875 -0.000000 -0.341475 0.939891 B 2.000000 4.000000 18.000000 C[purple]
38.675052 19.628071 -25.859536 0.659401 0.706602 0.256718 -0.751792 0.619764 0.225169 -0.000000 -0.341475 0.939891 B 2.000000 4.000000 18.000000 C[purple]
38.968138 13.255713 -8.522153 0.625429 0.733379 0.266447 -0.780281 0.587835 0.213568 -0.000000 -0.341475 0.939891 B 2.000000 4.000000 18.000000 C[purple]
39.105521 6.656407 8.594049 0.525345 0.799743 0.290558 -0.850889 0.493767 0.179392 0.000000 -0.341475 0.939891 B 2.000000 4.000000 18.000000 C[purple]
39.172435 0.490453 25.636705 0.444904 0.841746 0.305818 -0.895578 0.418161 0.151924 0.000000 -0.341475 0.939891 B 2.000000 4.000000 18.000000 C[purple]
39.432334 -5.776793 42.854546 0.540985 0.790478 0.287192 -0.841032 0.508467 0.184733 0.000000 -0.341475 0.939891 B 2.000000 4.000000 18.000000 C[purple]
39.298269 -12.050478 59.745676 0.427656 0.849606 0.308674 -0.903942 0.401950 0.146034 0.000000 -0.341475 0.939891 B 2.000000 4.000000 18.000000 C[purple]
4.716555 26.351822 77.100433 -0.509178 0.808927 0.293895 -0.860661 -0.478572 -0.173872 -0.000000 -0.341475 0.939891 B 2.000000 4.000000 18.000000 C[purple]
4.768730 19.968589 -77.570615 -0.503608 0.812002 0.295012 -0.863932 -0.473336 -0.171970 0.000000 -0.341475 0.939891 B 2.000000 4.000000 18.000000 C[purple]
4.739744 13.653866 -60.277450 -0.546352 0.787211 0.286005 -0.837556 -0.513511 -0.186566 -0.000000 -0.341475 0.939891 B 2.000000 4.000000 18.000000 C[purple]
4.735652 7.702226 -43.137032 -0.366189 0.874606 0.317757 -0.930540 -0.344178 -0.125045 -0.000000 -0.341475 0.939891 B 2.000000 4.000000 18.000000 C[purple]
4.327259 1.346089 -25.875259 -0.153928 0.928689 0.337406 -0.988082 -0.144675 -0.052562 0.000000 -0.341475 0.939891 B 2.000000 4.000000 18.000000 C[purple]
4.435700 -5.168152 -8.736206 -0.088946 0.936165 0.340122 -0.996036 -0.083600 -0.030373 -0.000000 -0.341475 0.939891 B 2.000000 4.000000 18.000000 C[purple]
4.556613 -11.391564 8.525052 -0.245472 0.911133 0.331028 -0.969404 -0.230717 -0.083823 -0.000000 -0.341475 0.939891 B 2.000000 4.000000 18.000000 C[purple]
4.712684 -17.756799 25.805800 -0.480266 0.824400 0.299516 -0.877123 -0.451398 -0.163999 0.000000 -0.341475 0.939891 B 2.000000 4.000000 18.000000 C[purple]
4.776337 -23.611642 43.076456 -0.427391 0.849724 0.308717 -0.904067 -0.401701 -0.145944 0.000000 -0.341475 0.939891 B 2.000000 4.000000 18.000000 C[purple]
4.567494 -29.923912 60.060153 -0.555421 0.781584 0.283960 -0.831569 -0.522035 -0.189663 -0.000000 -0.341475 0.939891 B 2.000000 4.000000 18.000000 C[purple]
-19.626673 12.798886 -77.581780 0.500751 0.813561 0.295578 -0.865591 0.470651 0.170994 -0.000000 -0.341475 0.939891 B 2.000000 4.000000 18.000000 C[purple]
-19.778665 6.527532 -60.206629 0.306458 0.894667 0.325045 -0.951884 0.288037 0.104648 0.000000 -0.341475 0.939891 B 2.000000 4.000000 18.000000 C[purple]
-19.973306 0.400381 -42.982386 0.660913 0.705352 0.256264 -0.750462 0.621186 0.225686 0.000000 -0.341475 0.939891 B 2.000000 4.000000 18.000000 C[purple]
-19.918438 -5.799470 -26.080620 0.650098 0.714176 0.259470 -0.759850 0.611021 0.221993 0.000000 -0.341475 0.939891 B 2.000000 4.000000 18.000000 C[purple]
-19.812673 -12.239095 -9.101634 0.800447 0.563373 0.204681 -0.599403 0.752333 0.273333 -0.000000 -0.341475 0.939891 B 2.000000 4.000000 18.000000 C[purple]
-19.987706 -18.590499 8.183982 0.878450 0.449112 0.163169 -0.477835 0.825647 0.299969 0.000000 -0.341475 0.939891 B 2.000000 4.000000 18.000000 C[purple]
-19.989990 -25.105172 25.210974 0.761666 0.609021 0.221266 -0.647970 0.715883 0.260090 0.000000 -0.341475 0.939891 B 2.000000 4.000000 18.000000 C[purple]
-19.953394 -30.984961 42.555652 0.710731 0.661179 0.240216 -0.703464 0.668009 0.242697 0.000000 -0.341475 0.939891 B 2.000000 4.000000 18.000000 C[purple]
-20.182838 25.272251 59.843905 0.576420 0.768035 0.279038 -0.817153 0.541772 0.196833 0.000000 -0.341475 0.939891 B 2.000000 4.000000 18.000000 C[purple]
-19.936555 19.040833 77.388718 0.549127 0.785503 0.285384 -0.835739 0.516119 0.187513 0.000000 -0.341475 0.939891 B 2.000000 4.000000 18.000000 C[purple]
18.526963 15.395766 77.186852 0.735895 0.636396 0.231211 -0.677095 0.691661 0.251290 0.000000 -0.341475 0.939891 B 2.000000 4.000000 18.000000 C[purple]
18.297457 9.242605 -77.460978 0.553610 0.782718 0.284373 -0.832776 0.520333 0.189044 0.000000 -0.341475 0.939891 B 2.000000 4.000000 18.000000 C[purple]
18.686397 2.774733 -60.196075 0.601600 0.750782 0.272770 -0.798797 0.565439 0.205432 -0.000000 -0.341475 0.939891 B 2.000000 4.000000 18.000000 C[purple]
18.620995 -3.425974 -42.923821 0.790198 0.576014 0.209274 -0.612852 0.742699 0.269833 -0.000000 -0.341475 0.939891 B 2.000000 4.000000 18.000000 C[purple]
18.714220 -9.888365 -25.619624 0.833175 0.519768 0.188839 -0.553009 0.783094 0.284509 0.000000 -0.341475 0.939891 B 2.000000 4.000000 18.000000 C[purple]
18.622001 -15.707936 -8.208767 0.835522 0.516429 0.187626 -0.549457 0.785300 0.285310 -0.000000 -0.341475 0.939891 B 2.000000 4.000000 18.000000 C[purple]
18.720752 -21.948063 8.991102 0.917805 0.373167 0.135577 -0.397032 0.862636 0.313408 0.000000 -0.341475 0.939891 B 2.000000 4.000000 18.000000 C[purple]
18.880487 -28.489890 26.051532 0.923460 0.360631 0.131022 -0.383694 0.867952 0.315339 0.000000 -0.341475 0.939891 B 2.000000 4.000000 18.000000 C[purple]
18.891592 27.861436 43.110814 0.717610 0.654582 0.237819 -0.696445 0.674475 0.245046 0.000000 -0.341475 0.939891 B 2.000000 4.000000 18.000000 C[purple]
18.721807 21.879779 60.141761 0.685800 0.684043 0.248523 -0.727790 0.644577 0.234184 0.000000 -0.341475 0.939891 B 2.000000 4.000000 18.000000 C[purple]
-32.250099 -1.970111 77.106253 0.576283 0.768126 0.279071 -0.817250 0.541643 0.196786 0.000000 -0.341475 0.939891 B 2.000000 4.000000 18.000000 C[purple]
-32.357911 -8.013426 -77.628671 0.442123 0.843039 0.306288 -0.896954 0.415548 0.150974 -0.000000 -0.341475 0.939891 B 2.000000 4.000000 18.000000 C[purple]
-32.184877 -14.405429 -60.308207 0.208481 0.919238 0.333972 -0.978026 0.195950 0.071191 0.000000 -0.341475 0.939891 B 2.000000 4.000000 18.000000 C[purple]
-32.146755 -20.736256 -43.225559 0.390423 0.865297 0.314374 -0.920636 0.366955 0.133320 0.000000 -0.341475 0.939891 B 2.000000 4.000000 18.000000 C[purple]
-32.118609 -27.084321 -25.992298 0.567552 0.773847 0.281149 -0.823337 0.533437 0.193805 0.000000 -0.341475 0.939891 B 2.000000 4.000000 18.000000 C[purple]
-32.318168 29.250967 -8.591766 0.519393 0.803170 0.291803 -0.854536 0.488173 0.177360 0.000000 -0.341475 0.939891 B 2.000000 4.000000 18.000000 C[purple]
-32.110709 23.033296 8.705938 0.682730 0.686751 0.249506 -0.730671 0.641691 0.233135 0.000000 -0.341475 0.939891 B 2.000000 4.000000 18.000000 C[purple]
-32.010714 16.803034 25.694675 0.580574 0.765266 0.278032 -0.814207 0.545676 0.198252 0.000000 -0.341475 0.939891 B 2.000000 4.000000 18.000000 C[purple]
-31.996194 10.498713 43.087848 0.370044 0.873172 0.317235 -0.929014 0.347801 0.126361 -0.000000 -0.341475 0.939891 B 2.000000 4.000000 18.000000 C[purple]
-31.932993 4.138883 60.113170 0.409111 0.857636 0.311591 -0.912485 0.384519 0.139701 0.000000 -0.341475 0.939891 B 2.000000 4.000000 18.000000 C[purple]
-40.728572 -24.752653 -77.407285 0.914828 0.379569 0.137903 -0.403844 0.859838 0.312391 0.000000 -0.341475 0.939891 B 2.000000 4.000000 18.000000 C[purple]
-40.739850 -31.000724 -59.918151 0.990029 0.132397 0.048102 -0.140864 0.930519 0.338071 0.000000 -0.341475 0.939891 B 2.000000 4.000000 18.000000 C[purple]
-40.844943 25.319008 -42.918411 0.981528 -0.179820 -0.065331 0.191320 0.922529 0.335168 -0.000000 -0.341475 0.939891 B 2.000000 4.000000 18.000000 C[purple]
-40.676855 18.870055 -25.945473 0.999949 0.009528 0.003462 -0.010138 0.939842 0.341458 0.000000 -0.341475 0.939891 B 2.000000 4.000000 18.000000 C[purple]
-40.465306 12.585317 -8.954456 0.990231 -0.131053 -0.047614 0.139435 0.930709 0.338140 -0.000000 -0.341475 0.939891 B 2.000000 4.000000 18.000000 C[purple]
-40.209120 6.555900 8.376290 0.999258 0.036195 0.013150 -0.038509 0.939194 0.341222 0.000000 -0.341475 0.939891 B 2.000000 4.000000 18.000000 C[purple]
-40.396470 0.316354 25.473886 0.998804 -0.045956 -0.016697 0.048895 0.938767 0.341067 -0.000000 -0.341475 0.939891 B 2.000000 4.000000 18.000000 C[purple]
-40.600646 -5.662343 42.951609 0.998251 -0.055559 -0.020185 0.059112 0.938247 0.340878 0.000000 -0.341475 0.939891 B 2.000000 4.000000 18.000000 C[purple]
-40.687018 -12.136761 60.275816 0.993943 0.103290 0.037527 -0.109896 0.934198 0.339407 0.000000 -0.341475 0.939891 B 2.000000 4.000000 18.000000 C[purple]
-40.660997 -18.322383 77.401979 0.978691 0.192994 0.070117 -0.205336 0.919863 0.334199 0.000000 -0.341475 0.939891 B 2.000000 4.000000 18.000000 C[purple]
5.829915 -10.324810 -77.367073 0.777139 -0.591501 -0.214900 0.629329 0.730426 0.265374 0.000000 -0.341475 0.939891 B 2.000000 4.000000 18.000000 C[purple]
5.887507 -16.484563 -60.062702 0.954879 -0.279141 -0.101416 0.296994 0.897482 0.326068 -0.000000 -0.341475 0.939891 B 2.000000 4.000000 18.000000 C[purple]
6.048883 -22.762380 -43.100741 0.914804 -0.379620 -0.137921 0.403898 0.859816 0.312383 0.000000 -0.341475 0.939891 B 2.000000 4.000000 18.000000 C[purple]
6.096885 -28.569255 -25.752458 0.916360 -0.376290 -0.136711 0.400355 0.861279 0.312915 0.000000 -0.341475 0.939891 B 2.000000 4.000000 18.000000 C[purple]
6.376406 27.596748 -8.781468 0.894505 -0.420185 -0.152659 0.447058 0.840737 0.305452 -0.000000 -0.341475 0.939891 B 2.000000 4.000000 18.000000 C[purple]
6.362529 21.482964 8.537299 0.972924 -0.217231 -0.078923 0.231123 0.914443 0.332230 0.000000 -0.341475 0.939891 B 2.000000 4.000000 18.000000 C[purple]
6.470999 15.370415 25.713538 0.795038 -0.570100 -0.207125 0.606559 0.747249 0.271486 0.000000 -0.341475 0.939891 B 2.000000 4.000000 18.000000 C[purple]
6.269296 9.067717 42.946083 0.807067 -0.554967 -0.201627 0.590460 0.758555 0.275594 0.000000 -0.341475 0.939891 B 2.000000 4.000000 18.000000 C[purple]
6.236621 2.414274 60.120427 0.811288 -0.549504 -0.199643 0.584647 0.762522 0.277035 -0.000000 -0.341475 0.939891 B 2.000000 4.000000 18.000000 C[purple]
6.105433 -4.162159 77.608254 0.831051 -0.522763 -0.189927 0.556196 0.781097 0.283784 0.000000 -0.341475 0.939891 B 2.000000 4.000000 18.000000 C[purple]
-27.948328 19.625289 -77.152081 0.833254 -0.519657 -0.188799 0.552891 0.783167 0.284536 -0.000000 -0.341475 0.939891 B 2.000000 4.000000 18.000000 C[purple]
-28.210850 12.998356 -59.869916 0.724958 -0.647390 -0.235206 0.688793 0.681382 0.247555 0.000000 -0.341475 0.939891 B 2.000000 4.000000 18.000000 C[purple]
-28.081425 7.043977 -42.742423 0.819201 -0.539034 -0.195838 0.573507 0.769959 0.279737 -0.000000 -0.341475 0.939891 B 2.000000 4.000000 18.000000 C[purple]
-27.963339 0.577669 -25.388060 0.886345 -0.435193 -0.158112 0.463025 0.833068 0.302665 -0.000000 -0.341475 0.939891 B 2.000000 4.000000 18.000000 C[purple]
-27.924800 -6.062837 -8.114785 0.832445 -0.520801 -0.189214 0.554108 0.782407 0.284259 -0.000000 -0.341475 0.939891 B 2.000000 4.000000 18.000000 C[purple]
-27.958301 -12.212582 8.832936 0.862456 -0.475709 -0.172832 0.506132 0.810614 0.294507 0.000000 -0.341475 0.939891 B 2.000000 4.000000 18.000000 C[purple]
-27.720630 -18.218085 26.344301 0.896204 -0.416975 -0.151493 0.443642 0.842334 0.306032 -0.000000 -0.341475 0.939891 B 2.000000 4.000000 18.000000 C[purple]
-27.678408 -24.322457 43.401143 0.803289 -0.559789 -0.203379 0.595590 0.755004 0.274303 -0.000000 -0.341475 0.939891 B 2.000000 4.000000 18.000000 C[purple]
-27.854769 -30.713044 60.682738 0.592710 -0.757003 -0.275030 0.805416 0.557083 0.202396 0.000000 -0.341475 0.939891 B 2.000000 4.000000 18.000000 C[purple]
-27.852149 25.921485 77.798490 0.662493 -0.704042 -0.255788 0.749068 0.622671 0.226225 0.000000 -0.341475 0.939891 B 2.000000 4.000000 18.000000 C[purple]
20.179062 25.985693 77.154336 -0.388594 -0.866024 -0.314639 0.921409 -0.365236 -0.132695 0.000000 -0.341475 0.939891 B 2.000000 4.000000 18.000000 C[purple]
20.192440 19.920906 -77.536866 -0.529973 -0.797041 -0.289576 0.848015 -0.498117 -0.180973 0.000000 -0.341475 0.939891 B 2.000000 4.000000 18.000000 C[purple]
20.254524 13.338967 -60.173418 -0.530933 -0.796476 -0.289371 0.847414 -0.499019 -0.181301 -0.000000 -0.341475 0.939891 B 2.000000 4.000000 18.000000 C[purple]
20.307421 6.897865 -42.596363 -0.422338 -0.851953 -0.309526 0.906438 -0.396952 -0.144218 -0.000000 -0.341475 0.939891 B 2.000000 4.000000 18.000000 C[purple]
20.158848 0.684148 -25.464551 -0.343023 -0.882865 -0.320757 0.939327 -0.322404 -0.117134 0.000000 -0.341475 0.939891 B 2.000000 4.000000 18.000000 C[purple]
20.366037 -5.505782 -8.369610 -0.552442 -0.783447 -0.284637 0.833552 -0.519235 -0.188645 0.000000 -0.341475 0.939891 B 2.000000 4.000000 18.000000 C[purple]
20.090844 -11.713640 8.775148 -0.339587 -0.884038 -0.321183 0.940575 -0.319174 -0.115960 0.000000 -0.341475 0.939891 B 2.000000 4.000000 18.000000 C[purple]
20.060251 -17.896657 25.871439 -0.404507 -0.859563 -0.312291 0.914535 -0.380192 -0.138129 -0.000000 -0.341475 0.939891 B 2.000000 4.000000 18.000000 C[purple]
19.884523 -24.206849 42.772141 -0.308900 -0.893925 -0.324775 0.951095 -0.290332 -0.105482 0.000000 -0.341475 0.939891 B 2.000000 4.000000 18.000000 C[purple]
20.075980 -30.135374 60.042597 -0.401091 -0.860976 -0.312804 0.916038 -0.376982 -0.136963 0.000000 -0.341475 0.939891 B 2.000000 4.000000 18.000000 C[purple]
13.657593 -19.864109 -78.032189 -0.827437 0.527803 0.191758 -0.561558 -0.777701 -0.282549 0.000000 -0.341475 0.939891 B 2.000000 4.000000 18.000000 C[purple]
13.807773 -26.297749 -60.632612 -0.804133 0.558718 0.202990 -0.594450 -0.755797 -0.274592 0.000000 -0.341475 0.939891 B 2.000000 4.000000 18.000000 C[purple]
13.885884 29.834412 -43.273948 -0.774961 0.594019 0.215815 -0.632009 -0.728379 -0.264630 0.000000 -0.341475 0.939891 B 2.000000 4.000000 18.000000 C[purple]
14.142268 23.627927 -25.934348 -0.803450 0.559585 0.203305 -0.595373 -0.755155 -0.274358 0.000000 -0.341475 0.939891 B 2.000000 4.000000 18.000000 C[purple]
14.156574 17.233593 -8.531602 -0.779582 0.588654 0.213866 -0.626300 -0.732722 -0.266208 -0.000000 -0.341475 0.939891 B 2.000000 4.000000 18.000000 C[purple]
13.991977 10.922120 8.648629 -0.740149 0.632023 0.229623 -0.672443 -0.695659 -0.252743 0.000000 -0.341475 0.939891 B 2.000000 4.000000 18.000000 C[purple]
14.157321 4.925640 25.700135 -0.677655 0.691177 0.251114 -0.735380 -0.636922 -0.231403 -0.000000 -0.341475 0.939891 B 2.000000 4.000000 18.000000 C[purple]
13.835827 -1.279081 42.660211 -0.722048 0.650257 0.236247 -0.691843 -0.678646 -0.246562 0.000000 -0.341475 0.939891 B 2.000000 4.000000 18.000000 C[purple]
13.914853 -7.330438 59.979928 -0.665251 0.701741 0.254952 -0.746619 -0.625264 -0.227167 0.000000 -0.341475 0.939891 B 2.000000 4.000000 18.000000 C[purple]
13.763791 -13.769850 76.988802 -0.794179 0.571156 0.207509 -0.607684 -0.746442 -0.271193 0.000000 -0.341475 0.939891 B 2.000000 4.000000 18.000000 C[purple]
-11.705089 -13.278623 -77.574656 0.999905 -0.012964 -0.004710 0.013793 0.939801 0.341443 -0.000000 -0.341475 0.939891 B 2.000000 4.000000 18.000000 C[purple]
-11.582511 -19.275566 -60.228497 0.977628 0.197697 0.071826 -0.210341 0.918864 0.333836 -0.000000 -0.341475 0.939891 B 2.000000 4.000000 18.000000 C[purple]
-11.448536 -25.408684 -42.898253 0.928071 0.350019 0.127167 -0.372404 0.872285 0.316913 0.000000 -0.341475 0.939891 B 2.000000 4.000000 18.000000 C[purple]
-11.503532 30.774048 -25.611721 0.841652 0.507560 0.184404 -0.540020 0.791061 0.287403 -0.000000 -0.341475 0.939891 B 2.000000 4.000000 18.000000 C[purple]
-11.456495 24.299307 -8.256267 0.962094 0.256324 0.093126 -0.272717 0.904264 0.328532 -0.000000 -0.341475 0.939891 B 2.000000 4.000000 18.000000 C[purple]
-11.662199 17.934441 8.964018 0.888726 0.430883 0.156546 -0.458439 0.835305 0.303478 0.000000 -0.341475 0.939891 B 2.000000 4.000000 18.000000 C[purple]
-12.024645 11.789643 25.966898 0.915120 0.378946 0.137676 -0.403181 0.860113 0.312491 -0.000000 -0.341475 0.939891 B 2.000000 4.000000 18.000000 C[purple]
-11.823395 5.690391 43.520009 0.908755 0.392244 0.142508 -0.417330 0.854130 0.310318 0.000000 -0.341475 0.939891 B 2.000000 4.000000 18.000000 C[purple]
-11.482851 -0.587092 60.489084 0.916482 0.376028 0.136616 -0.400076 0.861393 0.312956 0.000000 -0.341475 0.939891 B 2.000000 4.000000 18.000000 C[purple]
-11.653267 -6.847274 77.446840 0.961784 0.257352 0.093499 -0.273810 0.903972 0.328425 0.000000 -0.341475 0.939891 B 2.000000 4.000000 18.000000 C[purple]
44.782330 12.904472 -77.499895 0.998428 -0.052681 -0.019140 0.056050 0.938413 0.340939 -0.000000 -0.341475 0.939891 B 2.000000 4.000000 18.000000 C[purple]
44.405418 6.911112 -60.316816 0.999461 -0.030857 -0.011211 0.032830 0.939384 0.341291 -0.000000 -0.341475 0.939891 B 2.000000 4.000000 18.000000 C[purple]
44.434218 0.681440 -42.772185 0.972670 -0.218237 -0.079288 0.232194 0.914203 0.332143 0.000000 -0.341475 0.939891 B 2.000000 4.000000 18.000000 C[purple]
44.677856 -5.621018 -25.755170 0.995294 -0.091075 -0.033089 0.096899 0.935468 0.339868 -0.000000 -0.341475 0.939891 B 2.000000 4.000000 18.000000 C[purple]
44.985405 -11.648145 -8.573098 0.989529 -0.135658 -0.049286 0.144334 0.930049 0.337900 0.000000 -0.341475 0.939891 B 2.000000 4.000000 18.000000 C[purple]
44.823378 -17.857193 8.671535 0.973306 -0.215716 -0.078373 0.229512 0.914801 0.332360 0.000000 -0.341475 0.939891 B 2.000000 4.000000 18.000000 C[purple]
44.992480 -24.392003 25.537014 0.980381 -0.185266 -0.067310 0.197114 0.921451 0.334776 0.000000 -0.341475 0.939891 B 2.000000 4.000000 18.000000 C[purple]
44.886445 -30.903946 43.044656 0.988951 -0.139334 -0.050622 0.148244 0.929506 0.337702 0.000000 -0.341475 0.939891 B 2.000000 4.000000 18.000000 C[purple]
44.742726 25.452741 60.295368 0.941804 -0.315957 -0.114791 0.336163 0.885193 0.321603 -0.000000 -0.341475 0.939891 B 2.000000 4.000000 18.000000 C[purple]
44.705596 19.335726 77.412082 0.999059 0.040767 0.014811 -0.043374 0.939006 0.341154 -0.000000 -0.341475 0.939891 B 2.000000 4.000000 18.000000 C[purple]
-13.743362 22.664543 -76.833267 0.925052 0.357009 0.129706 -0.379841 0.869448 0.315882 -0.000000 -0.341475 0.939891 B 2.000000 4.000000 18.000000 C[purple]
-13.665415 16.566309 -59.181866 0.909685 0.390335 0.141814 -0.415298 0.855005 0.310635 0.000000 -0.341475 0.939891 B 2.000000 4.000000 18.000000 C[purple]
-13.731987 9.998046 -42.147201 0.827024 0.528375 0.191966 -0.562166 0.777312 0.282408 -0.000000 -0.341475 0.939891 B 2.000000 4.000000 18.000000 C[purple]
-13.595105 3.521252 -25.098778 0.928923 0.348016 0.126439 -0.370273 0.873086 0.317204 0.000000 -0.341475 0.939891 B 2.000000 4.000000 18.000000 C[purple]
-13.409292 -2.877760 -8.005491 0.833239 0.519677 0.188806 -0.552913 0.783154 0.284531 -0.000000 -0.341475 0.939891 B 2.000000 4.000000 18.000000 C[purple]
-13.612963 -9.047370 9.446090 0.824801 0.531436 0.193078 -0.565423 0.775223 0.281649 0.000000 -0.341475 0.939891 B 2.000000 4.000000 18.000000 C[purple]
-13.758590 -15.126060 26.544477 0.771125 0.598413 0.217412 -0.636684 0.724773 0.263320 0.000000 -0.341475 0.939891 B 2.000000 4.000000 18.000000 C[purple]
-13.409645 -21.330785 43.863363 0.837164 0.514076 0.186771 -0.546953 0.786842 0.285871 -0.000000 -0.341475 0.939891 B 2.000000 4.000000 18.000000 C[purple]
-13.472443 -27.685907 60.810788 0.908069 0.393646 0.143017 -0.418821 0.853485 0.310083 0.000000 -0.341475 0.939891 B 2.000000 4.000000 18.000000 C[purple]
-13.783726 28.507980 78.001360 0.960895 0.260266 0.094558 -0.276911 0.903137 0.328122 0.000000 -0.341475 0.939891 B 2.000000 4.000000 18.000000 C[purple]
42.957471 -10.919594 77.092443 0.429994 0.848563 0.308295 -0.902832 0.404147 0.146832 -0.000000 -0.341475 0.939891 B 2.000000 4.000000 18.000000 C[purple]
43.170900 -17.241464 -77.553444 0.447154 0.840692 0.305435 -0.894457 0.420276 0.152692 0.000000 -0.341475 0.939891 B 2.000000 4.000000 18.000000 C[purple]
43.064926 -23.312716 -60.448472 0.612804 0.742734 0.269846 -0.790235 0.575969 0.209258 0.000000 -0.341475 0.939891 B 2.000000 4.000000 18.000000 C[purple]
42.900014 -29.665608 -43.052726 0.626629 0.732474 0.266118 -0.779318 0.588962 0.213978 0.000000 -0.341475 0.939891 B 2.000000 4.000000 18.000000 C[purple]
43.209192 26.574173 -26.000295 0.606783 0.747089 0.271428 -0.794868 0.570310 0.207201 0.000000 -0.341475 0.939891 B 2.000000 4.000000 18.000000 C[purple]
43.193769 19.943724 -8.733505 0.611910 0.743386 0.270082 -0.790928 0.575128 0.208952 -0.000000 -0.341475 0.939891 B 2.000000 4.000000 18.000000 C[purple]
43.350930 13.925203 8.292476 0.562917 0.776832 0.282234 -0.826514 0.529080 0.192222 0.000000 -0.341475 0.939891 B 2.000000 4.000000 18.000000 C[purple]
43.213926 7.834523 25.453935 0.390576 0.865236 0.314352 -0.920571 0.367099 0.133372 0.000000 -0.341475 0.939891 B 2.000000 4.000000 18.000000 C[purple]
43.196399 1.679392 42.496180 0.304479 0.895264 0.325262 -0.952519 0.286177 0.103972 -0.000000 -0.341475 0.939891 B 2.000000 4.000000 18.000000 C[purple]
43.127938 -4.299686 59.714796 0.464989 0.832101 0.302314 -0.885317 0.437038 0.158782 0.000000 -0.341475 0.939891 B 2.000000 4.000000 18.000000 C[purple]
22.233147 -8.929900 -77.516993 0.615616 0.740677 0.269098 -0.788046 0.578612 0.210218 -0.000000 -0.341475 0.939891 B 2.000000 4.000000 18.000000 C[purple]
22.412634 -15.015235 -60.448967 0.665528 0.701509 0.254868 -0.746373 0.625524 0.227261 0.000000 -0.341475 0.939891 B 2.000000 4.000000 18.000000 C[purple]
22.195082 -21.168361 -42.991423 0.533950 0.794692 0.288723 -0.845516 0.501855 0.182331 -0.000000 -0.341475 0.939891 B 2.000000 4.000000 18.000000 C[purple]
22.126258 -27.505923 -25.497759 0.540367 0.790852 0.287328 -0.841430 0.507885 0.184522 0.000000 -0.341475 0.939891 B 2.000000 4.000000 18.000000 C[purple]
22.272092 28.447146 -8.613915 0.512524 0.807059 0.293216 -0.858673 0.481716 0.175014 0.000000 -0.341475 0.939891 B 2.000000 4.000000 18.000000 C[purple]
22.160773 22.065847 8.814568 0.474238 0.827476 0.300634 -0.880396 0.445732 0.161941 0.000000 -0.341475 0.939891 B 2.000000 4.000000 18.000000 C[purple]
22.238784 15.635776 25.771472 0.370945 0.872834 0.317113 -0.928655 0.348648 0.126669 0.000000 -0.341475 0.939891 B 2.000000 4.000000 18.000000 C[purple]
22.148460 9.630464 42.861641 0.310618 0.893399 0.324584 -0.950535 0.291947 0.106068 -0.000000 -0.341475 0.939891 B 2.000000 4.000000 18.000000 C[purple]
22.048325 3.422436 60.132196 0.593670 0.756338 0.274788 -0.804708 0.557985 0.202724 -0.000000 -0.341475 0.939891 B 2.000000 4.000000 18.000000 C[purple]
21.924862 -2.658598 77.436602 0.719405 0.652840 0.237186 -0.694591 0.676162 0.245659 0.000000 -0.341475 0.939891 B 2.000000 4.000000 18.000000 C[purple]
46.713567 -26.696215 -77.685008 0.904259 0.401319 0.145805 -0.426984 0.849905 0.308782 0.000000 -0.341475 0.939891 B 2.000000 4.000000 18.000000 C[purple]
46.833286 29.681991 -60.240931 0.867776 0.467084 0.169698 -0.496955 0.815615 0.296324 0.000000 -0.341475 0.939891 B 2.000000 4.000000 18.000000 C[purple]
47.152771 23.487004 -43.089803 0.854136 0.488789 0.177584 -0.520049 0.802795 0.291667 0.000000 -0.341475 0.939891 B 2.000000 4.000000 18.000000 C[purple]
47.153160 17.342896 -26.123309 0.729495 0.642872 0.233564 -0.683986 0.685646 0.249105 -0.000000 -0.341475 0.939891 B 2.000000 4.000000 18.000000 C[purple]
47.250618 10.676492 -8.780756 0.755608 0.615651 0.223674 -0.655024 0.710189 0.258022 0.000000 -0.341475 0.939891 B 2.000000 4.000000 18.000000 C[purple]
47.286681 4.413856 8.476958 0.850688 0.494073 0.179504 -0.525671 0.799554 0.290489 0.000000 -0.341475 0.939891 B 2.000000 4.000000 18.000000 C[purple]
47.431516 -1.673789 25.527068 0.843599 0.504697 0.183363 -0.536974 0.792891 0.288068 -0.000000 -0.341475 0.939891 B 2.000000 4.000000 18.000000 C[purple]
47.334236 -7.682338 42.751060 0.913037 0.383360 0.139280 -0.407877 0.858155 0.311780 0.000000 -0.341475 0.939891 B 2.000000 4.000000 18.000000 C[purple]
47.356101 -14.081314 59.885479 0.956582 0.273944 0.099528 -0.291464 0.899082 0.326649 -0.000000 -0.341475 0.939891 B 2.000000 4.000000 18.000000 C[purple]
46.957493 -20.331717 77.052655 0.950779 0.291243 0.105813 -0.309869 0.893629 0.324668 0.000000 -0.341475 0.939891 B 2.000000 4.000000 18.000000 C[purple]
43.864009 -22.474605 76.937975 0.149380 -0.929345 -0.337644 0.988780 0.140401 0.051010 -0.000000 -0.341475 0.939891 B 2.000000 4.000000 18.000000 C[purple]
44.109768 -28.570088 -77.785245 0.306749 -0.894579 -0.325013 0.951790 0.288311 0.104747 0.000000 -0.341475 0.939891 B 2.000000 4.000000 18.000000 C[purple]
43.925342 27.300710 -60.378173 0.344487 -0.882361 -0.320574 0.938791 0.323780 0.117634 -0.000000 -0.341475 0.939891 B 2.000000 4.000000 18.000000 C[purple]
44.040092 21.127418 -43.413507 0.292968 -0.898650 -0.326492 0.956122 0.275358 0.100041 0.000000 -0.341475 0.939891 B 2.000000 4.000000 18.000000 C[purple]
44.464866 14.727502 -26.172801 0.290834 -0.899263 -0.326715 0.956774 0.273352 0.099313 0.000000 -0.341475 0.939891 B 2.000000 4.000000 18.000000 C[purple]
44.268341 8.582265 -8.684780 0.417993 -0.853844 -0.310213 0.908450 0.392868 0.142734 -0.000000 -0.341475 0.939891 B 2.000000 4.000000 18.000000 C[purple]
44.409849 2.208989 8.586629 0.576499 -0.767983 -0.279019 0.817098 0.541846 0.196860 0.000000 -0.341475 0.939891 B 2.000000 4.000000 18.000000 C[purple]
44.187390 -4.031496 25.985023 0.463777 -0.832698 -0.302531 0.885952 0.435899 0.158368 -0.000000 -0.341475 0.939891 B 2.000000 4.000000 18.000000 C[purple]
44.098749 -10.051788 43.001316 0.321766 -0.889907 -0.323315 0.946819 0.302425 0.109875 -0.000000 -0.341475 0.939891 B 2.000000 4.000000 18.000000 C[purple]
44.020731 -16.303124 59.969871 0.103301 -0.934862 -0.339649 0.994650 0.097091 0.035275 -0.000000 -0.341475 0.939891 B 2.000000 4.000000 18.000000 C[purple]
18.527068 -0.633097 77.463460 0.978470 -0.193984 -0.070477 0.206390 0.919655 0.334123 -0.000000 -0.341475 0.939891 B 2.000000 4.000000 18.000000 C[purple]
18.527052 -6.914253 -77.595333 0.980860 -0.183010 -0.066490 0.194714 0.921901 0.334940 0.000000 -0.341475 0.939891 B 2.000000 4.000000 18.000000 C[purple]
18.356534 -13.101775 -60.301254 0.981186 -0.181459 -0.065927 0.193064 0.922208 0.335051 0.000000 -0.341475 0.939891 B 2.000000 4.000000 18.000000 C[purple]
18.468508 -19.190952 -43.305280 0.990142 -0.131645 -0.047828 0.140064 0.930626 0.338109 0.000000 -0.341475 0.939891 B 2.000000 4.000000 18.000000 C[purple]
18.540848 -25.386009 -26.183970 0.997586 -0.065267 -0.023712 0.069441 0.937622 0.340651 -0.000000 -0.341475 0.939891 B 2.000000 4.000000 18.000000 C[purple]
18.700609 30.930126 -8.530527 0.995329 -0.090736 -0.032966 0.096539 0.935501 0.339880 -0.000000 -0.341475 0.939891 B 2.000000 4.000000 18.000000 C[purple]
18.595687 24.234315 8.563580 0.976211 -0.203790 -0.074040 0.216823 0.917532 0.333352 0.000000 -0.341475 0.939891 B 2.000000 4.000000 18.000000 C[purple]
18.523605 18.194919 25.870953 0.942262 -0.314747 -0.114352 0.334876 0.885623 0.321759 0.000000 -0.341475 0.939891 B 2.000000 4.000000 18.000000 C[purple]
18.432913 12.255539 43.102025 0.995040 -0.093492 -0.033967 0.099471 0.935229 0.339782 -0.000000 -0.341475 0.939891 B 2.000000 4.000000 18.000000 C[purple]
18.551991 5.777712 59.986015 0.999627 -0.025673 -0.009327 0.027315 0.939540 0.341348 -0.000000 -0.341475 0.939891 B 2.000000 4.000000 18.000000 C[purple]
49.712153 -2.787362 -77.091005 0.694541 0.676207 0.245676 -0.719453 0.652793 0.237169 -0.000000 -0.341475 0.939891 B 2.000000 4.000000 18.000000 C[purple]
49.611357 -8.987946 -59.973782 0.807813 0.554008 0.201279 -0.589438 0.759256 0.275848 0.000000 -0.341475 0.939891 B 2.000000 4.000000 18.000000 C[purple]
49.391525 -15.371378 -42.905521 0.822852 0.534098 0.194045 -0.568256 0.773391 0.280984 -0.000000 -0.341475 0.939891 B 2.000000 4.000000 18.000000 C[purple]
49.157679 -21.432919 -25.889393 0.724606 0.647738 0.235332 -0.689163 0.681051 0.247435 0.000000 -0.341475 0.939891 B 2.000000 4.000000 18.000000 C[purple]
49.206380 -27.975388 -8.449518 0.616160 0.740277 0.268953 -0.787621 0.579123 0.210404 0.000000 -0.341475 0.939891 B 2.000000 4.000000 18.000000 C[purple]
49.115621 28.323539 8.823905 0.547518 0.786495 0.285744 -0.836794 0.514607 0.186964 0.000000 -0.341475 0.939891 B 2.000000 4.000000 18.000000 C[purple]
49.526133 22.048133 25.801097 0.568095 0.773495 0.281022 -0.822963 0.533948 0.193991 0.000000 -0.341475 0.939891 B 2.000000 4.000000 18.000000 C[purple]
49.459082 15.800880 43.200612 0.590156 0.758764 0.275669 -0.807289 0.554682 0.201524 0.000000 -0.341475 0.939891 B 2.000000 4.000000 18.000000 C[purple]
49.563941 9.655162 60.298714 0.477364 0.825887 0.300056 -0.878706 0.448670 0.163008 -0.000000 -0.341475 0.939891 B 2.000000 4.000000 18.000000 C[purple]
49.870220 3.610039 77.580112 0.539547 0.791346 0.287507 -0.841956 0.507115 0.184242 0.000000 -0.341475 0.939891 B 2.000000 4.000000 18.000000 C[purple]
-32.710676 -17.339547 77.374665 -0.222938 -0.916236 -0.332881 0.974833 -0.209537 -0.076128 0.000000 -0.341475 0.939891 B 2.000000 4.000000 18.000000 C[purple]
-32.439089 -23.888992 -77.275010 -0.273692 -0.904003 -0.328437 0.961817 -0.257240 -0.093459 0.000000 -0.341475 0.939891 B 2.000000 4.000000 18.000000 C[purple]
-32.541482 -30.150568 -59.884689 -0.256997 -0.908322 -0.330006 0.966412 -0.241549 -0.087758 0.000000 -0.341475 0.939891 B 2.000000 4.000000 18.000000 C[purple]
-32.482699 26.190844 -42.443752 0.000450 -0.939891 -0.341475 1.000000 0.000423 0.000154 0.000000 -0.341475 0.939891 B 2.000000 4.000000 18.000000 C[purple]
-32.388746 19.837334 -25.196797 0.073409 -0.937355 -0.340554 0.997302 0.068996 0.025067 0.000000 -0.341475 0.939891 B 2.000000 4.000000 18.000000 C[purple]
-32.281974 13.635623 -8.296141 0.031251 -0.939432 -0.341309 0.999512 0.029372 0.010671 0.000000 -0.341475 0.939891 B 2.000000 4.000000 18.000000 C[purple]
-32.588929 7.460491 9.146073 -0.138402 -0.930845 -0.338189 0.990376 -0.130082 -0.047261 0.000000 -0.341475 0.939891 B 2.000000 4.000000 18.000000 C[purple]
-32.412451 1.286962 26.201110 0.119812 -0.933120 -0.339016 0.992797 0.112610 0.040913 -0.000000 -0.341475 0.939891 B 2.000000 4.000000 18.000000 C[purple]
-32.152100 -4.851433 43.123036 -0.149222 -0.929367 -0.337652 0.988804 -0.140252 -0.050956 0.000000 -0.341475 0.939891 B 2.000000 4.000000 18.000000 C[purple]
-32.401000 -10.889047 60.383051 -0.222191 -0.916396 -0.332940 0.975003 -0.208835 -0.075873 0.000000 -0.341475 0.939891 B 2.000000 4.000000 18.000000 C[purple]
-32.865950 -12.173194 -77.651670 0.479779 -0.824650 -0.299607 0.877389 0.450940 0.163833 0.000000 -0.341475 0.939891 B 2.000000 4.000000 18.000000 C[purple]
-32.834117 -18.553470 -60.194207 0.271047 -0.904707 -0.328693 0.962566 0.254755 0.092556 0.000000 -0.341475 0.939891 B 2.000000 4.000000 18.000000 C[purple]
-33.040989 -24.621280 -43.047785 0.369018 -0.873555 -0.317375 0.929422 0.346836 0.126010 -0.000000 -0.341475 0.939891 B 2.000000 4.000000 18.000000 C[purple]
-33.190645 -31.111053 -25.980481 0.419007 -0.853405 -0.310054 0.907983 0.393821 0.143080 -0.000000 -0.341475 0.939891 B 2.000000 4.000000 18.000000 C[purple]
-33.129252 25.243265 -8.736251 0.500941 -0.813458 -0.295541 0.865482 0.470829 0.171059 -0.000000 -0.341475 0.939891 B 2.000000 4.000000 18.000000 C[purple]
-33.103882 18.915039 8.252204 0.383294 -0.868108 -0.315396 0.923626 0.360255 0.130886 -0.000000 -0.341475 0.939891 B 2.000000 4.000000 18.000000 C[purple]
-32.840151 12.613977 25.821688 0.458369 -0.835339 -0.303490 0.888762 0.430816 0.156522 -0.000000 -0.341475 0.939891 B 2.000000 4.000000 18.000000 C[purple]
