-8.927487 -19.726050 77.618443 0.820865 -0.536793 -0.195024 0.571123 0.771523 0.280305 -0.000000 -0.341475 0.939891 B 2.000000 4.000000 18.000000 C[purple]
-8.666847 -25.969279 -76.882974 0.793583 -0.571888 -0.207775 0.608462 0.745881 0.270989 -0.000000 -0.341475 0.939891 B 2.000000 4.000000 18.000000 C[purple]
-8.440074 30.576434 -59.669074 0.900336 -0.409036 -0.148608 0.435195 0.846218 0.307443 -0.000000 -0.341475 0.939891 B 2.000000 4.000000 18.000000 C[purple]
-8.630490 24.374422 -42.416769 0.974989 -0.208892 -0.075893 0.222251 0.916384 0.332935 0.000000 -0.341475 0.939891 B 2.000000 4.000000 18.000000 C[purple]
-8.624863 17.891110 -25.310871 0.939169 -0.322809 -0.117281 0.343454 0.882717 0.320703 -0.000000 -0.341475 0.939891 B 2.000000 4.000000 18.000000 C[purple]
-8.495306 11.893825 -8.307186 0.910745 -0.388147 -0.141019 0.412970 0.856000 0.310997 0.000000 -0.341475 0.939891 B 2.000000 4.000000 18.000000 C[purple]
-8.736783 5.444029 8.673941 0.827234 -0.528085 -0.191861 0.561858 0.777510 0.282480 0.000000 -0.341475 0.939891 B 2.000000 4.000000 18.000000 C[purple]
-8.736166 -0.763466 25.961721 0.954550 -0.280134 -0.101777 0.298049 0.897173 0.325955 -0.000000 -0.341475 0.939891 B 2.000000 4.000000 18.000000 C[purple]
-8.779037 -7.020576 43.169306 0.963115 -0.252915 -0.091888 0.269090 0.905223 0.328880 -0.000000 -0.341475 0.939891 B 2.000000 4.000000 18.000000 C[purple]
-9.008852 -13.352991 60.649865 0.900661 -0.408403 -0.148379 0.434522 0.846523 0.307554 0.000000 -0.341475 0.939891 B 2.000000 4.000000 18.000000 C[purple]
-6.205450 -1.938691 -77.322287 0.980461 0.184887 0.067172 -0.196711 0.921527 0.334803 0.000000 -0.341475 0.939891 B 2.000000 4.000000 18.000000 C[purple]
-6.288647 -8.150874 -60.008590 0.990883 0.126625 0.046005 -0.134724 0.931322 0.338362 -0.000000 -0.341475 0.939891 B 2.000000 4.000000 18.000000 C[purple]
-6.054949 -14.153382 -42.947945 0.999996 -0.002679 -0.000973 0.002850 0.939887 0.341474 0.000000 -0.341475 0.939891 B 2.000000 4.000000 18.000000 C[purple]
-6.392252 -20.072701 -25.654524 0.999840 0.016793 0.006101 -0.017867 0.939741 0.341421 0.000000 -0.341475 0.939891 B 2.000000 4.000000 18.000000 C[purple]
-6.646041 -26.175750 -8.666912 0.993456 -0.107352 -0.039003 0.114218 0.933740 0.339241 0.000000 -0.341475 0.939891 B 2.000000 4.000000 18.000000 C[purple]
-6.590780 29.771101 8.289907 0.993265 -0.108900 -0.039565 0.115864 0.933561 0.339176 0.000000 -0.341475 0.939891 B 2.000000 4.000000 18.000000 C[purple]
-6.500361 23.514144 25.846116 0.994443 -0.098947 -0.035949 0.105275 0.934668 0.339578 0.000000 -0.341475 0.939891 B 2.000000 4.000000 18.000000 C[purple]
-6.572788 17.166828 42.778096 0.998117 0.057651 0.020945 -0.061338 0.938121 0.340832 0.000000 -0.341475 0.939891 B 2.000000 4.000000 18.000000 C[purple]
-6.652170 10.840255 59.879330 0.998172 0.056800 0.020636 -0.060433 0.938173 0.340851 0.000000 -0.341475 0.939891 B 2.000000 4.000000 18.000000 C[purple]
-6.481488 4.495937 77.195421 0.994115 0.101820 0.036993 -0.108332 0.934359 0.339466 -0.000000 -0.341475 0.939891 B 2.000000 4.000000 18.000000 C[purple]
-2.371416 2.829261 -77.731634 0.924687 -0.357843 -0.130009 0.380728 0.869105 0.315758 -0.000000 -0.341475 0.939891 B 2.000000 4.000000 18.000000 C[purple]
-2.622842 -3.252584 -60.320145 0.946386 -0.303620 -0.110309 0.323037 0.889500 0.323168 -0.000000 -0.341475 0.939891 B 2.000000 4.000000 18.000000 C[purple]
-2.478368 -9.317540 -43.117422 0.957886 -0.269890 -0.098055 0.287150 0.900308 0.327094 0.000000 -0.341475 0.939891 B 2.000000 4.000000 18.000000 C[purple]
-2.311085 -15.686486 -25.751007 0.961629 -0.257863 -0.093685 0.274355 0.903826 0.328373 0.000000 -0.341475 0.939891 B 2.000000 4.000000 18.000000 C[purple]
-2.037893 -21.757121 -8.710813 0.939958 -0.320776 -0.116542 0.341291 0.883458 0.320972 -0.000000 -0.341475 0.939891 B 2.000000 4.000000 18.000000 C[purple]
-2.029986 -28.347068 8.360233 0.982063 -0.177219 -0.064386 0.188552 0.923032 0.335350 0.000000 -0.341475 0.939891 B 2.000000 4.000000 18.000000 C[purple]
-2.423048 28.017404 25.535644 0.980161 -0.186290 -0.067682 0.198204 0.921244 0.334701 0.000000 -0.341475 0.939891 B 2.000000 4.000000 18.000000 C[purple]
-2.349282 22.110212 42.623981 0.979501 -0.189331 -0.068787 0.201440 0.920624 0.334475 0.000000 -0.341475 0.939891 B 2.000000 4.000000 18.000000 C[purple]
-2.278450 15.962263 59.980549 0.862908 -0.474985 -0.172569 0.505362 0.811039 0.294662 0.000000 -0.341475 0.939891 B 2.000000 4.000000 18.000000 C[purple]
-2.489252 9.511190 77.164249 0.929524 -0.346597 -0.125923 0.368763 0.873651 0.317409 -0.000000 -0.341475 0.939891 B 2.000000 4.000000 18.000000 C[purple]
47.930010 -24.031282 77.290681 0.802022 -0.561392 -0.203962 0.597295 0.753813 0.273871 -0.000000 -0.341475 0.939891 B 2.000000 4.000000 18.000000 C[purple]
47.924700 -30.251790 -77.234826 0.962312 -0.255602 -0.092864 0.271949 0.904468 0.328606 -0.000000 -0.341475 0.939891 B 2.000000 4.000000 18.000000 C[purple]
47.863512 25.877182 -60.107284 0.999898 0.013420 0.004876 -0.014278 0.939795 0.341441 0.000000 -0.341475 0.939891 B 2.000000 4.000000 18.000000 C[purple]
47.722680 19.866880 -42.927473 0.991243 -0.124111 -0.045091 0.132048 0.931660 0.338485 0.000000 -0.341475 0.939891 B 2.000000 4.000000 18.000000 C[purple]
47.922020 13.615950 -25.862874 0.924679 -0.357860 -0.130016 0.380747 0.869098 0.315755 -0.000000 -0.341475 0.939891 B 2.000000 4.000000 18.000000 C[purple]
48.055185 7.242548 -8.342869 0.868738 -0.465502 -0.169123 0.495272 0.816519 0.296653 0.000000 -0.341475 0.939891 B 2.000000 4.000000 18.000000 C[purple]
48.155768 1.330801 8.789713 0.888235 -0.431776 -0.156870 0.459390 0.834844 0.303310 -0.000000 -0.341475 0.939891 B 2.000000 4.000000 18.000000 C[purple]
47.979403 -4.878652 25.845017 0.703026 -0.668417 -0.242845 0.711165 0.660767 0.240066 0.000000 -0.341475 0.939891 B 2.000000 4.000000 18.000000 C[purple]
47.630219 -11.224630 42.940047 0.809528 -0.551792 -0.200474 0.587081 0.760868 0.276434 0.000000 -0.341475 0.939891 B 2.000000 4.000000 18.000000 C[purple]
47.492613 -17.722499 59.984579 0.820143 -0.537766 -0.195378 0.572158 0.770845 0.280059 0.000000 -0.341475 0.939891 B 2.000000 4.000000 18.000000 C[purple]
-35.805379 10.860207 77.654489 0.999418 -0.032059 -0.011648 0.034109 0.939344 0.341277 -0.000000 -0.341475 0.939891 B 2.000000 4.000000 18.000000 C[purple]
-35.781113 4.461656 -76.956158 0.996983 -0.072954 -0.026505 0.077619 0.937055 0.340445 0.000000 -0.341475 0.939891 B 2.000000 4.000000 18.000000 C[purple]
-35.683273 -1.724741 -59.885946 0.975533 -0.206636 -0.075074 0.219851 0.916895 0.333121 -0.000000 -0.341475 0.939891 B 2.000000 4.000000 18.000000 C[purple]
-35.352932 -8.027009 -42.908175 0.952848 -0.285208 -0.103620 0.303449 0.895573 0.325374 -0.000000 -0.341475 0.939891 B 2.000000 4.000000 18.000000 C[purple]
-35.444569 -14.032674 -25.617747 0.991806 -0.120074 -0.043625 0.127754 0.932189 0.338677 0.000000 -0.341475 0.939891 B 2.000000 4.000000 18.000000 C[purple]
-35.637530 -20.475989 -8.639365 0.997007 0.072662 0.026399 -0.077309 0.937078 0.340453 0.000000 -0.341475 0.939891 B 2.000000 4.000000 18.000000 C[purple]
-35.771423 -26.939474 8.360973 0.960058 0.262981 0.095545 -0.279800 0.902350 0.327836 0.000000 -0.341475 0.939891 B 2.000000 4.000000 18.000000 C[purple]
-35.769055 28.936420 25.534845 0.995829 0.085757 0.031157 -0.091242 0.935970 0.340051 0.000000 -0.341475 0.939891 B 2.000000 4.000000 18.000000 C[purple]
-35.518275 22.803362 42.964395 0.999622 -0.025856 -0.009394 0.027510 0.939535 0.341346 0.000000 -0.341475 0.939891 B 2.000000 4.000000 18.000000 C[purple]
-35.637412 16.998232 60.251026 0.996627 -0.077128 -0.028022 0.082060 0.936721 0.340324 0.000000 -0.341475 0.939891 B 2.000000 4.000000 18.000000 C[purple]
42.241395 -9.158710 -77.171184 0.951179 0.290087 0.105393 -0.308639 0.894005 0.324804 0.000000 -0.341475 0.939891 B 2.000000 4.000000 18.000000 C[purple]
42.250946 -15.561493 -60.236010 0.956658 0.273708 0.099442 -0.291213 0.899154 0.326675 -0.000000 -0.341475 0.939891 B 2.000000 4.000000 18.000000 C[purple]
42.432605 -21.667408 -43.092301 0.895065 0.419131 0.152276 -0.445936 0.841263 0.305643 0.000000 -0.341475 0.939891 B 2.000000 4.000000 18.000000 C[purple]
42.402480 -27.892541 -26.108207 0.759598 0.611298 0.222093 -0.650393 0.713939 0.259384 0.000000 -0.341475 0.939891 B 2.000000 4.000000 18.000000 C[purple]
42.615004 28.433337 -9.156524 0.827008 0.528397 0.191974 -0.562190 0.777297 0.282403 0.000000 -0.341475 0.939891 B 2.000000 4.000000 18.000000 C[purple]
42.359576 22.199261 8.283611 0.801525 0.562018 0.204189 -0.597961 0.753346 0.273701 0.000000 -0.341475 0.939891 B 2.000000 4.000000 18.000000 C[purple]
42.423334 15.827286 25.314884 0.960571 0.261322 0.094942 -0.278035 0.902832 0.328011 -0.000000 -0.341475 0.939891 B 2.000000 4.000000 18.000000 C[purple]
42.362249 9.636107 42.656108 0.791484 0.574452 0.208706 -0.611190 0.743908 0.270272 0.000000 -0.341475 0.939891 B 2.000000 4.000000 18.000000 C[purple]
42.226410 3.468992 59.809877 0.902531 0.404740 0.147048 -0.430624 0.848281 0.308192 -0.000000 -0.341475 0.939891 B 2.000000 4.000000 18.000000 C[purple]
42.163606 -2.726837 77.293936 0.956091 0.275455 0.100076 -0.293071 0.898621 0.326481 -0.000000 -0.341475 0.939891 B 2.000000 4.000000 18.000000 C[purple]
-26.712805 -0.757473 77.986905 0.460539 0.834284 0.303107 -0.887639 0.432857 0.157263 0.000000 -0.341475 0.939891 B 2.000000 4.000000 18.000000 C[purple]
-27.136375 -6.796930 -76.811323 0.381854 0.868668 0.315599 -0.924223 0.358901 0.130394 0.000000 -0.341475 0.939891 B 2.000000 4.000000 18.000000 C[purple]
-26.963893 -12.937102 -59.786038 0.516883 0.804599 0.292322 -0.856056 0.485813 0.176503 -0.000000 -0.341475 0.939891 B 2.000000 4.000000 18.000000 C[purple]
-27.214956 -19.023898 -42.643888 0.250056 0.910032 0.330627 -0.968231 0.235025 0.085388 -0.000000 -0.341475 0.939891 B 2.000000 4.000000 18.000000 C[purple]
-27.132864 -25.079600 -25.629836 0.283113 0.901437 0.327505 -0.959087 0.266095 0.096676 -0.000000 -0.341475 0.939891 B 2.000000 4.000000 18.000000 C[purple]
-26.837508 30.975161 -8.632018 0.220365 0.916786 0.333081 -0.975418 0.207119 0.075249 0.000000 -0.341475 0.939891 B 2.000000 4.000000 18.000000 C[purple]
-26.763620 24.346483 8.593653 0.221758 0.916489 0.332973 -0.975102 0.208428 0.075725 0.000000 -0.341475 0.939891 B 2.000000 4.000000 18.000000 C[purple]
-26.827660 17.911763 26.057407 0.444299 0.842028 0.305920 -0.895878 0.417593 0.151717 0.000000 -0.341475 0.939891 B 2.000000 4.000000 18.000000 C[purple]
-26.992649 11.641748 43.507593 0.664770 0.702143 0.255098 -0.747048 0.624811 0.227003 0.000000 -0.341475 0.939891 B 2.000000 4.000000 18.000000 C[purple]
-26.769307 5.332152 60.778373 0.633952 0.726886 0.264088 -0.773373 0.595845 0.216479 -0.000000 -0.341475 0.939891 B 2.000000 4.000000 18.000000 C[purple]
23.334409 -30.515595 -77.639310 0.871866 0.460306 0.167236 -0.489744 0.819459 0.297721 -0.000000 -0.341475 0.939891 B 2.000000 4.000000 18.000000 C[purple]
23.302587 25.382474 -60.447516 0.761476 0.609230 0.221342 -0.648193 0.715704 0.260025 -0.000000 -0.341475 0.939891 B 2.000000 4.000000 18.000000 C[purple]
23.483983 19.371322 -43.425028 0.688500 0.681643 0.247650 -0.725237 0.647115 0.235106 0.000000 -0.341475 0.939891 B 2.000000 4.000000 18.000000 C[purple]
23.745939 12.922881 -25.907354 0.649441 0.714704 0.259662 -0.760412 0.610404 0.221768 -0.000000 -0.341475 0.939891 B 2.000000 4.000000 18.000000 C[purple]
23.539796 6.792771 -8.542689 0.789282 0.577122 0.209677 -0.614031 0.741839 0.269520 -0.000000 -0.341475 0.939891 B 2.000000 4.000000 18.000000 C[purple]
23.611682 0.164957 8.482287 0.818200 0.540375 0.196326 -0.574934 0.769019 0.279395 -0.000000 -0.341475 0.939891 B 2.000000 4.000000 18.000000 C[purple]
23.243204 -6.066906 25.749720 0.828939 0.525717 0.191000 -0.559338 0.779112 0.283062 0.000000 -0.341475 0.939891 B 2.000000 4.000000 18.000000 C[purple]
23.648700 -12.159159 43.032029 0.839397 0.510849 0.185598 -0.543519 0.788941 0.286633 0.000000 -0.341475 0.939891 B 2.000000 4.000000 18.000000 C[purple]
23.511111 -18.364164 60.192271 0.900613 0.408498 0.148413 -0.434622 0.846478 0.307537 -0.000000 -0.341475 0.939891 B 2.000000 4.000000 18.000000 C[purple]
23.404858 -24.283728 77.442485 0.972328 0.219578 0.079776 -0.233621 0.913882 0.332026 -0.000000 -0.341475 0.939891 B 2.000000 4.000000 18.000000 C[purple]
37.535837 -2.643109 -77.373647 0.539896 0.791136 0.287431 -0.841731 0.507444 0.184361 -0.000000 -0.341475 0.939891 B 2.000000 4.000000 18.000000 C[purple]
37.338915 -8.648347 -60.004986 0.598829 0.752737 0.273480 -0.800877 0.562833 0.204485 -0.000000 -0.341475 0.939891 B 2.000000 4.000000 18.000000 C[purple]
37.415446 -14.987664 -42.376941 0.525898 0.799422 0.290441 -0.850548 0.494286 0.179581 0.000000 -0.341475 0.939891 B 2.000000 4.000000 18.000000 C[purple]
37.258398 -21.275383 -25.399860 0.731917 0.640435 0.232679 -0.681393 0.687922 0.249932 0.000000 -0.341475 0.939891 B 2.000000 4.000000 18.000000 C[purple]
36.936758 -27.441369 -8.138360 0.690516 0.679839 0.246995 -0.723317 0.649010 0.235794 0.000000 -0.341475 0.939891 B 2.000000 4.000000 18.000000 C[purple]
37.135261 28.827085 8.834549 0.704923 0.666650 0.242203 -0.709284 0.662550 0.240714 0.000000 -0.341475 0.939891 B 2.000000 4.000000 18.000000 C[purple]
37.206027 22.307382 25.847919 0.636599 0.724839 0.263344 -0.771195 0.598334 0.217383 -0.000000 -0.341475 0.939891 B 2.000000 4.000000 18.000000 C[purple]
37.200182 16.153757 43.222102 0.800081 0.563833 0.204848 -0.599892 0.751989 0.273208 0.000000 -0.341475 0.939891 B 2.000000 4.000000 18.000000 C[purple]
37.333738 9.938835 60.555492 0.662335 0.704174 0.255836 -0.749208 0.622522 0.226171 0.000000 -0.341475 0.939891 B 2.000000 4.000000 18.000000 C[purple]
37.419765 3.657226 77.676839 0.544504 0.788341 0.286415 -0.838758 0.511775 0.185935 -0.000000 -0.341475 0.939891 B 2.000000 4.000000 18.000000 C[purple]
25.497238 -27.674267 -77.576431 0.387371 0.866508 0.314814 -0.921924 0.364087 0.132278 -0.000000 -0.341475 0.939891 B 2.000000 4.000000 18.000000 C[purple]
25.291169 28.484403 -60.345500 0.441752 0.843211 0.306350 -0.897137 0.415199 0.150848 -0.000000 -0.341475 0.939891 B 2.000000 4.000000 18.000000 C[purple]
25.409587 22.289792 -43.011427 0.225776 0.915622 0.332658 -0.974179 0.212205 0.077097 0.000000 -0.341475 0.939891 B 2.000000 4.000000 18.000000 C[purple]
25.601014 16.232818 -25.859498 0.355969 0.878326 0.319108 -0.934498 0.334572 0.121555 0.000000 -0.341475 0.939891 B 2.000000 4.000000 18.000000 C[purple]
25.296621 10.225992 -8.604671 0.198685 0.921153 0.334668 -0.980063 0.186742 0.067846 -0.000000 -0.341475 0.939891 B 2.000000 4.000000 18.000000 C[purple]
25.434531 3.658514 8.532875 0.356015 0.878309 0.319102 -0.934480 0.334616 0.121571 -0.000000 -0.341475 0.939891 B 2.000000 4.000000 18.000000 C[purple]
25.617300 -2.495157 25.631621 0.485942 0.821456 0.298446 -0.873991 0.456733 0.165937 -0.000000 -0.341475 0.939891 B 2.000000 4.000000 18.000000 C[purple]
25.491762 -8.655855 42.775280 0.359541 0.877040 0.318641 -0.933129 0.337929 0.122774 -0.000000 -0.341475 0.939891 B 2.000000 4.000000 18.000000 C[purple]
25.582340 -15.254924 60.307939 0.363406 0.875631 0.318129 -0.931631 0.341562 0.124094 -0.000000 -0.341475 0.939891 B 2.000000 4.000000 18.000000 C[purple]
25.662150 -21.572655 77.364952 0.632789 0.727780 0.264413 -0.774324 0.594752 0.216082 -0.000000 -0.341475 0.939891 B 2.000000 4.000000 18.000000 C[purple]
-15.536296 3.157722 -77.435830 0.796471 -0.568330 -0.206482 0.604677 0.748595 0.271975 0.000000 -0.341475 0.939891 B 2.000000 4.000000 18.000000 C[purple]
-15.668519 -3.019760 -60.386192 0.779702 -0.588513 -0.213815 0.626151 0.732835 0.266249 0.000000 -0.341475 0.939891 B 2.000000 4.000000 18.000000 C[purple]
-15.276091 -9.014040 -43.084386 0.790080 -0.576156 -0.209326 0.613003 0.742589 0.269793 0.000000 -0.341475 0.939891 B 2.000000 4.000000 18.000000 C[purple]
-15.260281 -15.524037 -26.045386 0.682660 -0.686812 -0.249528 0.730736 0.641626 0.233112 -0.000000 -0.341475 0.939891 B 2.000000 4.000000 18.000000 C[purple]
-15.431890 -21.892716 -8.617581 0.675642 -0.692915 -0.251746 0.737230 0.635030 0.230715 -0.000000 -0.341475 0.939891 B 2.000000 4.000000 18.000000 C[purple]
-15.153569 -27.938444 8.716450 0.780988 -0.587006 -0.213267 0.624547 0.734043 0.266688 0.000000 -0.341475 0.939891 B 2.000000 4.000000 18.000000 C[purple]
-14.952980 28.173718 26.059372 0.823210 -0.533611 -0.193868 0.567738 0.773727 0.281106 0.000000 -0.341475 0.939891 B 2.000000 4.000000 18.000000 C[purple]
-15.139624 22.058888 43.052973 0.764737 -0.605612 -0.220027 0.644343 0.718769 0.261139 0.000000 -0.341475 0.939891 B 2.000000 4.000000 18.000000 C[purple]
-15.253458 15.786861 60.123547 0.849745 -0.495505 -0.180024 0.527194 0.798667 0.290167 0.000000 -0.341475 0.939891 B 2.000000 4.000000 18.000000 C[purple]
-15.349753 9.490046 77.597549 0.908608 -0.392545 -0.142617 0.417650 0.853992 0.310267 0.000000 -0.341475 0.939891 B 2.000000 4.000000 18.000000 C[purple]
30.121769 27.875291 77.697925 0.899484 -0.410689 -0.149209 0.436954 0.845417 0.307152 0.000000 -0.341475 0.939891 B 2.000000 4.000000 18.000000 C[purple]
30.010981 21.783807 -77.099129 0.931993 -0.340687 -0.123776 0.362475 0.875972 0.318253 0.000000 -0.341475 0.939891 B 2.000000 4.000000 18.000000 C[purple]
30.252766 15.595507 -59.630177 0.849176 -0.496366 -0.180337 0.528110 0.798133 0.289973 -0.000000 -0.341475 0.939891 B 2.000000 4.000000 18.000000 C[purple]
30.083191 9.144094 -42.730199 0.795330 -0.569739 -0.206994 0.606176 0.747524 0.271586 0.000000 -0.341475 0.939891 B 2.000000 4.000000 18.000000 C[purple]
30.243464 3.080631 -25.444815 0.734637 -0.637678 -0.231677 0.678460 0.690479 0.250861 0.000000 -0.341475 0.939891 B 2.000000 4.000000 18.000000 C[purple]
30.480704 -3.342628 -8.412969 0.830827 -0.523078 -0.190041 0.556530 0.780887 0.283707 -0.000000 -0.341475 0.939891 B 2.000000 4.000000 18.000000 C[purple]
30.381255 -9.530800 9.055547 0.860618 -0.478640 -0.173897 0.509250 0.808887 0.293880 0.000000 -0.341475 0.939891 B 2.000000 4.000000 18.000000 C[purple]
30.256287 -15.675290 26.075139 0.758995 -0.611960 -0.222334 0.651097 0.713372 0.259178 -0.000000 -0.341475 0.939891 B 2.000000 4.000000 18.000000 C[purple]
30.143197 -22.294878 43.327292 0.881083 -0.444533 -0.161505 0.472963 0.828121 0.300868 -0.000000 -0.341475 0.939891 B 2.000000 4.000000 18.000000 C[purple]
29.940633 -28.431785 60.528373 0.903770 -0.402291 -0.146158 0.428019 0.849445 0.308615 0.000000 -0.341475 0.939891 B 2.000000 4.000000 18.000000 C[purple]
-25.718021 -28.901618 -77.227064 -0.269298 -0.905168 -0.328860 0.963057 -0.253111 -0.091959 0.000000 -0.341475 0.939891 B 2.000000 4.000000 18.000000 C[purple]
-25.637556 27.068556 -60.154302 -0.254759 -0.908879 -0.330208 0.967005 -0.239445 -0.086994 -0.000000 -0.341475 0.939891 B 2.000000 4.000000 18.000000 C[purple]
-26.049532 20.674845 -43.105101 -0.198919 -0.921108 -0.334651 0.980016 -0.186962 -0.067926 0.000000 -0.341475 0.939891 B 2.000000 4.000000 18.000000 C[purple]
-25.934354 14.582382 -25.960446 -0.276612 -0.903218 -0.328152 0.960982 -0.259985 -0.094456 -0.000000 -0.341475 0.939891 B 2.000000 4.000000 18.000000 C[purple]
-25.747750 8.085277 -8.570670 -0.276798 -0.903168 -0.328133 0.960928 -0.260159 -0.094520 -0.000000 -0.341475 0.939891 B 2.000000 4.000000 18.000000 C[purple]
-25.860892 2.162216 8.567946 -0.179633 -0.924602 -0.335921 0.983734 -0.168835 -0.061340 0.000000 -0.341475 0.939891 B 2.000000 4.000000 18.000000 C[purple]
-25.837192 -4.252348 25.978535 -0.014688 -0.939789 -0.341439 0.999892 -0.013805 -0.005016 0.000000 -0.341475 0.939891 B 2.000000 4.000000 18.000000 C[purple]
-26.100380 -10.472010 43.099219 0.023126 -0.939639 -0.341384 0.999733 0.021736 0.007897 -0.000000 -0.341475 0.939891 B 2.000000 4.000000 18.000000 C[purple]
-26.241121 -16.423622 60.583518 0.000947 -0.939890 -0.341475 1.000000 0.000890 0.000323 -0.000000 -0.341475 0.939891 B 2.000000 4.000000 18.000000 C[purple]
-26.050490 -22.615120 77.615515 -0.144893 -0.929972 -0.337872 0.989447 -0.136183 -0.049477 0.000000 -0.341475 0.939891 B 2.000000 4.000000 18.000000 C[purple]
-0.776278 20.979265 77.377474 0.698408 0.672680 0.244394 -0.715700 0.656427 0.238489 0.000000 -0.341475 0.939891 B 2.000000 4.000000 18.000000 C[purple]
-0.628712 14.703597 -77.026723 0.661767 0.704645 0.256007 -0.749709 0.621989 0.225977 0.000000 -0.341475 0.939891 B 2.000000 4.000000 18.000000 C[purple]
-0.583926 8.355661 -59.790300 0.924916 0.357320 0.129819 -0.380172 0.869320 0.315836 0.000000 -0.341475 0.939891 B 2.000000 4.000000 18.000000 C[purple]
-0.694186 2.104112 -42.878868 0.859861 0.479841 0.174333 -0.510529 0.808175 0.293621 -0.000000 -0.341475 0.939891 B 2.000000 4.000000 18.000000 C[purple]
-0.740844 -3.982508 -25.785529 0.629112 0.730591 0.265434 -0.777315 0.591297 0.214826 -0.000000 -0.341475 0.939891 B 2.000000 4.000000 18.000000 C[purple]
-0.573459 -10.477803 -8.894447 0.593689 0.756325 0.274783 -0.804694 0.558003 0.202730 -0.000000 -0.341475 0.939891 B 2.000000 4.000000 18.000000 C[purple]
-0.526982 -16.476927 8.465460 0.741504 0.630618 0.229112 -0.670949 0.696933 0.253205 0.000000 -0.341475 0.939891 B 2.000000 4.000000 18.000000 C[purple]
-0.798338 -22.647057 25.759373 0.826722 0.528792 0.192117 -0.562610 0.777029 0.282305 0.000000 -0.341475 0.939891 B 2.000000 4.000000 18.000000 C[purple]
-0.781879 -29.055637 43.064454 0.615844 0.740510 0.269038 -0.787868 0.578826 0.210296 0.000000 -0.341475 0.939891 B 2.000000 4.000000 18.000000 C[purple]
-0.731684 27.061340 60.335331 0.823670 0.532983 0.193640 -0.567069 0.774160 0.281263 0.000000 -0.341475 0.939891 B 2.000000 4.000000 18.000000 C[purple]
-35.559412 -19.287268 -77.694516 -0.250247 -0.909985 -0.330610 0.968182 -0.235205 -0.085453 -0.000000 -0.341475 0.939891 B 2.000000 4.000000 18.000000 C[purple]
-35.452134 -25.772363 -60.576567 -0.328560 -0.887711 -0.322518 0.944483 -0.308810 -0.112195 0.000000 -0.341475 0.939891 B 2.000000 4.000000 18.000000 C[purple]
-35.453465 30.234988 -43.245576 -0.436295 -0.845717 -0.307261 0.899804 -0.410070 -0.148984 0.000000 -0.341475 0.939891 B 2.000000 4.000000 18.000000 C[purple]
-35.664919 24.118158 -26.232370 -0.075071 -0.937239 -0.340512 0.997178 -0.070559 -0.025635 0.000000 -0.341475 0.939891 B 2.000000 4.000000 18.000000 C[purple]
-35.460323 17.763740 -9.187750 0.091717 -0.935929 -0.340036 0.995785 0.086204 0.031319 0.000000 -0.341475 0.939891 B 2.000000 4.000000 18.000000 C[purple]
-35.542038 11.874089 8.297664 0.057176 -0.938353 -0.340917 0.998364 0.053739 0.019524 0.000000 -0.341475 0.939891 B 2.000000 4.000000 18.000000 C[purple]
-35.423622 5.501767 25.395646 0.209622 -0.919009 -0.333889 0.977782 0.197022 0.071581 0.000000 -0.341475 0.939891 B 2.000000 4.000000 18.000000 C[purple]
-35.308382 -0.651145 42.615074 -0.069335 -0.937629 -0.340654 0.997593 -0.065168 -0.023676 0.000000 -0.341475 0.939891 B 2.000000 4.000000 18.000000 C[purple]
-35.231227 -6.842419 59.807518 0.034436 -0.939333 -0.341273 0.999407 0.032366 0.011759 0.000000 -0.341475 0.939891 B 2.000000 4.000000 18.000000 C[purple]
-35.411828 -12.990530 77.040851 0.022258 -0.939658 -0.341391 0.999752 0.020920 0.007601 0.000000 -0.341475 0.939891 B 2.000000 4.000000 18.000000 C[purple]
18.759623 1.053449 77.010754 0.841543 0.507720 0.184462 -0.540190 0.790958 0.287366 0.000000 -0.341475 0.939891 B 2.000000 4.000000 18.000000 C[purple]
18.896429 -4.915730 -77.818176 0.873534 0.457504 0.166218 -0.486763 0.821027 0.298290 -0.000000 -0.341475 0.939891 B 2.000000 4.000000 18.000000 C[purple]
18.785749 -11.536667 -60.488308 0.896610 0.416203 0.151212 -0.442820 0.842716 0.306170 -0.000000 -0.341475 0.939891 B 2.000000 4.000000 18.000000 C[purple]
18.823264 -17.793623 -42.990404 0.964995 0.246503 0.089558 -0.262268 0.906990 0.329522 0.000000 -0.341475 0.939891 B 2.000000 4.000000 18.000000 C[purple]
18.751961 -24.122385 -25.849961 0.884787 0.437986 0.159126 -0.465996 0.831603 0.302133 0.000000 -0.341475 0.939891 B 2.000000 4.000000 18.000000 C[purple]
18.957073 -30.475369 -8.756672 0.947576 0.300323 0.109112 -0.319530 0.890618 0.323574 0.000000 -0.341475 0.939891 B 2.000000 4.000000 18.000000 C[purple]
18.839589 25.445966 8.438019 0.942085 0.315215 0.114522 -0.335374 0.885457 0.321699 -0.000000 -0.341475 0.939891 B 2.000000 4.000000 18.000000 C[purple]
18.850464 19.346175 25.520880 0.989731 0.134347 0.048810 -0.142939 0.930239 0.337969 -0.000000 -0.341475 0.939891 B 2.000000 4.000000 18.000000 C[purple]
18.755523 13.521420 42.684861 0.962999 0.253306 0.092030 -0.269506 0.905114 0.328840 -0.000000 -0.341475 0.939891 B 2.000000 4.000000 18.000000 C[purple]
18.675541 7.552877 60.159202 0.906831 0.396159 0.143930 -0.421495 0.852322 0.309660 0.000000 -0.341475 0.939891 B 2.000000 4.000000 18.000000 C[purple]
28.416176 -0.362244 -77.274852 -0.178631 -0.924774 -0.335983 0.983916 -0.167894 -0.060998 0.000000 -0.341475 0.939891 B 2.000000 4.000000 18.000000 C[purple]
28.552760 -6.525909 -59.984695 0.105315 -0.934664 -0.339576 0.994439 0.098985 0.035963 -0.000000 -0.341475 0.939891 B 2.000000 4.000000 18.000000 C[purple]
28.843381 -12.779269 -42.839675 -0.227484 -0.915248 -0.332523 0.973782 -0.213810 -0.077680 -0.000000 -0.341475 0.939891 B 2.000000 4.000000 18.000000 C[purple]
28.565552 -19.048722 -25.361190 -0.363506 -0.875594 -0.318116 0.931592 -0.341656 -0.124129 0.000000 -0.341475 0.939891 B 2.000000 4.000000 18.000000 C[purple]
28.327487 -25.551649 -7.979743 -0.276546 -0.903236 -0.328158 0.961001 -0.259923 -0.094434 -0.000000 -0.341475 0.939891 B 2.000000 4.000000 18.000000 C[purple]
28.094931 30.859044 9.298884 -0.463683 -0.832744 -0.302548 0.886001 -0.435811 -0.158336 -0.000000 -0.341475 0.939891 B 2.000000 4.000000 18.000000 C[purple]
28.404909 24.488637 26.337417 -0.309230 -0.893824 -0.324739 0.950987 -0.290642 -0.105594 0.000000 -0.341475 0.939891 B 2.000000 4.000000 18.000000 C[purple]
28.589963 17.942364 43.319721 -0.232303 -0.914179 -0.332134 0.972643 -0.218339 -0.079326 0.000000 -0.341475 0.939891 B 2.000000 4.000000 18.000000 C[purple]
28.471127 11.885270 60.700393 -0.361230 -0.876426 -0.318418 0.932477 -0.339517 -0.123351 -0.000000 -0.341475 0.939891 B 2.000000 4.000000 18.000000 C[purple]
28.489505 5.716527 77.625108 -0.512313 -0.807177 -0.293259 0.858799 -0.481518 -0.174942 -0.000000 -0.341475 0.939891 B 2.000000 4.000000 18.000000 C[purple]
-29.253174 13.027911 77.410371 0.943588 0.311219 0.113070 -0.331122 0.886869 0.322212 -0.000000 -0.341475 0.939891 B 2.000000 4.000000 18.000000 C[purple]
-29.142786 6.602552 -77.582206 0.938832 0.323676 0.117596 -0.344376 0.882399 0.320588 0.000000 -0.341475 0.939891 B 2.000000 4.000000 18.000000 C[purple]
-28.817771 0.238831 -60.290455 0.939640 0.321597 0.116841 -0.342165 0.883159 0.320864 -0.000000 -0.341475 0.939891 B 2.000000 4.000000 18.000000 C[purple]
-29.272996 -6.186750 -43.105983 0.937634 0.326730 0.118705 -0.347625 0.881273 0.320179 -0.000000 -0.341475 0.939891 B 2.000000 4.000000 18.000000 C[purple]
-29.174289 -12.562853 -25.739240 0.932909 0.338466 0.122969 -0.360112 0.876833 0.318566 0.000000 -0.341475 0.939891 B 2.000000 4.000000 18.000000 C[purple]
-29.244851 -18.835149 -8.503812 0.973323 0.215646 0.078347 -0.229437 0.914818 0.332366 0.000000 -0.341475 0.939891 B 2.000000 4.000000 18.000000 C[purple]
-29.614312 -24.914474 8.719596 0.981338 0.180733 0.065663 -0.192291 0.922350 0.335103 -0.000000 -0.341475 0.939891 B 2.000000 4.000000 18.000000 C[purple]
-29.522006 -31.091423 25.955507 0.931689 0.341423 0.124044 -0.363258 0.875685 0.318149 -0.000000 -0.341475 0.939891 B 2.000000 4.000000 18.000000 C[purple]
-29.613815 25.309040 42.995939 0.979845 0.187753 0.068213 -0.199760 0.920947 0.334593 -0.000000 -0.341475 0.939891 B 2.000000 4.000000 18.000000 C[purple]
-29.389214 19.282609 60.174894 0.955592 0.276978 0.100630 -0.294691 0.898152 0.326311 -0.000000 -0.341475 0.939891 B 2.000000 4.000000 18.000000 C[purple]
2.721399 -11.545474 77.377376 0.794510 -0.570749 -0.207361 0.607251 0.746753 0.271306 -0.000000 -0.341475 0.939891 B 2.000000 4.000000 18.000000 C[purple]
2.885843 -17.655902 -77.591021 0.907931 -0.393926 -0.143119 0.419119 0.853356 0.310036 0.000000 -0.341475 0.939891 B 2.000000 4.000000 18.000000 C[purple]
3.004649 -24.075053 -60.440776 0.779557 -0.588682 -0.213877 0.626331 0.732699 0.266200 0.000000 -0.341475 0.939891 B 2.000000 4.000000 18.000000 C[purple]
2.793776 -30.653854 -43.161816 0.718942 -0.653290 -0.237349 0.695070 0.675727 0.245501 -0.000000 -0.341475 0.939891 B 2.000000 4.000000 18.000000 C[purple]
3.193575 25.749052 -26.037118 0.744106 -0.627905 -0.228126 0.668061 0.699379 0.254094 0.000000 -0.341475 0.939891 B 2.000000 4.000000 18.000000 C[purple]
2.961637 19.502909 -9.037800 0.653996 -0.711026 -0.258326 0.756498 0.614684 0.223323 0.000000 -0.341475 0.939891 B 2.000000 4.000000 18.000000 C[purple]
2.789984 13.458537 8.333222 0.678957 -0.690047 -0.250704 0.734178 0.638145 0.231847 0.000000 -0.341475 0.939891 B 2.000000 4.000000 18.000000 C[purple]
2.720701 7.343700 25.617241 0.484554 -0.822180 -0.298710 0.874761 0.455428 0.165463 -0.000000 -0.341475 0.939891 B 2.000000 4.000000 18.000000 C[purple]
3.073846 1.218430 42.879453 0.574844 -0.769078 -0.279417 0.818263 0.540290 0.196295 -0.000000 -0.341475 0.939891 B 2.000000 4.000000 18.000000 C[purple]
2.742733 -5.118486 60.125280 0.536261 -0.793317 -0.288223 0.844052 0.504027 0.183120 0.000000 -0.341475 0.939891 B 2.000000 4.000000 18.000000 C[purple]
-41.135969 21.406241 -77.621154 0.787798 -0.578910 -0.210326 0.615934 0.740444 0.269014 0.000000 -0.341475 0.939891 B 2.000000 4.000000 18.000000 C[purple]
-41.367170 15.373564 -60.391483 0.704971 -0.666605 -0.242187 0.709236 0.662596 0.240730 -0.000000 -0.341475 0.939891 B 2.000000 4.000000 18.000000 C[purple]
-40.974185 9.316699 -43.137498 0.750525 -0.621119 -0.225661 0.660841 0.705412 0.256286 -0.000000 -0.341475 0.939891 B 2.000000 4.000000 18.000000 C[purple]
-40.791609 3.220776 -26.091165 0.691347 -0.679092 -0.246724 0.722523 0.649791 0.236078 0.000000 -0.341475 0.939891 B 2.000000 4.000000 18.000000 C[purple]
-40.887363 -2.962936 -8.436457 0.689847 -0.680439 -0.247213 0.723955 0.648381 0.235566 0.000000 -0.341475 0.939891 B 2.000000 4.000000 18.000000 C[purple]
-40.834913 -9.660611 8.881089 0.722020 -0.650284 -0.236257 0.691872 0.678620 0.246552 -0.000000 -0.341475 0.939891 B 2.000000 4.000000 18.000000 C[purple]
-41.002805 -16.154680 26.133898 0.539833 -0.791174 -0.287444 0.841772 0.507384 0.184340 0.000000 -0.341475 0.939891 B 2.000000 4.000000 18.000000 C[purple]
-41.011004 -22.308692 43.226759 0.557020 -0.780578 -0.283595 0.830499 0.523538 0.190209 0.000000 -0.341475 0.939891 B 2.000000 4.000000 18.000000 C[purple]
-41.109626 -28.498211 60.329886 0.799385 -0.564705 -0.205165 0.600819 0.751334 0.272970 -0.000000 -0.341475 0.939891 B 2.000000 4.000000 18.000000 C[purple]
-41.250702 27.517715 77.439911 0.732477 -0.639870 -0.232474 0.680792 0.688448 0.250123 0.000000 -0.341475 0.939891 B 2.000000 4.000000 18.000000 C[purple]
25.860391 -25.133910 -77.037881 -0.577556 -0.767281 -0.278764 0.816351 -0.542839 -0.197221 -0.000000 -0.341475 0.939891 B 2.000000 4.000000 18.000000 C[purple]
25.730389 -31.055622 -59.780071 -0.595711 -0.754919 -0.274273 0.803199 -0.559903 -0.203421 0.000000 -0.341475 0.939891 B 2.000000 4.000000 18.000000 C[purple]
25.950331 25.210742 -42.598146 -0.290077 -0.899479 -0.326793 0.957003 -0.272640 -0.099054 0.000000 -0.341475 0.939891 B 2.000000 4.000000 18.000000 C[purple]
25.685575 19.219702 -25.512294 -0.388217 -0.866173 -0.314693 0.921568 -0.364882 -0.132567 0.000000 -0.341475 0.939891 B 2.000000 4.000000 18.000000 C[purple]
25.844517 12.956189 -8.122384 -0.463257 -0.832954 -0.302624 0.886224 -0.435411 -0.158191 -0.000000 -0.341475 0.939891 B 2.000000 4.000000 18.000000 C[purple]
25.986124 6.637591 8.756132 -0.385685 -0.867172 -0.315056 0.922630 -0.362502 -0.131702 0.000000 -0.341475 0.939891 B 2.000000 4.000000 18.000000 C[purple]
25.916738 0.425512 25.842027 -0.659178 -0.706786 -0.256785 0.751987 -0.619555 -0.225093 -0.000000 -0.341475 0.939891 B 2.000000 4.000000 18.000000 C[purple]
26.009294 -5.911902 43.441493 -0.636062 -0.725255 -0.263495 0.771638 -0.597829 -0.217199 -0.000000 -0.341475 0.939891 B 2.000000 4.000000 18.000000 C[purple]
26.230343 -11.943402 60.663203 -0.529790 -0.797148 -0.289615 0.848129 -0.497945 -0.180910 0.000000 -0.341475 0.939891 B 2.000000 4.000000 18.000000 C[purple]
26.076915 -18.483057 77.677265 -0.605953 -0.747684 -0.271644 0.795501 -0.569529 -0.206918 -0.000000 -0.341475 0.939891 B 2.000000 4.000000 18.000000 C[purple]
35.137026 1.208021 77.392667 0.295995 0.897774 0.326174 -0.955189 0.278203 0.101075 0.000000 -0.341475 0.939891 B 2.000000 4.000000 18.000000 C[purple]
34.764531 -4.928568 -77.410557 0.447928 0.840328 0.305303 -0.894070 0.421003 0.152956 -0.000000 -0.341475 0.939891 B 2.000000 4.000000 18.000000 C[purple]
34.448874 -11.137901 -60.431618 0.279273 0.902494 0.327889 -0.960212 0.262486 0.095365 0.000000 -0.341475 0.939891 B 2.000000 4.000000 18.000000 C[purple]
34.479797 -17.335526 -43.229058 0.492371 0.818067 0.297215 -0.870386 0.462775 0.168132 -0.000000 -0.341475 0.939891 B 2.000000 4.000000 18.000000 C[purple]
34.366143 -23.318503 -26.078868 0.428186 0.849370 0.308588 -0.903690 0.402448 0.146215 0.000000 -0.341475 0.939891 B 2.000000 4.000000 18.000000 C[purple]
34.688564 -29.647186 -8.623138 0.510494 0.808194 0.293628 -0.859881 0.479809 0.174321 0.000000 -0.341475 0.939891 B 2.000000 4.000000 18.000000 C[purple]
34.795898 26.655907 8.700199 0.564060 0.776099 0.281968 -0.825734 0.530155 0.192613 -0.000000 -0.341475 0.939891 B 2.000000 4.000000 18.000000 C[purple]
34.731416 20.044010 25.973335 0.577861 0.767078 0.278690 -0.816135 0.543126 0.197325 0.000000 -0.341475 0.939891 B 2.000000 4.000000 18.000000 C[purple]
34.835830 13.625885 43.188296 0.619839 0.737559 0.267966 -0.784729 0.582581 0.211660 0.000000 -0.341475 0.939891 B 2.000000 4.000000 18.000000 C[purple]
35.061974 7.336815 60.279046 0.368052 0.873915 0.317506 -0.929805 0.345929 0.125681 0.000000 -0.341475 0.939891 B 2.000000 4.000000 18.000000 C[purple]
-18.806367 1.154561 76.944757 0.525953 0.799390 0.290429 -0.850514 0.494338 0.179600 0.000000 -0.341475 0.939891 B 2.000000 4.000000 18.000000 C[purple]
-18.988496 -4.858909 -77.990646 0.414270 0.855445 0.310795 -0.910154 0.389369 0.141463 0.000000 -0.341475 0.939891 B 2.000000 4.000000 18.000000 C[purple]
-19.086617 -11.384582 -60.531711 0.514000 0.806229 0.292914 -0.857790 0.483104 0.175518 0.000000 -0.341475 0.939891 B 2.000000 4.000000 18.000000 C[purple]
-18.849914 -17.958460 -43.260414 0.368871 0.873610 0.317395 -0.929481 0.346698 0.125960 0.000000 -0.341475 0.939891 B 2.000000 4.000000 18.000000 C[purple]
-19.093397 -24.091224 -26.127768 0.304251 0.895332 0.325287 -0.952592 0.285963 0.103894 0.000000 -0.341475 0.939891 B 2.000000 4.000000 18.000000 C[purple]
-19.163682 -30.515574 -9.191366 0.159141 0.927913 0.337124 -0.987256 0.149575 0.054343 -0.000000 -0.341475 0.939891 B 2.000000 4.000000 18.000000 C[purple]
-19.167282 25.688926 8.311659 0.406219 0.858849 0.312032 -0.913776 0.381802 0.138714 0.000000 -0.341475 0.939891 B 2.000000 4.000000 18.000000 C[purple]
-19.261436 19.770244 25.616825 0.291029 0.899207 0.326694 -0.956714 0.273536 0.099379 -0.000000 -0.341475 0.939891 B 2.000000 4.000000 18.000000 C[purple]
-19.057226 13.505360 42.722289 0.485193 0.821847 0.298589 -0.874407 0.456028 0.165681 -0.000000 -0.341475 0.939891 B 2.000000 4.000000 18.000000 C[purple]
-18.854072 7.072546 59.702319 0.449301 0.839680 0.305067 -0.893380 0.422294 0.153425 0.000000 -0.341475 0.939891 B 2.000000 4.000000 18.000000 C[purple]
-10.444794 7.887095 77.611142 0.882536 0.441979 0.160577 -0.470245 0.829487 0.301364 -0.000000 -0.341475 0.939891 B 2.000000 4.000000 18.000000 C[purple]
-10.434322 1.549588 -77.262239 0.970415 0.226929 0.082446 -0.241441 0.912084 0.331373 -0.000000 -0.341475 0.939891 B 2.000000 4.000000 18.000000 C[purple]
-10.323353 -4.297055 -59.868284 0.978439 0.194119 0.070526 -0.206534 0.919626 0.334113 -0.000000 -0.341475 0.939891 B 2.000000 4.000000 18.000000 C[purple]
-10.339286 -10.203047 -42.594742 0.889842 0.428843 0.155805 -0.456269 0.836354 0.303859 0.000000 -0.341475 0.939891 B 2.000000 4.000000 18.000000 C[purple]
-10.120380 -16.484613 -25.518980 0.839987 0.509991 0.185287 -0.542607 0.789496 0.286835 -0.000000 -0.341475 0.939891 B 2.000000 4.000000 18.000000 C[purple]
-9.997745 -22.993857 -8.396190 0.722455 0.649857 0.236102 -0.691418 0.679029 0.246701 0.000000 -0.341475 0.939891 B 2.000000 4.000000 18.000000 C[purple]
-10.180069 -28.997164 8.684713 0.846199 0.500837 0.181961 -0.532867 0.795334 0.288956 0.000000 -0.341475 0.939891 B 2.000000 4.000000 18.000000 C[purple]
-10.187493 27.224148 25.968015 0.917456 0.373924 0.135852 -0.397838 0.862308 0.313289 0.000000 -0.341475 0.939891 B 2.000000 4.000000 18.000000 C[purple]
-10.219444 20.640751 43.301410 0.852551 0.491229 0.178470 -0.522644 0.801305 0.291125 0.000000 -0.341475 0.939891 B 2.000000 4.000000 18.000000 C[purple]
-10.435510 14.379315 60.632127 0.761669 0.609018 0.221265 -0.647966 0.715886 0.260091 0.000000 -0.341475 0.939891 B 2.000000 4.000000 18.000000 C[purple]
-49.324456 7.211505 77.070355 0.977573 0.197937 0.071913 -0.210596 0.918812 0.333817 -0.000000 -0.341475 0.939891 B 2.000000 4.000000 18.000000 C[purple]
-49.286126 1.083953 -77.712771 0.997674 0.064075 0.023279 -0.068173 0.937704 0.340681 -0.000000 -0.341475 0.939891 B 2.000000 4.000000 18.000000 C[purple]
-49.460650 -5.004270 -60.440448 0.992999 -0.111025 -0.040337 0.118125 0.933310 0.339085 0.000000 -0.341475 0.939891 B 2.000000 4.000000 18.000000 C[purple]
-49.541933 -11.315509 -43.286266 0.968149 0.235325 0.085497 -0.250375 0.909954 0.330599 -0.000000 -0.341475 0.939891 B 2.000000 4.000000 18.000000 C[purple]
-49.546053 -17.813390 -26.163147 0.927145 0.352180 0.127952 -0.374703 0.871415 0.316597 0.000000 -0.341475 0.939891 B 2.000000 4.000000 18.000000 C[purple]
-49.605716 -24.158369 -9.120856 0.955906 0.276019 0.100282 -0.293672 0.898447 0.326418 -0.000000 -0.341475 0.939891 B 2.000000 4.000000 18.000000 C[purple]
-49.769696 -30.180215 7.985650 0.984394 0.165398 0.060091 -0.175976 0.925223 0.336146 0.000000 -0.341475 0.939891 B 2.000000 4.000000 18.000000 C[purple]
-49.798142 25.984369 25.670962 0.976878 0.200945 0.073006 -0.213796 0.918159 0.333580 -0.000000 -0.341475 0.939891 B 2.000000 4.000000 18.000000 C[purple]
-49.421610 19.835921 42.899379 0.952127 0.287329 0.104390 -0.305704 0.894895 0.325128 0.000000 -0.341475 0.939891 B 2.000000 4.000000 18.000000 C[purple]
-49.267552 13.707950 60.035729 0.921004 0.366137 0.133023 -0.389552 0.865643 0.314500 0.000000 -0.341475 0.939891 B 2.000000 4.000000 18.000000 C[purple]
-46.362202 -21.211872 -78.018213 0.967589 -0.237350 -0.086233 0.252530 0.909428 0.330408 0.000000 -0.341475 0.939891 B 2.000000 4.000000 18.000000 C[purple]
-46.521780 -27.258456 -60.987964 0.896016 -0.417333 -0.151623 0.444022 0.842157 0.305967 -0.000000 -0.341475 0.939891 B 2.000000 4.000000 18.000000 C[purple]
-46.497183 28.954121 -43.309476 0.886951 -0.434101 -0.157715 0.461863 0.833637 0.302872 0.000000 -0.341475 0.939891 B 2.000000 4.000000 18.000000 C[purple]
-46.549197 22.722028 -26.142263 0.636109 -0.725219 -0.263482 0.771599 0.597873 0.217216 0.000000 -0.341475 0.939891 B 2.000000 4.000000 18.000000 C[purple]
-46.518561 16.491306 -8.924473 0.660850 -0.705405 -0.256283 0.750518 0.621127 0.225664 -0.000000 -0.341475 0.939891 B 2.000000 4.000000 18.000000 C[purple]
-46.563151 10.374334 8.349652 0.843048 -0.505509 -0.183658 0.537838 0.792373 0.287880 0.000000 -0.341475 0.939891 B 2.000000 4.000000 18.000000 C[purple]
-46.269430 4.376761 25.628379 0.905845 -0.398147 -0.144652 0.423610 0.851395 0.309324 0.000000 -0.341475 0.939891 B 2.000000 4.000000 18.000000 C[purple]
