-37.666450 22.446165 -77.728918 0.560616 0.778301 0.282768 -0.828076 0.526918 0.191437 0.000000 -0.341475 0.939891 B 2.000000 4.000000 18.000000 C[purple]
-37.423786 16.307668 -60.406700 0.510954 0.807938 0.293535 -0.859608 0.480241 0.174478 -0.000000 -0.341475 0.939891 B 2.000000 4.000000 18.000000 C[purple]
-37.661899 9.761979 -43.455767 0.524583 0.800185 0.290718 -0.851359 0.493051 0.179132 0.000000 -0.341475 0.939891 B 2.000000 4.000000 18.000000 C[purple]
-37.804466 3.331509 -26.422162 0.436908 0.845438 0.307159 -0.899506 0.410645 0.149193 -0.000000 -0.341475 0.939891 B 2.000000 4.000000 18.000000 C[purple]
-38.076048 -2.742171 -9.265650 0.599504 0.752262 0.273307 -0.800372 0.563468 0.204716 -0.000000 -0.341475 0.939891 B 2.000000 4.000000 18.000000 C[purple]
-38.293554 -9.015445 8.123209 0.408936 0.857710 0.311618 -0.912563 0.384355 0.139641 0.000000 -0.341475 0.939891 B 2.000000 4.000000 18.000000 C[purple]
-38.082986 -15.175338 25.272352 0.432727 0.847335 0.307849 -0.901525 0.406716 0.147766 0.000000 -0.341475 0.939891 B 2.000000 4.000000 18.000000 C[purple]
-37.913612 -21.299951 42.674786 0.226995 0.915356 0.332562 -0.973896 0.213350 0.077513 0.000000 -0.341475 0.939891 B 2.000000 4.000000 18.000000 C[purple]
-38.093847 -27.461394 59.848409 0.539217 0.791545 0.287579 -0.842167 0.506805 0.184129 0.000000 -0.341475 0.939891 B 2.000000 4.000000 18.000000 C[purple]
-38.040185 28.524987 77.059716 0.561648 0.777643 0.282529 -0.827376 0.527888 0.191789 0.000000 -0.341475 0.939891 B 2.000000 4.000000 18.000000 C[purple]
45.473342 -2.864501 -77.768114 -0.877781 -0.450266 -0.163588 0.479062 -0.825018 -0.299741 0.000000 -0.341475 0.939891 B 2.000000 4.000000 18.000000 C[purple]
45.269926 -8.898274 -60.707360 -0.739551 -0.632641 -0.229847 0.673101 -0.695097 -0.252538 0.000000 -0.341475 0.939891 B 2.000000 4.000000 18.000000 C[purple]
45.491465 -15.245694 -43.214877 -0.761437 -0.609273 -0.221358 0.648239 -0.715668 -0.260012 0.000000 -0.341475 0.939891 B 2.000000 4.000000 18.000000 C[purple]
45.537197 -21.163027 -25.905316 -0.789249 -0.577162 -0.209691 0.614074 -0.741808 -0.269509 0.000000 -0.341475 0.939891 B 2.000000 4.000000 18.000000 C[purple]
45.323304 -27.495237 -8.686410 -0.885613 -0.436508 -0.158589 0.464424 -0.832379 -0.302415 0.000000 -0.341475 0.939891 B 2.000000 4.000000 18.000000 C[purple]
45.333781 28.547691 8.422767 -0.871636 -0.460690 -0.167375 0.490153 -0.819243 -0.297642 -0.000000 -0.341475 0.939891 B 2.000000 4.000000 18.000000 C[purple]
45.571645 22.402558 25.438725 -0.858235 -0.482405 -0.175264 0.513256 -0.806647 -0.293066 0.000000 -0.341475 0.939891 B 2.000000 4.000000 18.000000 C[purple]
45.724501 16.397625 42.912464 -0.804625 -0.558092 -0.202763 0.593784 -0.756259 -0.274760 -0.000000 -0.341475 0.939891 B 2.000000 4.000000 18.000000 C[purple]
45.803785 9.810267 60.345497 -0.793845 -0.571567 -0.207658 0.608121 -0.746127 -0.271078 -0.000000 -0.341475 0.939891 B 2.000000 4.000000 18.000000 C[purple]
45.698418 3.424904 77.346824 -0.903543 -0.402740 -0.146321 0.428497 -0.849232 -0.308538 0.000000 -0.341475 0.939891 B 2.000000 4.000000 18.000000 C[purple]
1.811407 5.243190 77.523083 0.981127 -0.181742 -0.066030 0.193365 0.922152 0.335031 0.000000 -0.341475 0.939891 B 2.000000 4.000000 18.000000 C[purple]
1.860785 -1.234258 -77.268621 0.917333 -0.374189 -0.135948 0.398120 0.862193 0.313247 -0.000000 -0.341475 0.939891 B 2.000000 4.000000 18.000000 C[purple]
1.872599 -7.568870 -60.221203 0.954884 -0.279127 -0.101411 0.296978 0.897487 0.326069 0.000000 -0.341475 0.939891 B 2.000000 4.000000 18.000000 C[purple]
1.899177 -13.827259 -42.876288 0.998755 0.046889 0.017035 -0.049888 0.938720 0.341050 0.000000 -0.341475 0.939891 B 2.000000 4.000000 18.000000 C[purple]
1.858509 -20.437449 -25.640935 0.998284 0.055036 0.019995 -0.058556 0.938278 0.340889 -0.000000 -0.341475 0.939891 B 2.000000 4.000000 18.000000 C[purple]
1.872153 -26.527406 -8.401130 0.919860 -0.368669 -0.133942 0.392246 0.864568 0.314110 0.000000 -0.341475 0.939891 B 2.000000 4.000000 18.000000 C[purple]
1.693472 29.811995 9.033920 0.976949 -0.200640 -0.072895 0.213472 0.918226 0.333604 0.000000 -0.341475 0.939891 B 2.000000 4.000000 18.000000 C[purple]
1.505339 23.262003 26.112601 0.995002 -0.093854 -0.034098 0.099856 0.935193 0.339769 -0.000000 -0.341475 0.939891 B 2.000000 4.000000 18.000000 C[purple]
1.755593 17.255761 43.361443 0.977119 -0.199909 -0.072630 0.212694 0.918385 0.333662 0.000000 -0.341475 0.939891 B 2.000000 4.000000 18.000000 C[purple]
1.742074 11.046888 60.471059 0.973510 -0.214903 -0.078077 0.228647 0.914993 0.332430 -0.000000 -0.341475 0.939891 B 2.000000 4.000000 18.000000 C[purple]
-37.229380 -27.114088 76.971808 -0.433054 -0.847187 -0.307795 0.901368 -0.407023 -0.147877 0.000000 -0.341475 0.939891 B 2.000000 4.000000 18.000000 C[purple]
-37.328734 29.099118 -77.369728 -0.477092 -0.826026 -0.300107 0.878854 -0.448414 -0.162915 -0.000000 -0.341475 0.939891 B 2.000000 4.000000 18.000000 C[purple]
-36.969673 22.718788 -60.206255 -0.518616 -0.803613 -0.291964 0.855007 -0.487443 -0.177095 0.000000 -0.341475 0.939891 B 2.000000 4.000000 18.000000 C[purple]
-37.239239 16.669051 -43.225691 -0.585470 -0.761964 -0.276832 0.810694 -0.550278 -0.199924 -0.000000 -0.341475 0.939891 B 2.000000 4.000000 18.000000 C[purple]
-37.406184 10.542885 -25.970033 -0.780643 -0.587410 -0.213414 0.624977 -0.733719 -0.266570 -0.000000 -0.341475 0.939891 B 2.000000 4.000000 18.000000 C[purple]
-37.140925 4.020403 -8.747743 -0.603785 -0.749231 -0.272206 0.797147 -0.567492 -0.206178 0.000000 -0.341475 0.939891 B 2.000000 4.000000 18.000000 C[purple]
-37.500607 -2.165441 8.351994 -0.542899 -0.789318 -0.286770 0.839798 -0.510266 -0.185387 -0.000000 -0.341475 0.939891 B 2.000000 4.000000 18.000000 C[purple]
-37.435936 -8.031451 25.726647 -0.477980 -0.825573 -0.299942 0.878371 -0.449249 -0.163218 0.000000 -0.341475 0.939891 B 2.000000 4.000000 18.000000 C[purple]
-37.205030 -14.070831 42.973125 -0.444588 -0.841893 -0.305872 0.895735 -0.417864 -0.151816 0.000000 -0.341475 0.939891 B 2.000000 4.000000 18.000000 C[purple]
-37.195037 -20.642923 59.874505 -0.497289 -0.815435 -0.296259 0.867585 -0.467397 -0.169812 -0.000000 -0.341475 0.939891 B 2.000000 4.000000 18.000000 C[purple]
-13.148380 -12.754202 77.599184 0.999879 0.014621 0.005312 -0.015557 0.939777 0.341434 0.000000 -0.341475 0.939891 B 2.000000 4.000000 18.000000 C[purple]
-13.258929 -18.927633 -77.129613 0.991135 0.124872 0.045368 -0.132858 0.931559 0.338448 0.000000 -0.341475 0.939891 B 2.000000 4.000000 18.000000 C[purple]
-13.342300 -25.178311 -60.239477 0.999578 0.027315 0.009924 -0.029062 0.939494 0.341331 0.000000 -0.341475 0.939891 B 2.000000 4.000000 18.000000 C[purple]
-13.078577 31.046355 -43.127536 0.988266 0.143559 0.052157 -0.152740 0.928862 0.337469 0.000000 -0.341475 0.939891 B 2.000000 4.000000 18.000000 C[purple]
-13.284010 24.666819 -25.806404 0.973429 0.215225 0.078194 -0.228990 0.914917 0.332402 0.000000 -0.341475 0.939891 B 2.000000 4.000000 18.000000 C[purple]
-13.418921 18.148439 -8.500365 0.970207 0.227716 0.082732 -0.242279 0.911888 0.331302 0.000000 -0.341475 0.939891 B 2.000000 4.000000 18.000000 C[purple]
-13.564237 11.742667 8.422118 0.990711 0.127809 0.046435 -0.135983 0.931160 0.338304 0.000000 -0.341475 0.939891 B 2.000000 4.000000 18.000000 C[purple]
-13.534850 5.731889 25.751436 0.939403 0.322209 0.117063 -0.342815 0.882936 0.320783 0.000000 -0.341475 0.939891 B 2.000000 4.000000 18.000000 C[purple]
-13.309931 -0.307053 43.095418 0.892168 0.424551 0.154245 -0.451703 0.838541 0.304654 0.000000 -0.341475 0.939891 B 2.000000 4.000000 18.000000 C[purple]
-13.317344 -6.721564 60.239211 0.988300 0.143353 0.052082 -0.152521 0.928894 0.337480 0.000000 -0.341475 0.939891 B 2.000000 4.000000 18.000000 C[purple]
-37.770902 12.854202 77.326393 0.948434 -0.297922 -0.108239 0.316975 0.891424 0.323867 0.000000 -0.341475 0.939891 B 2.000000 4.000000 18.000000 C[purple]
-37.975832 6.914991 -77.332568 0.919493 -0.369478 -0.134236 0.393107 0.864223 0.313984 -0.000000 -0.341475 0.939891 B 2.000000 4.000000 18.000000 C[purple]
-38.073069 0.419611 -60.071940 0.937721 -0.326508 -0.118625 0.347390 0.881355 0.320209 -0.000000 -0.341475 0.939891 B 2.000000 4.000000 18.000000 C[purple]
-37.786599 -6.173577 -42.801622 0.947223 -0.301307 -0.109469 0.320576 0.890286 0.323453 0.000000 -0.341475 0.939891 B 2.000000 4.000000 18.000000 C[purple]
-37.689849 -12.327350 -25.833825 0.819207 -0.539025 -0.195835 0.573497 0.769965 0.279739 0.000000 -0.341475 0.939891 B 2.000000 4.000000 18.000000 C[purple]
-37.556745 -18.472770 -8.686012 0.783842 -0.583634 -0.212043 0.620960 0.736726 0.267663 0.000000 -0.341475 0.939891 B 2.000000 4.000000 18.000000 C[purple]
-37.937993 -24.859705 8.537962 0.681137 -0.688147 -0.250013 0.732156 0.640194 0.232592 0.000000 -0.341475 0.939891 B 2.000000 4.000000 18.000000 C[purple]
-37.770215 -30.900401 26.036005 0.812753 -0.547589 -0.198947 0.582609 0.763899 0.277535 0.000000 -0.341475 0.939891 B 2.000000 4.000000 18.000000 C[purple]
-37.855701 25.336389 42.961495 0.965352 -0.245265 -0.089108 0.260951 0.907325 0.329644 0.000000 -0.341475 0.939891 B 2.000000 4.000000 18.000000 C[purple]
-37.632179 19.320492 60.301506 0.989277 -0.137269 -0.049872 0.146048 0.929813 0.337814 -0.000000 -0.341475 0.939891 B 2.000000 4.000000 18.000000 C[purple]
-43.992255 -22.099552 77.016612 0.982501 -0.175061 -0.063602 0.186257 0.923444 0.335500 0.000000 -0.341475 0.939891 B 2.000000 4.000000 18.000000 C[purple]
-43.980671 -28.729885 -77.978717 0.982129 -0.176894 -0.064268 0.188207 0.923094 0.335373 0.000000 -0.341475 0.939891 B 2.000000 4.000000 18.000000 C[purple]
-44.117434 27.942515 -60.766765 0.980352 -0.185398 -0.067358 0.197254 0.921424 0.334766 0.000000 -0.341475 0.939891 B 2.000000 4.000000 18.000000 C[purple]
-44.071517 21.983801 -43.301876 0.998886 -0.044357 -0.016116 0.047194 0.938843 0.341095 -0.000000 -0.341475 0.939891 B 2.000000 4.000000 18.000000 C[purple]
-44.137087 15.500700 -25.884109 0.983491 -0.170078 -0.061792 0.180955 0.924374 0.335838 0.000000 -0.341475 0.939891 B 2.000000 4.000000 18.000000 C[purple]
-44.106424 8.970479 -8.807129 0.999729 0.021863 0.007943 -0.023261 0.939636 0.341383 0.000000 -0.341475 0.939891 B 2.000000 4.000000 18.000000 C[purple]
-44.076585 3.023886 8.299610 0.997638 0.064561 0.023456 -0.068690 0.937671 0.340669 -0.000000 -0.341475 0.939891 B 2.000000 4.000000 18.000000 C[purple]
-43.879310 -3.456277 25.290663 0.999360 0.033614 0.012212 -0.035763 0.939289 0.341257 -0.000000 -0.341475 0.939891 B 2.000000 4.000000 18.000000 C[purple]
-43.718064 -9.868041 42.773569 0.984123 0.166818 0.060607 -0.177486 0.924968 0.336054 0.000000 -0.341475 0.939891 B 2.000000 4.000000 18.000000 C[purple]
-43.739220 -15.917619 59.779743 0.999756 0.020764 0.007544 -0.022092 0.939661 0.341392 0.000000 -0.341475 0.939891 B 2.000000 4.000000 18.000000 C[purple]
-26.378570 29.177106 -77.446632 0.997285 -0.069217 -0.025148 0.073644 0.937339 0.340548 -0.000000 -0.341475 0.939891 B 2.000000 4.000000 18.000000 C[purple]
-26.580754 22.774917 -59.951586 0.998509 0.051306 0.018640 -0.054587 0.938489 0.340966 -0.000000 -0.341475 0.939891 B 2.000000 4.000000 18.000000 C[purple]
-26.360561 16.744922 -42.606425 0.995229 0.091705 0.033318 -0.097570 0.935406 0.339846 0.000000 -0.341475 0.939891 B 2.000000 4.000000 18.000000 C[purple]
-26.461509 10.465708 -25.547953 0.964045 0.249765 0.090743 -0.265739 0.906097 0.329198 -0.000000 -0.341475 0.939891 B 2.000000 4.000000 18.000000 C[purple]
-26.040471 4.134532 -8.276680 0.954909 0.279053 0.101384 -0.296900 0.897510 0.326078 0.000000 -0.341475 0.939891 B 2.000000 4.000000 18.000000 C[purple]
-25.953376 -2.096828 8.855680 0.992787 0.112688 0.040941 -0.119895 0.933111 0.339012 -0.000000 -0.341475 0.939891 B 2.000000 4.000000 18.000000 C[purple]
-25.746814 -8.673386 25.981735 0.983653 0.169252 0.061492 -0.180077 0.924526 0.335893 -0.000000 -0.341475 0.939891 B 2.000000 4.000000 18.000000 C[purple]
-26.122233 -14.750542 43.013433 0.974393 0.211334 0.076781 -0.224850 0.915823 0.332731 0.000000 -0.341475 0.939891 B 2.000000 4.000000 18.000000 C[purple]
-25.929941 -20.947636 60.206156 0.972154 0.220256 0.080022 -0.234343 0.913719 0.331967 0.000000 -0.341475 0.939891 B 2.000000 4.000000 18.000000 C[purple]
-26.061672 -27.303897 77.545108 0.999550 -0.028191 -0.010242 0.029994 0.939468 0.341322 0.000000 -0.341475 0.939891 B 2.000000 4.000000 18.000000 C[purple]
21.867949 10.207734 -77.393279 0.827912 -0.527146 -0.191519 0.560858 0.778147 0.282712 0.000000 -0.341475 0.939891 B 2.000000 4.000000 18.000000 C[purple]
21.802594 3.736047 -60.116509 0.897404 -0.414688 -0.150662 0.441209 0.843462 0.306441 -0.000000 -0.341475 0.939891 B 2.000000 4.000000 18.000000 C[purple]
21.566152 -2.611576 -42.873278 0.949257 -0.295598 -0.107395 0.314502 0.892198 0.324148 0.000000 -0.341475 0.939891 B 2.000000 4.000000 18.000000 C[purple]
21.706674 -8.832149 -25.802440 0.809158 -0.552272 -0.200648 0.587591 0.760520 0.276307 -0.000000 -0.341475 0.939891 B 2.000000 4.000000 18.000000 C[purple]
22.072312 -14.879273 -8.466213 0.775570 -0.593317 -0.215560 0.631261 0.728951 0.264838 0.000000 -0.341475 0.939891 B 2.000000 4.000000 18.000000 C[purple]
21.817124 -21.358226 8.448437 0.666874 -0.700379 -0.254457 0.745171 0.626789 0.227721 0.000000 -0.341475 0.939891 B 2.000000 4.000000 18.000000 C[purple]
21.819783 -27.475876 25.889399 0.609174 -0.745368 -0.270803 0.793037 0.572557 0.208018 0.000000 -0.341475 0.939891 B 2.000000 4.000000 18.000000 C[purple]
22.155997 28.532031 43.091199 0.643665 -0.719305 -0.261334 0.765307 0.604975 0.219796 -0.000000 -0.341475 0.939891 B 2.000000 4.000000 18.000000 C[purple]
22.362910 22.444898 60.265288 0.659585 -0.706450 -0.256663 0.751630 0.619938 0.225232 0.000000 -0.341475 0.939891 B 2.000000 4.000000 18.000000 C[purple]
21.971784 16.209320 77.232151 0.713169 -0.658856 -0.239372 0.700992 0.670301 0.243530 0.000000 -0.341475 0.939891 B 2.000000 4.000000 18.000000 C[purple]
45.879102 17.705225 -77.121180 0.754077 -0.617307 -0.224276 0.656786 0.708750 0.257499 -0.000000 -0.341475 0.939891 B 2.000000 4.000000 18.000000 C[purple]
45.882752 11.114626 -60.006445 0.785370 -0.581818 -0.211383 0.619027 0.738162 0.268184 0.000000 -0.341475 0.939891 B 2.000000 4.000000 18.000000 C[purple]
45.923777 4.671388 -42.572277 0.735481 -0.636819 -0.231365 0.677545 0.691272 0.251149 -0.000000 -0.341475 0.939891 B 2.000000 4.000000 18.000000 C[purple]
46.128570 -1.465511 -25.437259 0.713799 -0.658253 -0.239153 0.700351 0.670893 0.243745 -0.000000 -0.341475 0.939891 B 2.000000 4.000000 18.000000 C[purple]
45.995039 -7.660603 -8.031936 0.793119 -0.572457 -0.207981 0.609067 0.745445 0.270831 0.000000 -0.341475 0.939891 B 2.000000 4.000000 18.000000 C[purple]
45.902463 -13.787745 9.083817 0.586667 -0.761150 -0.276536 0.809828 0.551403 0.200332 0.000000 -0.341475 0.939891 B 2.000000 4.000000 18.000000 C[purple]
46.164521 -20.035167 26.030172 0.649768 -0.714442 -0.259567 0.760133 0.610711 0.221880 0.000000 -0.341475 0.939891 B 2.000000 4.000000 18.000000 C[purple]
46.005760 -26.010912 43.302417 0.734410 -0.637910 -0.231762 0.678706 0.690265 0.250783 -0.000000 -0.341475 0.939891 B 2.000000 4.000000 18.000000 C[purple]
45.933041 29.959193 60.391648 0.716716 -0.655447 -0.238133 0.697365 0.673635 0.244741 0.000000 -0.341475 0.939891 B 2.000000 4.000000 18.000000 C[purple]
45.828527 23.619610 77.707585 0.711495 -0.660453 -0.239952 0.702691 0.668727 0.242958 -0.000000 -0.341475 0.939891 B 2.000000 4.000000 18.000000 C[purple]
-44.983753 1.225103 -77.474027 -0.456094 0.836438 0.303890 -0.889932 -0.428678 -0.155745 -0.000000 -0.341475 0.939891 B 2.000000 4.000000 18.000000 C[purple]
-44.955566 -5.344966 -60.453464 -0.424177 0.851146 0.309233 -0.905579 -0.398680 -0.144846 0.000000 -0.341475 0.939891 B 2.000000 4.000000 18.000000 C[purple]
-44.748283 -11.858910 -42.992233 -0.430878 0.848167 0.308151 -0.902410 -0.404978 -0.147134 -0.000000 -0.341475 0.939891 B 2.000000 4.000000 18.000000 C[purple]
-44.939545 -18.507163 -25.643733 -0.463281 0.832942 0.302619 -0.886211 -0.435434 -0.158199 0.000000 -0.341475 0.939891 B 2.000000 4.000000 18.000000 C[purple]
-44.940760 -24.393805 -8.500011 -0.574587 0.769248 0.279478 -0.818444 -0.540049 -0.196207 0.000000 -0.341475 0.939891 B 2.000000 4.000000 18.000000 C[purple]
-45.084847 -30.334829 8.610131 -0.660280 0.705876 0.256455 -0.751019 -0.620591 -0.225469 0.000000 -0.341475 0.939891 B 2.000000 4.000000 18.000000 C[purple]
-44.943216 26.058578 25.652317 -0.575077 0.768924 0.279361 -0.818099 -0.540509 -0.196375 0.000000 -0.341475 0.939891 B 2.000000 4.000000 18.000000 C[purple]
-45.288314 19.949839 42.788967 -0.456491 0.836247 0.303820 -0.889728 -0.429052 -0.155881 0.000000 -0.341475 0.939891 B 2.000000 4.000000 18.000000 C[purple]
-45.176370 13.677065 59.915091 -0.691782 0.678701 0.246582 -0.722107 -0.650199 -0.236226 -0.000000 -0.341475 0.939891 B 2.000000 4.000000 18.000000 C[purple]
-44.907072 7.634108 77.054255 -0.696680 0.674261 0.244968 -0.717383 -0.654803 -0.237899 0.000000 -0.341475 0.939891 B 2.000000 4.000000 18.000000 C[purple]
-8.790680 -18.797511 77.669756 0.474151 0.827521 0.300650 -0.880444 0.445650 0.161911 -0.000000 -0.341475 0.939891 B 2.000000 4.000000 18.000000 C[purple]
-8.786847 -25.238428 -77.492726 0.506858 0.810214 0.294362 -0.862030 0.476391 0.173080 0.000000 -0.341475 0.939891 B 2.000000 4.000000 18.000000 C[purple]
-8.644748 30.969868 -60.537118 0.560987 0.778065 0.282682 -0.827825 0.527266 0.191563 -0.000000 -0.341475 0.939891 B 2.000000 4.000000 18.000000 C[purple]
-8.595893 24.996351 -43.355669 0.536027 0.793457 0.288274 -0.844201 0.503806 0.183040 0.000000 -0.341475 0.939891 B 2.000000 4.000000 18.000000 C[purple]
-8.247411 18.662777 -25.897312 0.450057 0.839322 0.304937 -0.893000 0.423004 0.153683 -0.000000 -0.341475 0.939891 B 2.000000 4.000000 18.000000 C[purple]
-8.400896 12.482168 -8.721549 0.717201 0.654979 0.237963 -0.696867 0.674090 0.244906 0.000000 -0.341475 0.939891 B 2.000000 4.000000 18.000000 C[purple]
-8.518209 5.888070 8.683784 0.634776 0.726250 0.263857 -0.772696 0.596620 0.216760 0.000000 -0.341475 0.939891 B 2.000000 4.000000 18.000000 C[purple]
-8.367227 -0.491687 25.734459 0.366022 0.874668 0.317779 -0.930606 0.344021 0.124988 -0.000000 -0.341475 0.939891 B 2.000000 4.000000 18.000000 C[purple]
-8.326016 -6.417880 42.971290 0.269333 0.905159 0.328857 -0.963047 0.253143 0.091971 0.000000 -0.341475 0.939891 B 2.000000 4.000000 18.000000 C[purple]
-8.653550 -12.653123 60.248579 0.489849 0.819404 0.297701 -0.871807 0.460404 0.167271 -0.000000 -0.341475 0.939891 B 2.000000 4.000000 18.000000 C[purple]
-40.816090 -29.517607 77.025939 0.991111 0.125039 0.045428 -0.133035 0.931536 0.338440 0.000000 -0.341475 0.939891 B 2.000000 4.000000 18.000000 C[purple]
-40.844246 26.650586 -77.907363 0.985725 -0.158245 -0.057493 0.168366 0.926473 0.336601 -0.000000 -0.341475 0.939891 B 2.000000 4.000000 18.000000 C[purple]
-40.861998 20.437093 -60.985320 0.901385 -0.406989 -0.147865 0.433018 0.847204 0.307801 0.000000 -0.341475 0.939891 B 2.000000 4.000000 18.000000 C[purple]
-40.798218 14.488529 -43.755439 0.789943 -0.576322 -0.209386 0.613180 0.742460 0.269746 -0.000000 -0.341475 0.939891 B 2.000000 4.000000 18.000000 C[purple]
-40.536410 8.134484 -26.302752 0.780495 -0.587584 -0.213478 0.625163 0.733580 0.266520 -0.000000 -0.341475 0.939891 B 2.000000 4.000000 18.000000 C[purple]
-40.772707 1.909229 -8.986624 0.888001 -0.432201 -0.157025 0.459842 0.834624 0.303230 0.000000 -0.341475 0.939891 B 2.000000 4.000000 18.000000 C[purple]
-40.719165 -4.074080 8.150419 0.997180 -0.070535 -0.025626 0.075046 0.937240 0.340512 0.000000 -0.341475 0.939891 B 2.000000 4.000000 18.000000 C[purple]
-40.884844 -10.416171 25.374579 0.987990 -0.145229 -0.052764 0.154517 0.928603 0.337374 -0.000000 -0.341475 0.939891 B 2.000000 4.000000 18.000000 C[purple]
-40.880225 -16.745771 42.899129 0.991003 -0.125798 -0.045704 0.133843 0.931434 0.338403 -0.000000 -0.341475 0.939891 B 2.000000 4.000000 18.000000 C[purple]
-40.991081 -23.026463 60.020596 0.999981 -0.005870 -0.002132 0.006245 0.939872 0.341469 0.000000 -0.341475 0.939891 B 2.000000 4.000000 18.000000 C[purple]
18.993392 -5.086025 77.354681 0.959841 -0.263682 -0.095799 0.280545 0.902145 0.327762 0.000000 -0.341475 0.939891 B 2.000000 4.000000 18.000000 C[purple]
18.801795 -11.161993 -77.368888 0.957289 -0.271752 -0.098731 0.289132 0.899747 0.326891 0.000000 -0.341475 0.939891 B 2.000000 4.000000 18.000000 C[purple]
18.774069 -17.491982 -60.412092 0.943025 -0.312722 -0.113616 0.332721 0.886341 0.322020 0.000000 -0.341475 0.939891 B 2.000000 4.000000 18.000000 C[purple]
18.674329 -24.039731 -43.336259 0.974734 -0.209944 -0.076275 0.223370 0.916143 0.332848 0.000000 -0.341475 0.939891 B 2.000000 4.000000 18.000000 C[purple]
18.752494 -30.150127 -26.041967 0.947652 -0.300112 -0.109035 0.319305 0.890689 0.323600 0.000000 -0.341475 0.939891 B 2.000000 4.000000 18.000000 C[purple]
18.898865 25.664828 -8.896901 0.953130 -0.284373 -0.103317 0.302560 0.895838 0.325471 0.000000 -0.341475 0.939891 B 2.000000 4.000000 18.000000 C[purple]
18.920027 19.508736 8.689108 0.931815 -0.341117 -0.123933 0.362932 0.875805 0.318192 0.000000 -0.341475 0.939891 B 2.000000 4.000000 18.000000 C[purple]
18.806795 13.563355 25.889616 0.925641 -0.355658 -0.129216 0.378404 0.870001 0.316084 -0.000000 -0.341475 0.939891 B 2.000000 4.000000 18.000000 C[purple]
19.189726 7.306811 43.127572 0.931223 -0.342544 -0.124451 0.364451 0.875247 0.317990 0.000000 -0.341475 0.939891 B 2.000000 4.000000 18.000000 C[purple]
19.004488 1.335723 60.202905 0.950076 -0.293264 -0.106547 0.312019 0.892967 0.324427 0.000000 -0.341475 0.939891 B 2.000000 4.000000 18.000000 C[purple]
-43.413470 21.166716 -77.034625 0.674271 -0.694094 -0.252174 0.738484 0.633741 0.230247 0.000000 -0.341475 0.939891 B 2.000000 4.000000 18.000000 C[purple]
-43.322573 15.139208 -59.898043 0.427257 -0.849784 -0.308738 0.904130 0.401575 0.145898 -0.000000 -0.341475 0.939891 B 2.000000 4.000000 18.000000 C[purple]
-43.225122 8.713987 -42.523573 0.632873 -0.727715 -0.264389 0.774255 0.594832 0.216111 0.000000 -0.341475 0.939891 B 2.000000 4.000000 18.000000 C[purple]
-43.233261 2.460664 -25.358681 0.747597 -0.624230 -0.226792 0.664152 0.702660 0.255286 0.000000 -0.341475 0.939891 B 2.000000 4.000000 18.000000 C[purple]
-43.045284 -3.840382 -8.243727 0.692881 -0.677710 -0.246221 0.721052 0.651233 0.236602 -0.000000 -0.341475 0.939891 B 2.000000 4.000000 18.000000 C[purple]
-43.171702 -9.912631 8.828195 0.678858 -0.690133 -0.250735 0.734270 0.638052 0.231813 0.000000 -0.341475 0.939891 B 2.000000 4.000000 18.000000 C[purple]
-43.188425 -16.142433 26.189346 0.588624 -0.759814 -0.276051 0.808407 0.553242 0.201000 0.000000 -0.341475 0.939891 B 2.000000 4.000000 18.000000 C[purple]
-43.090629 -22.483272 43.281226 0.545380 -0.787806 -0.286221 0.838189 0.512598 0.186234 -0.000000 -0.341475 0.939891 B 2.000000 4.000000 18.000000 C[purple]
-43.031981 -28.816145 60.291212 0.716119 -0.656023 -0.238342 0.697978 0.673074 0.244537 0.000000 -0.341475 0.939891 B 2.000000 4.000000 18.000000 C[purple]
-43.149494 27.683256 77.553021 0.654820 -0.710355 -0.258082 0.755785 0.615459 0.223605 -0.000000 -0.341475 0.939891 B 2.000000 4.000000 18.000000 C[purple]
-6.451829 22.712111 77.041421 0.710812 -0.661102 -0.240188 0.703382 0.668085 0.242725 0.000000 -0.341475 0.939891 B 2.000000 4.000000 18.000000 C[purple]
-6.643896 16.485011 -77.990276 0.520823 -0.802351 -0.291505 0.853664 0.489517 0.177848 -0.000000 -0.341475 0.939891 B 2.000000 4.000000 18.000000 C[purple]
-6.314035 10.321726 -60.490688 0.449896 -0.839399 -0.304965 0.893081 0.422853 0.153628 0.000000 -0.341475 0.939891 B 2.000000 4.000000 18.000000 C[purple]
-6.102125 4.017609 -43.029776 0.247059 -0.910754 -0.330890 0.969000 0.232209 0.084365 -0.000000 -0.341475 0.939891 B 2.000000 4.000000 18.000000 C[purple]
-5.927017 -2.375751 -25.513765 0.442080 -0.843059 -0.306295 0.896976 0.415507 0.150959 -0.000000 -0.341475 0.939891 B 2.000000 4.000000 18.000000 C[purple]
-6.012522 -8.583236 -8.560805 0.734683 -0.637632 -0.231660 0.678410 0.690522 0.250876 0.000000 -0.341475 0.939891 B 2.000000 4.000000 18.000000 C[purple]
-6.183330 -14.983651 8.517151 0.702690 -0.668729 -0.242959 0.711497 0.660451 0.239951 -0.000000 -0.341475 0.939891 B 2.000000 4.000000 18.000000 C[purple]
-6.105907 -21.085209 25.644339 0.566032 -0.774830 -0.281507 0.824383 0.532008 0.193286 0.000000 -0.341475 0.939891 B 2.000000 4.000000 18.000000 C[purple]
-6.307921 -27.289701 42.818929 0.778232 -0.590229 -0.214439 0.627977 0.731453 0.265747 -0.000000 -0.341475 0.939891 B 2.000000 4.000000 18.000000 C[purple]
-6.141926 28.990335 59.774581 0.602405 -0.750212 -0.272562 0.798190 0.566195 0.205707 0.000000 -0.341475 0.939891 B 2.000000 4.000000 18.000000 C[purple]
38.610444 -12.980592 76.829099 0.361392 -0.876367 -0.318396 0.932414 0.339669 0.123407 -0.000000 -0.341475 0.939891 B 2.000000 4.000000 18.000000 C[purple]
38.553922 -19.067932 -77.650543 0.306795 -0.894565 -0.325008 0.951776 0.288354 0.104763 0.000000 -0.341475 0.939891 B 2.000000 4.000000 18.000000 C[purple]
38.797139 -25.341229 -60.295805 -0.068395 -0.937690 -0.340676 0.997658 -0.064283 -0.023355 -0.000000 -0.341475 0.939891 B 2.000000 4.000000 18.000000 C[purple]
38.391281 30.878607 -43.005949 -0.017860 -0.939741 -0.341421 0.999841 -0.016786 -0.006099 -0.000000 -0.341475 0.939891 B 2.000000 4.000000 18.000000 C[purple]
38.526051 24.588559 -25.741850 0.127877 -0.932174 -0.338672 0.991790 0.120190 0.043667 -0.000000 -0.341475 0.939891 B 2.000000 4.000000 18.000000 C[purple]
38.505346 18.337569 -8.702132 0.481654 -0.823684 -0.299256 0.876361 0.452702 0.164473 -0.000000 -0.341475 0.939891 B 2.000000 4.000000 18.000000 C[purple]
38.292474 12.013264 8.268151 0.339459 -0.884081 -0.321199 0.940621 0.319054 0.115917 0.000000 -0.341475 0.939891 B 2.000000 4.000000 18.000000 C[purple]
38.333310 6.023244 25.352871 0.219827 -0.916900 -0.333123 0.975539 0.206614 0.075066 0.000000 -0.341475 0.939891 B 2.000000 4.000000 18.000000 C[purple]
38.334369 -0.377899 42.558794 0.375489 -0.871116 -0.316489 0.926827 0.352919 0.128220 -0.000000 -0.341475 0.939891 B 2.000000 4.000000 18.000000 C[purple]
38.476912 -6.871409 59.592757 0.366275 -0.874575 -0.317745 0.930507 0.344259 0.125074 -0.000000 -0.341475 0.939891 B 2.000000 4.000000 18.000000 C[purple]
-20.437904 -27.142398 77.682917 0.611277 0.743845 0.270249 -0.791417 0.574533 0.208736 -0.000000 -0.341475 0.939891 B 2.000000 4.000000 18.000000 C[purple]
-20.059919 28.918122 -77.072756 0.520274 0.802666 0.291620 -0.853999 0.489001 0.177661 -0.000000 -0.341475 0.939891 B 2.000000 4.000000 18.000000 C[purple]
-20.145664 22.626327 -60.059904 0.543642 0.788866 0.286606 -0.839317 0.510964 0.185640 -0.000000 -0.341475 0.939891 B 2.000000 4.000000 18.000000 C[purple]
-20.229343 16.477743 -42.881117 0.764003 0.606430 0.220324 -0.645213 0.718079 0.260888 -0.000000 -0.341475 0.939891 B 2.000000 4.000000 18.000000 C[purple]
-20.183543 10.114007 -25.795693 0.788392 0.578195 0.210066 -0.615173 0.741002 0.269217 0.000000 -0.341475 0.939891 B 2.000000 4.000000 18.000000 C[purple]
-20.420004 3.715542 -8.722210 0.869550 0.464160 0.168636 -0.493845 0.817282 0.296930 0.000000 -0.341475 0.939891 B 2.000000 4.000000 18.000000 C[purple]
-20.174926 -2.234766 8.570012 0.892630 0.423694 0.153934 -0.450791 0.838974 0.304811 0.000000 -0.341475 0.939891 B 2.000000 4.000000 18.000000 C[purple]
-20.195029 -8.551665 25.444899 0.890999 0.426714 0.155031 -0.454004 0.837442 0.304254 -0.000000 -0.341475 0.939891 B 2.000000 4.000000 18.000000 C[purple]
-20.123421 -14.458767 42.765330 0.899040 0.411546 0.149521 -0.437866 0.844999 0.307000 -0.000000 -0.341475 0.939891 B 2.000000 4.000000 18.000000 C[purple]
-20.362796 -20.853476 60.346148 0.881187 0.444350 0.161438 -0.472768 0.828220 0.300904 0.000000 -0.341475 0.939891 B 2.000000 4.000000 18.000000 C[purple]
-34.942634 -12.416391 -77.094365 0.870117 -0.463221 -0.168295 0.492846 0.817815 0.297123 0.000000 -0.341475 0.939891 B 2.000000 4.000000 18.000000 C[purple]
-34.947670 -18.687801 -60.000896 0.881515 -0.443776 -0.161230 0.472157 0.828527 0.301016 -0.000000 -0.341475 0.939891 B 2.000000 4.000000 18.000000 C[purple]
-35.209002 -25.183555 -43.002992 0.939969 -0.320746 -0.116531 0.341258 0.883469 0.320976 0.000000 -0.341475 0.939891 B 2.000000 4.000000 18.000000 C[purple]
-35.244899 30.647524 -25.925618 0.901737 -0.406301 -0.147615 0.432285 0.847534 0.307921 0.000000 -0.341475 0.939891 B 2.000000 4.000000 18.000000 C[purple]
-35.296069 24.575911 -8.684116 0.906515 -0.396798 -0.144162 0.422174 0.852025 0.309552 -0.000000 -0.341475 0.939891 B 2.000000 4.000000 18.000000 C[purple]
-34.982541 18.375972 8.676906 0.874253 -0.456289 -0.165776 0.485471 0.821702 0.298536 -0.000000 -0.341475 0.939891 B 2.000000 4.000000 18.000000 C[purple]
-35.108876 12.085005 26.175652 0.967362 -0.238166 -0.086529 0.253397 0.909215 0.330330 0.000000 -0.341475 0.939891 B 2.000000 4.000000 18.000000 C[purple]
-34.895061 5.739432 43.116798 0.913236 -0.382941 -0.139128 0.407432 0.858342 0.311847 0.000000 -0.341475 0.939891 B 2.000000 4.000000 18.000000 C[purple]
-34.970855 -0.241183 60.445228 0.968233 -0.235019 -0.085386 0.250049 0.910033 0.330628 -0.000000 -0.341475 0.939891 B 2.000000 4.000000 18.000000 C[purple]
-35.009698 -6.527344 77.802752 0.848442 -0.497473 -0.180739 0.529288 0.797443 0.289722 0.000000 -0.341475 0.939891 B 2.000000 4.000000 18.000000 C[purple]
-44.922722 -23.571022 -77.739386 -0.270857 -0.904757 -0.328711 0.962620 -0.254576 -0.092491 -0.000000 -0.341475 0.939891 B 2.000000 4.000000 18.000000 C[purple]
-44.871232 -29.832557 -60.084782 -0.263853 -0.906584 -0.329375 0.964563 -0.247993 -0.090099 0.000000 -0.341475 0.939891 B 2.000000 4.000000 18.000000 C[purple]
-44.930226 25.960181 -42.985223 -0.247191 -0.910723 -0.330878 0.968967 -0.232333 -0.084410 0.000000 -0.341475 0.939891 B 2.000000 4.000000 18.000000 C[purple]
-44.721031 19.959005 -25.565855 -0.235444 -0.913468 -0.331876 0.971888 -0.221291 -0.080398 -0.000000 -0.341475 0.939891 B 2.000000 4.000000 18.000000 C[purple]
-44.896652 13.793849 -8.498094 -0.250572 -0.909906 -0.330582 0.968098 -0.235511 -0.085564 0.000000 -0.341475 0.939891 B 2.000000 4.000000 18.000000 C[purple]
-44.863904 7.792861 8.725470 -0.109006 -0.934290 -0.339441 0.994041 -0.102454 -0.037223 -0.000000 -0.341475 0.939891 B 2.000000 4.000000 18.000000 C[purple]
-45.093674 1.535637 25.636719 0.051770 -0.938630 -0.341018 0.998659 0.048658 0.017678 0.000000 -0.341475 0.939891 B 2.000000 4.000000 18.000000 C[purple]
-45.087147 -4.570235 42.832082 -0.278059 -0.902825 -0.328009 0.960564 -0.261345 -0.094950 -0.000000 -0.341475 0.939891 B 2.000000 4.000000 18.000000 C[purple]
-45.244937 -10.779689 60.005661 -0.116002 -0.933545 -0.339170 0.993249 -0.109029 -0.039612 0.000000 -0.341475 0.939891 B 2.000000 4.000000 18.000000 C[purple]
-45.041167 -17.335034 77.207781 -0.084042 -0.936566 -0.340267 0.996462 -0.078990 -0.028698 0.000000 -0.341475 0.939891 B 2.000000 4.000000 18.000000 C[purple]
-20.008797 15.646748 -76.897560 0.968519 0.233975 0.085006 -0.248938 0.910302 0.330726 0.000000 -0.341475 0.939891 B 2.000000 4.000000 18.000000 C[purple]
-20.247657 9.282307 -59.501134 0.932107 0.340412 0.123676 -0.362183 0.876079 0.318292 0.000000 -0.341475 0.939891 B 2.000000 4.000000 18.000000 C[purple]
-19.962909 2.953498 -42.509203 0.968149 0.235323 0.085496 -0.250373 0.909955 0.330599 0.000000 -0.341475 0.939891 B 2.000000 4.000000 18.000000 C[purple]
-20.163390 -3.035017 -25.436142 0.962114 0.256260 0.093103 -0.272649 0.904282 0.328538 0.000000 -0.341475 0.939891 B 2.000000 4.000000 18.000000 C[purple]
-19.937006 -9.458192 -8.194935 0.960188 0.262562 0.095392 -0.279353 0.902472 0.327881 -0.000000 -0.341475 0.939891 B 2.000000 4.000000 18.000000 C[purple]
-20.177668 -15.703620 9.214684 0.997962 0.059972 0.021789 -0.063808 0.937975 0.340780 0.000000 -0.341475 0.939891 B 2.000000 4.000000 18.000000 C[purple]
-20.020725 -21.859207 26.206729 0.959720 0.264069 0.095940 -0.280958 0.902032 0.327721 0.000000 -0.341475 0.939891 B 2.000000 4.000000 18.000000 C[purple]
-19.869913 -28.426779 43.493034 0.970509 0.226574 0.082317 -0.241064 0.912173 0.331405 -0.000000 -0.341475 0.939891 B 2.000000 4.000000 18.000000 C[purple]
-19.927867 28.080153 60.511880 0.991375 0.123178 0.044752 -0.131056 0.931784 0.338530 0.000000 -0.341475 0.939891 B 2.000000 4.000000 18.000000 C[purple]
-19.774646 21.887115 77.853295 0.971759 0.221792 0.080580 -0.235976 0.913347 0.331832 -0.000000 -0.341475 0.939891 B 2.000000 4.000000 18.000000 C[purple]
-5.847035 -30.130707 77.536920 0.993093 -0.110277 -0.040065 0.117330 0.933399 0.339117 0.000000 -0.341475 0.939891 B 2.000000 4.000000 18.000000 C[purple]
-6.052847 26.170008 -77.178806 0.978226 -0.195066 -0.070870 0.207541 0.919426 0.334040 -0.000000 -0.341475 0.939891 B 2.000000 4.000000 18.000000 C[purple]
-6.209424 19.481443 -59.875924 0.957271 -0.271808 -0.098752 0.289191 0.899730 0.326885 0.000000 -0.341475 0.939891 B 2.000000 4.000000 18.000000 C[purple]
-6.172236 13.087769 -42.690277 0.990813 0.127109 0.046181 -0.135238 0.931256 0.338338 0.000000 -0.341475 0.939891 B 2.000000 4.000000 18.000000 C[purple]
-6.454961 7.037186 -25.647186 0.999945 0.009833 0.003572 -0.010462 0.939839 0.341457 0.000000 -0.341475 0.939891 B 2.000000 4.000000 18.000000 C[purple]
-6.599768 0.531428 -8.612443 0.997889 -0.061037 -0.022176 0.064941 0.937907 0.340755 0.000000 -0.341475 0.939891 B 2.000000 4.000000 18.000000 C[purple]
-6.390808 -5.796126 8.772151 0.999805 -0.018564 -0.006745 0.019751 0.939707 0.341409 -0.000000 -0.341475 0.939891 B 2.000000 4.000000 18.000000 C[purple]
-6.083395 -11.907390 26.108422 0.999988 -0.004620 -0.001678 0.004915 0.939879 0.341471 0.000000 -0.341475 0.939891 B 2.000000 4.000000 18.000000 C[purple]
-6.022909 -18.119993 43.130938 0.997875 0.061238 0.022249 -0.065154 0.937894 0.340750 0.000000 -0.341475 0.939891 B 2.000000 4.000000 18.000000 C[purple]
-6.053658 -24.095547 60.352574 0.974430 -0.211185 -0.076726 0.224691 0.915858 0.332744 0.000000 -0.341475 0.939891 B 2.000000 4.000000 18.000000 C[purple]
-21.122361 -21.022463 -77.449632 0.907406 0.394994 0.143507 -0.420255 0.852862 0.309857 0.000000 -0.341475 0.939891 B 2.000000 4.000000 18.000000 C[purple]
-20.895549 -27.283064 -60.426613 0.838244 0.512517 0.186205 -0.545295 0.787858 0.286240 0.000000 -0.341475 0.939891 B 2.000000 4.000000 18.000000 C[purple]
-20.722644 28.673240 -42.959783 0.870135 0.463190 0.168283 -0.492813 0.817832 0.297130 0.000000 -0.341475 0.939891 B 2.000000 4.000000 18.000000 C[purple]
-20.942949 22.620123 -25.833148 0.736635 0.635639 0.230937 -0.676290 0.692356 0.251543 0.000000 -0.341475 0.939891 B 2.000000 4.000000 18.000000 C[purple]
-21.036551 16.142886 -8.613730 0.841924 0.507162 0.184259 -0.539597 0.791316 0.287496 -0.000000 -0.341475 0.939891 B 2.000000 4.000000 18.000000 C[purple]
-21.096208 9.916609 8.617522 0.915535 0.378060 0.137355 -0.402239 0.860503 0.312633 0.000000 -0.341475 0.939891 B 2.000000 4.000000 18.000000 C[purple]
-20.875387 3.818844 25.865256 0.947693 0.299998 0.108994 -0.319184 0.890728 0.323614 -0.000000 -0.341475 0.939891 B 2.000000 4.000000 18.000000 C[purple]
-20.851435 -2.263483 42.812794 0.905608 0.398623 0.144825 -0.424116 0.851172 0.309243 -0.000000 -0.341475 0.939891 B 2.000000 4.000000 18.000000 C[purple]
-20.701948 -8.732667 59.992134 0.967491 0.237704 0.086361 -0.252906 0.909336 0.330374 0.000000 -0.341475 0.939891 B 2.000000 4.000000 18.000000 C[purple]
-20.923581 -14.895439 77.231937 0.920252 0.367803 0.133628 -0.391325 0.864937 0.314244 0.000000 -0.341475 0.939891 B 2.000000 4.000000 18.000000 C[purple]
7.731731 0.440693 -77.268407 0.778253 0.590206 0.214430 -0.627951 0.731472 0.265754 0.000000 -0.341475 0.939891 B 2.000000 4.000000 18.000000 C[purple]
7.748846 -6.224156 -60.136887 0.719214 0.653025 0.237253 -0.694788 0.675983 0.245594 0.000000 -0.341475 0.939891 B 2.000000 4.000000 18.000000 C[purple]
7.402042 -12.503747 -43.064886 0.622622 0.735486 0.267212 -0.782523 0.585197 0.212610 0.000000 -0.341475 0.939891 B 2.000000 4.000000 18.000000 C[purple]
7.360808 -18.584258 -25.815300 0.483416 0.822771 0.298924 -0.875391 0.454359 0.165075 -0.000000 -0.341475 0.939891 B 2.000000 4.000000 18.000000 C[purple]
7.595486 -25.091708 -8.809028 0.518669 0.803583 0.291953 -0.854975 0.487493 0.177113 -0.000000 -0.341475 0.939891 B 2.000000 4.000000 18.000000 C[purple]
7.279249 -31.144568 8.320881 0.606093 0.747583 0.271607 -0.795393 0.569662 0.206966 0.000000 -0.341475 0.939891 B 2.000000 4.000000 18.000000 C[purple]
7.463082 25.293436 25.370186 0.538993 0.791680 0.287628 -0.842310 0.506594 0.184053 0.000000 -0.341475 0.939891 B 2.000000 4.000000 18.000000 C[purple]
7.542744 19.160801 42.836577 0.443705 0.842305 0.306021 -0.896173 0.417034 0.151514 -0.000000 -0.341475 0.939891 B 2.000000 4.000000 18.000000 C[purple]
7.409569 13.012887 60.227313 0.600531 0.751538 0.273044 -0.799602 0.564433 0.205066 -0.000000 -0.341475 0.939891 B 2.000000 4.000000 18.000000 C[purple]
7.592073 6.793881 77.540786 0.718287 0.653926 0.237580 -0.695747 0.675112 0.245277 0.000000 -0.341475 0.939891 B 2.000000 4.000000 18.000000 C[purple]
35.496215 20.171172 -77.497994 0.849126 0.496442 0.180364 -0.528191 0.798085 0.289955 0.000000 -0.341475 0.939891 B 2.000000 4.000000 18.000000 C[purple]
35.324851 13.728327 -60.127962 0.749273 0.622453 0.226146 -0.662261 0.704235 0.255858 0.000000 -0.341475 0.939891 B 2.000000 4.000000 18.000000 C[purple]
35.563557 7.515289 -42.901633 0.663658 0.703072 0.255436 -0.748036 0.623766 0.226623 -0.000000 -0.341475 0.939891 B 2.000000 4.000000 18.000000 C[purple]
35.368848 1.667853 -25.645031 0.743310 0.628737 0.228429 -0.668947 0.698630 0.253822 -0.000000 -0.341475 0.939891 B 2.000000 4.000000 18.000000 C[purple]
35.423259 -4.829112 -8.344659 0.799022 0.565157 0.205330 -0.601301 0.750994 0.272846 -0.000000 -0.341475 0.939891 B 2.000000 4.000000 18.000000 C[purple]
35.498796 -11.073398 8.843340 0.938489 0.324554 0.117915 -0.345310 0.882077 0.320471 -0.000000 -0.341475 0.939891 B 2.000000 4.000000 18.000000 C[purple]
35.474005 -17.345556 25.774493 0.996394 0.079747 0.028973 -0.084847 0.936501 0.340244 0.000000 -0.341475 0.939891 B 2.000000 4.000000 18.000000 C[purple]
35.396963 -23.378587 42.910058 0.948448 0.297881 0.108224 -0.316932 0.891438 0.323872 -0.000000 -0.341475 0.939891 B 2.000000 4.000000 18.000000 C[purple]
35.446427 -29.593490 60.208503 0.965902 0.243346 0.088411 -0.258909 0.907842 0.329832 -0.000000 -0.341475 0.939891 B 2.000000 4.000000 18.000000 C[purple]
35.435204 26.778653 77.294643 0.935825 0.331279 0.120358 -0.352465 0.879573 0.319561 0.000000 -0.341475 0.939891 B 2.000000 4.000000 18.000000 C[purple]
23.115879 -11.323638 -77.117288 0.775541 0.593350 0.215573 -0.631297 0.728924 0.264828 0.000000 -0.341475 0.939891 B 2.000000 4.000000 18.000000 C[purple]
23.005887 -17.703610 -59.784690 0.862518 0.475609 0.172795 -0.506026 0.810673 0.294529 -0.000000 -0.341475 0.939891 B 2.000000 4.000000 18.000000 C[purple]
23.006339 -24.269863 -42.530259 0.842665 0.506073 0.183863 -0.538438 0.792013 0.287749 -0.000000 -0.341475 0.939891 B 2.000000 4.000000 18.000000 C[purple]
22.704653 -30.368774 -25.100599 0.864425 0.472541 0.171681 -0.502762 0.812465 0.295180 0.000000 -0.341475 0.939891 B 2.000000 4.000000 18.000000 C[purple]
22.837860 26.099168 -7.930899 0.929422 0.346837 0.126011 -0.369018 0.873555 0.317375 -0.000000 -0.341475 0.939891 B 2.000000 4.000000 18.000000 C[purple]
23.024315 19.984048 9.041469 0.890349 0.427912 0.155466 -0.455278 0.836831 0.304032 0.000000 -0.341475 0.939891 B 2.000000 4.000000 18.000000 C[purple]
22.954657 13.583297 26.381858 0.748716 0.623045 0.226361 -0.662891 0.703711 0.255668 0.000000 -0.341475 0.939891 B 2.000000 4.000000 18.000000 C[purple]
