-15.474265 -5.606897 -77.512088 0.868084 -0.466577 -0.169514 0.496417 0.815905 0.296429 0.000000 -0.341475 0.939891 B 2.000000 4.000000 18.000000 C[purple]
-15.410260 -12.027048 -60.407209 0.947572 -0.300336 -0.109116 0.319543 0.890614 0.323572 -0.000000 -0.341475 0.939891 B 2.000000 4.000000 18.000000 C[purple]
-15.436319 -18.272933 -43.210887 0.821172 -0.536377 -0.194873 0.570680 0.771812 0.280410 -0.000000 -0.341475 0.939891 B 2.000000 4.000000 18.000000 C[purple]
-15.350314 -24.601270 -26.341005 0.926460 -0.353769 -0.128529 0.376394 0.870771 0.316363 0.000000 -0.341475 0.939891 B 2.000000 4.000000 18.000000 C[purple]
-15.329242 -30.721038 -9.169021 0.963396 -0.251968 -0.091544 0.268082 0.905487 0.328976 0.000000 -0.341475 0.939891 B 2.000000 4.000000 18.000000 C[purple]
-15.214733 25.829987 8.269958 0.980494 -0.184735 -0.067117 0.196550 0.921557 0.334815 -0.000000 -0.341475 0.939891 B 2.000000 4.000000 18.000000 C[purple]
-15.283246 19.733916 25.513614 0.887318 -0.433438 -0.157474 0.461158 0.833982 0.302997 -0.000000 -0.341475 0.939891 B 2.000000 4.000000 18.000000 C[purple]
-15.330140 13.541944 43.143156 0.873392 -0.457743 -0.166305 0.487018 0.820893 0.298242 0.000000 -0.341475 0.939891 B 2.000000 4.000000 18.000000 C[purple]
-15.234562 7.024362 60.070351 0.817336 -0.541529 -0.196745 0.576161 0.768207 0.279100 0.000000 -0.341475 0.939891 B 2.000000 4.000000 18.000000 C[purple]
-15.148093 0.846277 77.223745 0.790375 -0.575799 -0.209196 0.612623 0.742866 0.269894 -0.000000 -0.341475 0.939891 B 2.000000 4.000000 18.000000 C[purple]
41.370530 -9.996521 -77.162310 -0.814238 0.545636 0.198237 -0.580531 -0.765295 -0.278042 0.000000 -0.341475 0.939891 B 2.000000 4.000000 18.000000 C[purple]
41.742889 -16.362253 -59.901533 -0.835218 0.516864 0.187784 -0.549919 -0.785014 -0.285206 -0.000000 -0.341475 0.939891 B 2.000000 4.000000 18.000000 C[purple]
41.677058 -23.012316 -42.583378 -0.811280 0.549514 0.199646 -0.584657 -0.762515 -0.277032 -0.000000 -0.341475 0.939891 B 2.000000 4.000000 18.000000 C[purple]
41.731260 -28.968277 -25.522205 -0.812938 0.547346 0.198858 -0.582350 -0.764073 -0.277598 0.000000 -0.341475 0.939891 B 2.000000 4.000000 18.000000 C[purple]
41.567490 27.414705 -8.043341 -0.728276 0.644092 0.234008 -0.685284 -0.684499 -0.248688 0.000000 -0.341475 0.939891 B 2.000000 4.000000 18.000000 C[purple]
41.388433 21.542643 9.156066 -0.678992 0.690016 0.250693 -0.734145 -0.638179 -0.231859 -0.000000 -0.341475 0.939891 B 2.000000 4.000000 18.000000 C[purple]
41.570557 15.425264 26.275344 -0.808901 0.552604 0.200769 -0.587945 -0.760278 -0.276220 0.000000 -0.341475 0.939891 B 2.000000 4.000000 18.000000 C[purple]
41.479154 9.199617 43.364886 -0.868881 0.465265 0.169037 -0.495021 -0.816653 -0.296702 0.000000 -0.341475 0.939891 B 2.000000 4.000000 18.000000 C[purple]
41.322367 2.851263 60.560039 -0.863313 0.474334 0.172332 -0.504669 -0.811420 -0.294800 0.000000 -0.341475 0.939891 B 2.000000 4.000000 18.000000 C[purple]
41.211381 -3.607811 77.883187 -0.751615 0.619954 0.225238 -0.659602 -0.706436 -0.256658 -0.000000 -0.341475 0.939891 B 2.000000 4.000000 18.000000 C[purple]
-0.600136 -5.766653 -77.621634 0.941897 -0.315711 -0.114702 0.335902 0.885280 0.321635 0.000000 -0.341475 0.939891 B 2.000000 4.000000 18.000000 C[purple]
-0.637249 -12.390801 -60.209393 0.909689 -0.390327 -0.141811 0.415290 0.855008 0.310636 -0.000000 -0.341475 0.939891 B 2.000000 4.000000 18.000000 C[purple]
-0.714816 -18.216477 -43.117371 0.924693 -0.357830 -0.130005 0.380714 0.869110 0.315760 0.000000 -0.341475 0.939891 B 2.000000 4.000000 18.000000 C[purple]
-0.955045 -24.558028 -25.964550 0.937297 -0.327582 -0.119015 0.348531 0.880957 0.320064 0.000000 -0.341475 0.939891 B 2.000000 4.000000 18.000000 C[purple]
-0.878807 -31.078673 -8.744823 0.821151 -0.536405 -0.194884 0.570710 0.771793 0.280403 -0.000000 -0.341475 0.939891 B 2.000000 4.000000 18.000000 C[purple]
-1.040226 25.146338 8.425702 0.836774 -0.514636 -0.186975 0.547549 0.786476 0.285738 -0.000000 -0.341475 0.939891 B 2.000000 4.000000 18.000000 C[purple]
-1.294687 19.062622 25.689005 0.798270 -0.566096 -0.205671 0.602300 0.750286 0.272589 -0.000000 -0.341475 0.939891 B 2.000000 4.000000 18.000000 C[purple]
-0.911094 12.949692 42.787640 0.781818 -0.586028 -0.212912 0.623506 0.734824 0.266972 0.000000 -0.341475 0.939891 B 2.000000 4.000000 18.000000 C[purple]
-0.846384 6.979292 60.023608 0.880947 -0.444770 -0.161591 0.473215 0.827994 0.300822 -0.000000 -0.341475 0.939891 B 2.000000 4.000000 18.000000 C[purple]
-0.474398 0.754428 77.364161 0.874550 -0.455785 -0.165593 0.484935 0.821982 0.298637 -0.000000 -0.341475 0.939891 B 2.000000 4.000000 18.000000 C[purple]
43.232806 25.177880 76.872858 0.675888 0.692703 0.251669 -0.737004 0.635261 0.230799 -0.000000 -0.341475 0.939891 B 2.000000 4.000000 18.000000 C[purple]
43.586208 19.047047 -77.899663 0.679833 0.689285 0.250427 -0.733367 0.638968 0.232146 0.000000 -0.341475 0.939891 B 2.000000 4.000000 18.000000 C[purple]
43.409870 12.527175 -60.634520 0.664893 0.702041 0.255061 -0.746939 0.624927 0.227045 0.000000 -0.341475 0.939891 B 2.000000 4.000000 18.000000 C[purple]
43.295286 6.137509 -43.507846 0.766268 0.603900 0.219405 -0.642521 0.720208 0.261662 0.000000 -0.341475 0.939891 B 2.000000 4.000000 18.000000 C[purple]
43.211415 0.065732 -25.914639 0.696712 0.674232 0.244958 -0.717351 0.654833 0.237910 -0.000000 -0.341475 0.939891 B 2.000000 4.000000 18.000000 C[purple]
43.312062 -6.200276 -8.407419 0.817331 0.541535 0.196747 -0.576168 0.768202 0.279099 0.000000 -0.341475 0.939891 B 2.000000 4.000000 18.000000 C[purple]
43.456928 -12.494624 8.640369 0.545230 0.787898 0.286254 -0.838286 0.512457 0.186183 -0.000000 -0.341475 0.939891 B 2.000000 4.000000 18.000000 C[purple]
43.240869 -18.541708 25.798208 0.514638 0.805869 0.292784 -0.857408 0.483704 0.175736 -0.000000 -0.341475 0.939891 B 2.000000 4.000000 18.000000 C[purple]
42.886887 -24.651442 42.994973 0.608394 0.745931 0.271007 -0.793635 0.571823 0.207751 0.000000 -0.341475 0.939891 B 2.000000 4.000000 18.000000 C[purple]
43.068667 -30.865567 59.928175 0.581889 0.764384 0.277711 -0.813269 0.546912 0.198701 0.000000 -0.341475 0.939891 B 2.000000 4.000000 18.000000 C[purple]
-35.159003 -25.104439 -77.448933 0.938630 -0.324192 -0.117783 0.344925 0.882210 0.320519 -0.000000 -0.341475 0.939891 B 2.000000 4.000000 18.000000 C[purple]
-34.898243 -31.139699 -60.082803 0.904233 -0.401370 -0.145823 0.427039 0.849880 0.308773 -0.000000 -0.341475 0.939891 B 2.000000 4.000000 18.000000 C[purple]
-34.775380 24.989173 -43.050406 0.923163 -0.361301 -0.131266 0.384408 0.867673 0.315238 0.000000 -0.341475 0.939891 B 2.000000 4.000000 18.000000 C[purple]
-34.522424 18.854208 -25.793711 0.797852 -0.566616 -0.205859 0.602853 0.749894 0.272447 -0.000000 -0.341475 0.939891 B 2.000000 4.000000 18.000000 C[purple]
-34.825488 12.713010 -8.747631 0.730075 -0.642290 -0.233353 0.683367 0.686191 0.249303 0.000000 -0.341475 0.939891 B 2.000000 4.000000 18.000000 C[purple]
-34.895722 6.593305 8.358462 0.887417 -0.433260 -0.157409 0.460968 0.834075 0.303031 0.000000 -0.341475 0.939891 B 2.000000 4.000000 18.000000 C[purple]
-34.957794 -0.121322 25.633623 0.911856 -0.385835 -0.140179 0.410511 0.857045 0.311376 0.000000 -0.341475 0.939891 B 2.000000 4.000000 18.000000 C[purple]
-34.926363 -6.137717 42.799403 0.956177 -0.275190 -0.099980 0.292789 0.898702 0.326511 0.000000 -0.341475 0.939891 B 2.000000 4.000000 18.000000 C[purple]
-35.145009 -12.546407 59.918680 0.971762 -0.221779 -0.080575 0.235962 0.913350 0.331833 -0.000000 -0.341475 0.939891 B 2.000000 4.000000 18.000000 C[purple]
-35.003397 -18.857389 77.043078 0.894556 -0.420089 -0.152624 0.446955 0.840785 0.305469 0.000000 -0.341475 0.939891 B 2.000000 4.000000 18.000000 C[purple]
10.235089 -13.599813 -77.174019 0.352308 0.879629 0.319581 -0.935884 0.331131 0.120305 -0.000000 -0.341475 0.939891 B 2.000000 4.000000 18.000000 C[purple]
10.170133 -19.529437 -59.918843 0.462847 0.833155 0.302697 -0.886438 0.435026 0.158051 -0.000000 -0.341475 0.939891 B 2.000000 4.000000 18.000000 C[purple]
9.930177 -25.879579 -42.858618 0.532701 0.795433 0.288992 -0.846303 0.500681 0.181904 0.000000 -0.341475 0.939891 B 2.000000 4.000000 18.000000 C[purple]
10.107473 30.200597 -25.866597 0.379602 0.869540 0.315916 -0.925150 0.356784 0.129625 -0.000000 -0.341475 0.939891 B 2.000000 4.000000 18.000000 C[purple]
10.389438 23.835263 -8.845060 0.508243 0.809447 0.294083 -0.861214 0.477693 0.173553 0.000000 -0.341475 0.939891 B 2.000000 4.000000 18.000000 C[purple]
10.324788 17.602907 8.403592 0.683033 0.686485 0.249409 -0.730388 0.641976 0.233239 0.000000 -0.341475 0.939891 B 2.000000 4.000000 18.000000 C[purple]
10.308016 11.314775 26.011262 0.625378 0.733417 0.266461 -0.780322 0.587787 0.213551 0.000000 -0.341475 0.939891 B 2.000000 4.000000 18.000000 C[purple]
10.610039 4.966271 43.158691 0.344236 0.882448 0.320606 -0.938883 0.323544 0.117548 0.000000 -0.341475 0.939891 B 2.000000 4.000000 18.000000 C[purple]
10.301218 -1.305826 60.572395 0.032446 0.939396 0.341296 -0.999473 0.030496 0.011080 0.000000 -0.341475 0.939891 B 2.000000 4.000000 18.000000 C[purple]
10.115807 -7.527851 77.825008 0.134696 0.931325 0.338364 -0.990887 0.126600 0.045995 0.000000 -0.341475 0.939891 B 2.000000 4.000000 18.000000 C[purple]
24.699023 -10.288879 -77.697955 0.991902 -0.119374 -0.043370 0.127008 0.932279 0.338710 -0.000000 -0.341475 0.939891 B 2.000000 4.000000 18.000000 C[purple]
24.648977 -16.506322 -60.704386 0.862615 -0.475455 -0.172739 0.505862 0.810763 0.294562 -0.000000 -0.341475 0.939891 B 2.000000 4.000000 18.000000 C[purple]
24.577155 -22.932297 -43.675627 0.982719 -0.173979 -0.063209 0.185106 0.923648 0.335574 0.000000 -0.341475 0.939891 B 2.000000 4.000000 18.000000 C[purple]
24.662062 -29.046775 -26.095151 0.965859 -0.243497 -0.088466 0.259069 0.907802 0.329817 0.000000 -0.341475 0.939891 B 2.000000 4.000000 18.000000 C[purple]
24.838888 27.353489 -8.730603 0.947426 -0.300741 -0.109263 0.319975 0.890477 0.323523 0.000000 -0.341475 0.939891 B 2.000000 4.000000 18.000000 C[purple]
24.840017 20.883806 8.275378 0.992359 -0.115967 -0.042133 0.123384 0.932709 0.338866 -0.000000 -0.341475 0.939891 B 2.000000 4.000000 18.000000 C[purple]
24.739538 14.376224 25.540208 0.996954 0.073307 0.026634 -0.077996 0.937028 0.340435 -0.000000 -0.341475 0.939891 B 2.000000 4.000000 18.000000 C[purple]
24.868314 8.157747 42.685975 0.970694 -0.225875 -0.082063 0.240320 0.912346 0.331468 0.000000 -0.341475 0.939891 B 2.000000 4.000000 18.000000 C[purple]
24.688451 1.709611 59.680986 0.992778 -0.112756 -0.040966 0.119967 0.933103 0.339009 0.000000 -0.341475 0.939891 B 2.000000 4.000000 18.000000 C[purple]
24.466687 -4.239523 76.878122 0.980131 -0.186430 -0.067733 0.198353 0.921216 0.334690 0.000000 -0.341475 0.939891 B 2.000000 4.000000 18.000000 C[purple]
31.109334 7.323573 -77.980746 0.453423 -0.837720 -0.304356 0.891296 0.426168 0.154833 0.000000 -0.341475 0.939891 B 2.000000 4.000000 18.000000 C[purple]
30.832377 1.051799 -60.675709 0.370469 -0.873013 -0.317178 0.928845 0.348200 0.126506 0.000000 -0.341475 0.939891 B 2.000000 4.000000 18.000000 C[purple]
31.000900 -5.431867 -43.610253 0.319616 -0.890591 -0.323564 0.947547 0.300404 0.109141 0.000000 -0.341475 0.939891 B 2.000000 4.000000 18.000000 C[purple]
31.217719 -11.404827 -26.390456 0.450010 -0.839345 -0.304946 0.893024 0.422960 0.153667 0.000000 -0.341475 0.939891 B 2.000000 4.000000 18.000000 C[purple]
31.076490 -17.530534 -8.874843 0.432427 -0.847470 -0.307898 0.901669 0.406434 0.147663 -0.000000 -0.341475 0.939891 B 2.000000 4.000000 18.000000 C[purple]
31.001318 -23.950738 8.304529 0.424282 -0.851099 -0.309216 0.905530 0.398779 0.144882 0.000000 -0.341475 0.939891 B 2.000000 4.000000 18.000000 C[purple]
30.975658 -29.875972 25.820942 0.379900 -0.869425 -0.315874 0.925028 0.357065 0.129727 0.000000 -0.341475 0.939891 B 2.000000 4.000000 18.000000 C[purple]
31.127158 26.490553 42.818385 0.538363 -0.792058 -0.287766 0.842713 0.506002 0.183838 0.000000 -0.341475 0.939891 B 2.000000 4.000000 18.000000 C[purple]
31.328012 20.165113 60.088590 0.415212 -0.855042 -0.310649 0.909725 0.390254 0.141785 -0.000000 -0.341475 0.939891 B 2.000000 4.000000 18.000000 C[purple]
31.175037 13.637294 77.089181 0.373454 -0.871889 -0.316769 0.927649 0.351006 0.127525 0.000000 -0.341475 0.939891 B 2.000000 4.000000 18.000000 C[purple]
-29.788710 -29.847487 -77.206973 -0.714749 -0.657342 -0.238821 0.699381 -0.671786 -0.244069 0.000000 -0.341475 0.939891 B 2.000000 4.000000 18.000000 C[purple]
-29.888343 26.205502 -59.967203 -0.781657 -0.586218 -0.212981 0.623709 -0.734672 -0.266917 0.000000 -0.341475 0.939891 B 2.000000 4.000000 18.000000 C[purple]
-29.484887 20.017416 -43.009177 -0.756582 -0.614593 -0.223290 0.653899 -0.711104 -0.258354 0.000000 -0.341475 0.939891 B 2.000000 4.000000 18.000000 C[purple]
-29.686095 13.917931 -25.657607 -0.502100 -0.812827 -0.295311 0.864810 -0.471919 -0.171455 0.000000 -0.341475 0.939891 B 2.000000 4.000000 18.000000 C[purple]
-29.600920 7.638096 -8.314890 -0.549110 -0.785514 -0.285388 0.835750 -0.516104 -0.187508 0.000000 -0.341475 0.939891 B 2.000000 4.000000 18.000000 C[purple]
-29.624596 1.393774 8.581817 -0.744826 -0.627150 -0.227852 0.667258 -0.700055 -0.254340 -0.000000 -0.341475 0.939891 B 2.000000 4.000000 18.000000 C[purple]
-29.796140 -4.829236 26.121967 -0.670226 -0.697546 -0.253428 0.742157 -0.629940 -0.228866 0.000000 -0.341475 0.939891 B 2.000000 4.000000 18.000000 C[purple]
-29.746483 -10.936007 43.229085 -0.441781 -0.843198 -0.306345 0.897123 -0.415226 -0.150857 -0.000000 -0.341475 0.939891 B 2.000000 4.000000 18.000000 C[purple]
-29.660461 -17.132446 60.255752 -0.732459 -0.639888 -0.232480 0.680811 -0.688431 -0.250117 -0.000000 -0.341475 0.939891 B 2.000000 4.000000 18.000000 C[purple]
-29.686972 -23.563376 77.274108 -0.841220 -0.508193 -0.184634 0.540694 -0.790654 -0.287256 0.000000 -0.341475 0.939891 B 2.000000 4.000000 18.000000 C[purple]
-26.715384 30.734681 77.660826 0.867273 0.467908 0.169998 -0.497833 0.815142 0.296152 0.000000 -0.341475 0.939891 B 2.000000 4.000000 18.000000 C[purple]
-26.865208 24.477100 -77.255912 0.912203 0.385110 0.139916 -0.409739 0.857371 0.311495 0.000000 -0.341475 0.939891 B 2.000000 4.000000 18.000000 C[purple]
-26.832032 18.560207 -60.061294 0.975771 0.205642 0.074713 -0.218794 0.917118 0.333202 -0.000000 -0.341475 0.939891 B 2.000000 4.000000 18.000000 C[purple]
-26.527555 12.101949 -42.833762 0.956682 0.273635 0.099416 -0.291135 0.899176 0.326683 0.000000 -0.341475 0.939891 B 2.000000 4.000000 18.000000 C[purple]
-26.658151 5.696429 -25.471320 0.916379 0.376250 0.136697 -0.400312 0.861296 0.312921 0.000000 -0.341475 0.939891 B 2.000000 4.000000 18.000000 C[purple]
-26.575631 -0.749350 -8.347254 0.842122 0.506870 0.184153 -0.539286 0.791503 0.287564 -0.000000 -0.341475 0.939891 B 2.000000 4.000000 18.000000 C[purple]
-26.499785 -7.017439 8.838390 0.921924 0.364087 0.132278 -0.387371 0.866508 0.314814 0.000000 -0.341475 0.939891 B 2.000000 4.000000 18.000000 C[purple]
-26.601553 -13.194686 26.013243 0.837398 0.513738 0.186648 -0.546593 0.787063 0.285951 0.000000 -0.341475 0.939891 B 2.000000 4.000000 18.000000 C[purple]
-26.684376 -19.502561 43.435424 0.849531 0.495829 0.180141 -0.527539 0.798466 0.290094 0.000000 -0.341475 0.939891 B 2.000000 4.000000 18.000000 C[purple]
-26.607196 -25.887187 60.426224 0.887554 0.433010 0.157319 -0.460703 0.834204 0.303078 0.000000 -0.341475 0.939891 B 2.000000 4.000000 18.000000 C[purple]
-40.910235 -15.592473 -77.736941 0.772316 0.597054 0.216918 -0.635238 0.725893 0.263727 -0.000000 -0.341475 0.939891 B 2.000000 4.000000 18.000000 C[purple]
-41.048544 -21.965404 -60.604403 0.889459 0.429544 0.156059 -0.457015 0.835994 0.303728 -0.000000 -0.341475 0.939891 B 2.000000 4.000000 18.000000 C[purple]
-40.943363 -28.186251 -43.538235 0.762476 0.608125 0.220940 -0.647017 0.716644 0.260367 0.000000 -0.341475 0.939891 B 2.000000 4.000000 18.000000 C[purple]
-41.255263 28.237663 -26.085432 0.724372 0.647970 0.235416 -0.689410 0.680830 0.247355 0.000000 -0.341475 0.939891 B 2.000000 4.000000 18.000000 C[purple]
-41.145391 22.128022 -9.112242 0.585321 0.762065 0.276869 -0.810802 0.550138 0.199873 0.000000 -0.341475 0.939891 B 2.000000 4.000000 18.000000 C[purple]
-41.566772 15.922567 8.080666 0.555584 0.781482 0.283923 -0.831460 0.522188 0.189718 0.000000 -0.341475 0.939891 B 2.000000 4.000000 18.000000 C[purple]
-41.647070 9.588169 25.245161 0.695616 0.675231 0.245321 -0.718414 0.653803 0.237536 0.000000 -0.341475 0.939891 B 2.000000 4.000000 18.000000 C[purple]
-41.209552 3.287461 42.657949 0.686255 0.683640 0.248376 -0.727361 0.645004 0.234339 0.000000 -0.341475 0.939891 B 2.000000 4.000000 18.000000 C[purple]
-41.169109 -3.102301 59.813006 0.664583 0.702300 0.255155 -0.747215 0.624635 0.226939 0.000000 -0.341475 0.939891 B 2.000000 4.000000 18.000000 C[purple]
-40.929547 -9.258851 77.197585 0.558688 0.779524 0.283212 -0.829378 0.525106 0.190778 0.000000 -0.341475 0.939891 B 2.000000 4.000000 18.000000 C[purple]
49.325794 19.582523 77.373334 0.339820 0.883958 0.321154 -0.940490 0.319394 0.116040 -0.000000 -0.341475 0.939891 B 2.000000 4.000000 18.000000 C[purple]
48.999057 13.282566 -77.401641 0.323678 0.889294 0.323093 -0.946167 0.304222 0.110528 0.000000 -0.341475 0.939891 B 2.000000 4.000000 18.000000 C[purple]
48.919524 7.228850 -60.438803 0.187981 0.923135 0.335388 -0.982173 0.176681 0.064191 -0.000000 -0.341475 0.939891 B 2.000000 4.000000 18.000000 C[purple]
48.850283 0.999813 -43.266110 0.351088 0.880060 0.319738 -0.936343 0.329984 0.119888 0.000000 -0.341475 0.939891 B 2.000000 4.000000 18.000000 C[purple]
48.766739 -5.502542 -25.918615 0.550301 0.784777 0.285120 -0.834966 0.517223 0.187914 0.000000 -0.341475 0.939891 B 2.000000 4.000000 18.000000 C[purple]
48.763552 -12.010455 -8.845947 0.419395 0.853236 0.309993 -0.907804 0.394185 0.143213 0.000000 -0.341475 0.939891 B 2.000000 4.000000 18.000000 C[purple]
48.708927 -18.200369 8.706299 0.240603 0.912280 0.331444 -0.970624 0.226141 0.082160 0.000000 -0.341475 0.939891 B 2.000000 4.000000 18.000000 C[purple]
48.747128 -24.391502 25.726560 0.533762 0.794805 0.288764 -0.845635 0.501678 0.182266 0.000000 -0.341475 0.939891 B 2.000000 4.000000 18.000000 C[purple]
49.050849 -30.746643 43.015033 0.288698 0.899870 0.326935 -0.957420 0.271345 0.098583 0.000000 -0.341475 0.939891 B 2.000000 4.000000 18.000000 C[purple]
49.315098 25.757582 59.996639 0.322401 0.889704 0.323242 -0.946603 0.303022 0.110092 0.000000 -0.341475 0.939891 B 2.000000 4.000000 18.000000 C[purple]
10.770653 -0.172535 -77.114282 0.062008 0.938082 0.340818 -0.998076 0.058280 0.021174 0.000000 -0.341475 0.939891 B 2.000000 4.000000 18.000000 C[purple]
10.839673 -6.378394 -60.054629 -0.035071 0.939313 0.341265 -0.999385 -0.032963 -0.011976 0.000000 -0.341475 0.939891 B 2.000000 4.000000 18.000000 C[purple]
10.666710 -12.307525 -42.930381 0.038250 0.939203 0.341226 -0.999268 0.035951 0.013061 0.000000 -0.341475 0.939891 B 2.000000 4.000000 18.000000 C[purple]
10.530687 -18.700095 -25.759129 -0.213227 0.918276 0.333622 -0.977003 -0.200410 -0.072812 0.000000 -0.341475 0.939891 B 2.000000 4.000000 18.000000 C[purple]
10.591102 -25.105003 -8.684325 -0.012426 0.939818 0.341449 -0.999923 -0.011679 -0.004243 -0.000000 -0.341475 0.939891 B 2.000000 4.000000 18.000000 C[purple]
10.267442 31.118209 8.690188 0.083624 0.936599 0.340279 -0.996497 0.078597 0.028555 0.000000 -0.341475 0.939891 B 2.000000 4.000000 18.000000 C[purple]
10.371621 24.989957 25.744570 -0.142526 0.930295 0.337989 -0.989791 -0.133959 -0.048669 0.000000 -0.341475 0.939891 B 2.000000 4.000000 18.000000 C[purple]
10.406860 18.348585 43.150974 -0.163223 0.927286 0.336896 -0.986589 -0.153412 -0.055737 0.000000 -0.341475 0.939891 B 2.000000 4.000000 18.000000 C[purple]
10.654733 12.286162 60.172057 -0.028024 0.939522 0.341341 -0.999607 -0.026339 -0.009569 0.000000 -0.341475 0.939891 B 2.000000 4.000000 18.000000 C[purple]
10.966971 6.245943 77.625269 -0.095400 0.935604 0.339918 -0.995439 -0.089665 -0.032577 0.000000 -0.341475 0.939891 B 2.000000 4.000000 18.000000 C[purple]
-33.254049 -18.849059 -77.751329 0.938916 0.323460 0.117517 -0.344146 0.882479 0.320617 -0.000000 -0.341475 0.939891 B 2.000000 4.000000 18.000000 C[purple]
-33.118091 -25.222392 -60.368883 0.927725 0.350828 0.127461 -0.373265 0.871960 0.316795 0.000000 -0.341475 0.939891 B 2.000000 4.000000 18.000000 C[purple]
-33.173698 30.927869 -43.275583 0.938830 0.323679 0.117597 -0.344380 0.882398 0.320587 0.000000 -0.341475 0.939891 B 2.000000 4.000000 18.000000 C[purple]
-33.205489 24.973399 -25.928601 0.999011 0.041792 0.015184 -0.044465 0.938961 0.341138 -0.000000 -0.341475 0.939891 B 2.000000 4.000000 18.000000 C[purple]
-33.329218 18.580291 -8.679358 0.988847 -0.139980 -0.050857 0.148932 0.929409 0.337667 0.000000 -0.341475 0.939891 B 2.000000 4.000000 18.000000 C[purple]
-33.239200 12.482997 8.524111 0.996470 0.078909 0.028669 -0.083955 0.936572 0.340270 -0.000000 -0.341475 0.939891 B 2.000000 4.000000 18.000000 C[purple]
-33.268408 5.935281 25.872271 0.996504 -0.078526 -0.028530 0.083548 0.936605 0.340282 0.000000 -0.341475 0.939891 B 2.000000 4.000000 18.000000 C[purple]
-33.496447 -0.288223 42.817321 0.996749 0.075726 0.027512 -0.080569 0.936835 0.340365 -0.000000 -0.341475 0.939891 B 2.000000 4.000000 18.000000 C[purple]
-33.562885 -6.293617 60.347415 0.975460 0.206942 0.075185 -0.220176 0.916826 0.333096 -0.000000 -0.341475 0.939891 B 2.000000 4.000000 18.000000 C[purple]
-33.519032 -12.378851 77.329790 0.918871 0.370841 0.134732 -0.394558 0.863638 0.313772 0.000000 -0.341475 0.939891 B 2.000000 4.000000 18.000000 C[purple]
-21.098603 13.890086 -76.824273 0.510110 0.808408 0.293706 -0.860109 0.479448 0.174190 -0.000000 -0.341475 0.939891 B 2.000000 4.000000 18.000000 C[purple]
-21.297248 7.325017 -59.680331 0.519642 0.803028 0.291751 -0.854384 0.488407 0.177445 -0.000000 -0.341475 0.939891 B 2.000000 4.000000 18.000000 C[purple]
-21.455376 0.974093 -42.535312 0.220345 0.916790 0.333083 -0.975422 0.207101 0.075243 -0.000000 -0.341475 0.939891 B 2.000000 4.000000 18.000000 C[purple]
-21.406335 -5.153043 -25.376665 -0.008321 0.939858 0.341464 -0.999965 -0.007821 -0.002841 -0.000000 -0.341475 0.939891 B 2.000000 4.000000 18.000000 C[purple]
-21.681650 -11.395799 -7.864240 0.060238 0.938184 0.340855 -0.998184 0.056617 0.020570 -0.000000 -0.341475 0.939891 B 2.000000 4.000000 18.000000 C[purple]
-21.386738 -17.752121 9.273046 0.106853 0.934510 0.339520 -0.994275 0.100430 0.036488 -0.000000 -0.341475 0.939891 B 2.000000 4.000000 18.000000 C[purple]
-21.027835 -24.071325 26.291824 0.179376 0.924646 0.335937 -0.983781 0.168594 0.061252 0.000000 -0.341475 0.939891 B 2.000000 4.000000 18.000000 C[purple]
-21.140505 -29.864892 43.406315 0.186531 0.923395 0.335482 -0.982449 0.175319 0.063696 -0.000000 -0.341475 0.939891 B 2.000000 4.000000 18.000000 C[purple]
-21.022549 26.275905 60.745754 0.209871 0.918958 0.333870 -0.977729 0.197256 0.071666 0.000000 -0.341475 0.939891 B 2.000000 4.000000 18.000000 C[purple]
-21.115563 20.060038 77.981409 0.146692 0.929723 0.337781 -0.989182 0.137874 0.050092 -0.000000 -0.341475 0.939891 B 2.000000 4.000000 18.000000 C[purple]
-49.501134 0.004668 -78.070998 0.965489 -0.244789 -0.088935 0.260444 0.907454 0.329691 -0.000000 -0.341475 0.939891 B 2.000000 4.000000 18.000000 C[purple]
-49.555107 -6.073333 -61.111062 0.984476 -0.164967 -0.059935 0.175518 0.925300 0.336174 -0.000000 -0.341475 0.939891 B 2.000000 4.000000 18.000000 C[purple]
-49.460717 -12.383273 -43.457832 0.983443 -0.170324 -0.061881 0.181217 0.924329 0.335822 0.000000 -0.341475 0.939891 B 2.000000 4.000000 18.000000 C[purple]
-49.207042 -18.668699 -26.581960 0.968399 -0.234414 -0.085166 0.249405 0.910189 0.330685 0.000000 -0.341475 0.939891 B 2.000000 4.000000 18.000000 C[purple]
-49.240809 -25.012343 -9.008860 0.902554 -0.404695 -0.147031 0.430577 0.848302 0.308200 0.000000 -0.341475 0.939891 B 2.000000 4.000000 18.000000 C[purple]
-49.345507 30.851879 8.348635 0.952856 -0.285184 -0.103611 0.303423 0.895580 0.325377 0.000000 -0.341475 0.939891 B 2.000000 4.000000 18.000000 C[purple]
-49.471896 24.672425 25.306177 0.970443 -0.226826 -0.082409 0.241332 0.912110 0.331382 -0.000000 -0.341475 0.939891 B 2.000000 4.000000 18.000000 C[purple]
-49.500992 18.818900 42.551497 0.970772 -0.225579 -0.081956 0.240005 0.912419 0.331495 -0.000000 -0.341475 0.939891 B 2.000000 4.000000 18.000000 C[purple]
-49.508113 12.457618 59.569811 0.982664 -0.174253 -0.063308 0.185397 0.923597 0.335556 -0.000000 -0.341475 0.939891 B 2.000000 4.000000 18.000000 C[purple]
-49.640038 6.532499 76.603075 0.935468 -0.332167 -0.120681 0.353410 0.879238 0.319439 -0.000000 -0.341475 0.939891 B 2.000000 4.000000 18.000000 C[purple]
-27.337812 10.738856 -77.038046 0.515474 -0.805397 -0.292612 0.856905 0.484489 0.176022 0.000000 -0.341475 0.939891 B 2.000000 4.000000 18.000000 C[purple]
-27.386914 4.642084 -59.700878 0.608989 -0.745501 -0.270851 0.793179 0.572383 0.207955 0.000000 -0.341475 0.939891 B 2.000000 4.000000 18.000000 C[purple]
-27.597029 -1.865300 -42.507473 0.791736 -0.574144 -0.208595 0.610863 0.744146 0.270359 0.000000 -0.341475 0.939891 B 2.000000 4.000000 18.000000 C[purple]
-27.352182 -8.148670 -25.211005 0.874060 -0.456615 -0.165895 0.485817 0.821521 0.298470 -0.000000 -0.341475 0.939891 B 2.000000 4.000000 18.000000 C[purple]
-27.174256 -14.003560 -7.999367 0.941520 -0.316703 -0.115063 0.336957 0.884926 0.321506 0.000000 -0.341475 0.939891 B 2.000000 4.000000 18.000000 C[purple]
-27.395299 -20.126306 9.157762 0.925763 -0.355377 -0.129113 0.378104 0.870116 0.316125 -0.000000 -0.341475 0.939891 B 2.000000 4.000000 18.000000 C[purple]
-27.496190 -26.566515 26.060367 0.975225 -0.207920 -0.075540 0.221217 0.916604 0.333015 -0.000000 -0.341475 0.939891 B 2.000000 4.000000 18.000000 C[purple]
-27.308431 29.391294 43.207954 0.929444 -0.346785 -0.125992 0.368963 0.873576 0.317382 0.000000 -0.341475 0.939891 B 2.000000 4.000000 18.000000 C[purple]
-27.331462 23.018405 60.362259 0.915341 -0.378475 -0.137505 0.402680 0.860321 0.312566 -0.000000 -0.341475 0.939891 B 2.000000 4.000000 18.000000 C[purple]
-27.552183 16.807211 77.652672 0.785501 -0.581661 -0.211326 0.618860 0.738285 0.268229 0.000000 -0.341475 0.939891 B 2.000000 4.000000 18.000000 C[purple]
30.256493 24.337232 -77.621604 0.985732 -0.158205 -0.057478 0.168323 0.926480 0.336603 0.000000 -0.341475 0.939891 B 2.000000 4.000000 18.000000 C[purple]
30.120263 18.111781 -60.476664 0.998893 0.044215 0.016064 -0.047043 0.938850 0.341097 0.000000 -0.341475 0.939891 B 2.000000 4.000000 18.000000 C[purple]
30.149950 11.559479 -43.191449 0.974661 -0.210243 -0.076384 0.223689 0.916075 0.332823 -0.000000 -0.341475 0.939891 B 2.000000 4.000000 18.000000 C[purple]
29.921893 5.477337 -25.655043 0.972772 -0.217834 -0.079142 0.231765 0.914299 0.332178 0.000000 -0.341475 0.939891 B 2.000000 4.000000 18.000000 C[purple]
29.762235 -0.471510 -8.653498 0.949970 -0.293568 -0.106657 0.312342 0.892868 0.324391 -0.000000 -0.341475 0.939891 B 2.000000 4.000000 18.000000 C[purple]
29.552156 -6.698733 8.489977 0.869572 -0.464124 -0.168623 0.493806 0.817303 0.296937 0.000000 -0.341475 0.939891 B 2.000000 4.000000 18.000000 C[purple]
29.538213 -13.080560 25.497608 0.977357 -0.198877 -0.072255 0.211596 0.918609 0.333743 0.000000 -0.341475 0.939891 B 2.000000 4.000000 18.000000 C[purple]
29.710716 -19.309499 42.891714 0.998858 0.044911 0.016317 -0.047783 0.938817 0.341085 0.000000 -0.341475 0.939891 B 2.000000 4.000000 18.000000 C[purple]
30.035336 -25.661934 60.020196 0.999481 0.030279 0.011001 -0.032216 0.939403 0.341298 -0.000000 -0.341475 0.939891 B 2.000000 4.000000 18.000000 C[purple]
30.285980 30.667535 77.324890 0.997004 0.072695 0.026411 -0.077345 0.937075 0.340452 -0.000000 -0.341475 0.939891 B 2.000000 4.000000 18.000000 C[purple]
2.643497 -8.207851 -77.062207 0.999981 0.005731 0.002082 -0.006097 0.939873 0.341469 0.000000 -0.341475 0.939891 B 2.000000 4.000000 18.000000 C[purple]
2.519145 -14.348181 -59.997262 0.997289 0.069166 0.025129 -0.073589 0.937342 0.340550 -0.000000 -0.341475 0.939891 B 2.000000 4.000000 18.000000 C[purple]
2.607619 -20.603826 -42.608902 0.966373 -0.241686 -0.087808 0.257143 0.908285 0.329993 -0.000000 -0.341475 0.939891 B 2.000000 4.000000 18.000000 C[purple]
2.334573 -26.708540 -25.590157 0.988613 -0.141434 -0.051385 0.150479 0.929188 0.337587 0.000000 -0.341475 0.939891 B 2.000000 4.000000 18.000000 C[purple]
2.392418 29.664757 -8.069590 0.965454 -0.244910 -0.088979 0.260572 0.907422 0.329679 -0.000000 -0.341475 0.939891 B 2.000000 4.000000 18.000000 C[purple]
2.649087 23.331657 8.844283 0.977882 -0.196586 -0.071422 0.209159 0.919102 0.333923 0.000000 -0.341475 0.939891 B 2.000000 4.000000 18.000000 C[purple]
2.688957 16.836932 25.732160 0.996039 -0.083569 -0.030362 0.088913 0.936168 0.340123 -0.000000 -0.341475 0.939891 B 2.000000 4.000000 18.000000 C[purple]
2.439615 10.627216 43.075942 0.999500 0.029729 0.010801 -0.031630 0.939420 0.341305 -0.000000 -0.341475 0.939891 B 2.000000 4.000000 18.000000 C[purple]
2.674563 4.260745 60.043915 0.979317 0.190170 0.069092 -0.202332 0.920451 0.334413 0.000000 -0.341475 0.939891 B 2.000000 4.000000 18.000000 C[purple]
2.826776 -2.210562 77.559777 0.994809 0.095641 0.034748 -0.101758 0.935012 0.339703 0.000000 -0.341475 0.939891 B 2.000000 4.000000 18.000000 C[purple]
-20.123831 10.613350 77.267786 -0.963206 0.252610 0.091777 -0.268765 -0.905308 -0.328911 0.000000 -0.341475 0.939891 B 2.000000 4.000000 18.000000 C[purple]
-20.048414 4.415394 -77.503746 -0.993261 -0.108932 -0.039577 0.115899 -0.933557 -0.339174 -0.000000 -0.341475 0.939891 B 2.000000 4.000000 18.000000 C[purple]
-20.147444 -1.549349 -60.271462 -0.995546 -0.088611 -0.032194 0.094278 -0.935704 -0.339954 -0.000000 -0.341475 0.939891 B 2.000000 4.000000 18.000000 C[purple]
-20.065972 -7.800539 -43.116152 -0.983952 0.167709 0.060931 -0.178434 -0.924807 -0.335995 0.000000 -0.341475 0.939891 B 2.000000 4.000000 18.000000 C[purple]
-20.139287 -14.230047 -25.981600 -0.988285 0.143448 0.052117 -0.152622 -0.928880 -0.337475 0.000000 -0.341475 0.939891 B 2.000000 4.000000 18.000000 C[purple]
-20.012905 -20.389128 -8.430284 -0.955360 0.277684 0.100887 -0.295443 -0.897934 -0.326232 -0.000000 -0.341475 0.939891 B 2.000000 4.000000 18.000000 C[purple]
-19.899829 -26.714285 8.693161 -0.999901 0.013223 0.004804 -0.014069 -0.939798 -0.341442 0.000000 -0.341475 0.939891 B 2.000000 4.000000 18.000000 C[purple]
-20.163385 29.252408 26.048206 -0.997294 0.069098 0.025104 -0.073518 -0.937347 -0.340551 -0.000000 -0.341475 0.939891 B 2.000000 4.000000 18.000000 C[purple]
-20.235285 23.111875 43.135714 -0.980068 0.186719 0.067837 -0.198660 -0.921157 -0.334669 0.000000 -0.341475 0.939891 B 2.000000 4.000000 18.000000 C[purple]
-20.070173 17.148752 60.190239 -0.977969 0.196201 0.071283 -0.208749 -0.919184 -0.333952 -0.000000 -0.341475 0.939891 B 2.000000 4.000000 18.000000 C[purple]
18.516423 24.386679 77.953550 0.984850 -0.162986 -0.059215 0.173409 0.925651 0.336302 -0.000000 -0.341475 0.939891 B 2.000000 4.000000 18.000000 C[purple]
18.536173 17.938864 -77.013714 0.949806 -0.294034 -0.106827 0.312839 0.892714 0.324335 0.000000 -0.341475 0.939891 B 2.000000 4.000000 18.000000 C[purple]
18.426021 11.836856 -59.809646 0.996128 -0.082633 -0.030022 0.087918 0.936251 0.340153 -0.000000 -0.341475 0.939891 B 2.000000 4.000000 18.000000 C[purple]
18.548555 5.528679 -42.525772 0.984269 0.166056 0.060331 -0.176676 0.925105 0.336104 -0.000000 -0.341475 0.939891 B 2.000000 4.000000 18.000000 C[purple]
18.685939 -0.645891 -25.176582 0.990705 -0.127851 -0.046450 0.136027 0.931154 0.338301 0.000000 -0.341475 0.939891 B 2.000000 4.000000 18.000000 C[purple]
18.765636 -6.882131 -8.096983 0.921711 -0.364562 -0.132451 0.387877 0.866308 0.314742 0.000000 -0.341475 0.939891 B 2.000000 4.000000 18.000000 C[purple]
18.730762 -13.511375 9.100519 0.984199 -0.166420 -0.060463 0.177064 0.925040 0.336080 0.000000 -0.341475 0.939891 B 2.000000 4.000000 18.000000 C[purple]
18.679559 -19.887912 26.008340 0.994086 -0.102067 -0.037082 0.108594 0.934332 0.339456 0.000000 -0.341475 0.939891 B 2.000000 4.000000 18.000000 C[purple]
18.572227 -25.656853 43.233634 0.996154 -0.082358 -0.029922 0.087625 0.936275 0.340162 -0.000000 -0.341475 0.939891 B 2.000000 4.000000 18.000000 C[purple]
18.572453 30.448021 60.667488 0.915243 -0.378685 -0.137582 0.402903 0.860228 0.312533 0.000000 -0.341475 0.939891 B 2.000000 4.000000 18.000000 C[purple]
20.172700 8.113059 77.229830 0.268510 0.905375 0.328935 -0.963277 0.252370 0.091689 0.000000 -0.341475 0.939891 B 2.000000 4.000000 18.000000 C[purple]
19.926533 1.744774 -77.468060 0.371197 0.872739 0.317078 -0.928554 0.348885 0.126755 -0.000000 -0.341475 0.939891 B 2.000000 4.000000 18.000000 C[purple]
19.816128 -4.492108 -59.966786 0.494343 0.817016 0.296833 -0.869267 0.464628 0.168806 0.000000 -0.341475 0.939891 B 2.000000 4.000000 18.000000 C[purple]
20.088380 -10.923670 -42.514729 0.600811 0.751340 0.272972 -0.799391 0.564697 0.205162 -0.000000 -0.341475 0.939891 B 2.000000 4.000000 18.000000 C[purple]
20.173166 -17.384486 -25.594591 0.447619 0.840473 0.305356 -0.894224 0.420713 0.152851 -0.000000 -0.341475 0.939891 B 2.000000 4.000000 18.000000 C[purple]
20.176668 -23.452582 -8.355570 0.181521 0.924276 0.335803 -0.983387 0.170610 0.061985 0.000000 -0.341475 0.939891 B 2.000000 4.000000 18.000000 C[purple]
20.361097 -29.638511 8.766581 -0.059915 0.938202 0.340862 -0.998204 -0.056313 -0.020459 -0.000000 -0.341475 0.939891 B 2.000000 4.000000 18.000000 C[purple]
20.295399 26.680679 25.768431 0.364828 0.875109 0.317939 -0.931075 0.342899 0.124580 0.000000 -0.341475 0.939891 B 2.000000 4.000000 18.000000 C[purple]
20.641200 20.346879 42.764552 0.333462 0.886095 0.321931 -0.942764 0.313418 0.113869 0.000000 -0.341475 0.939891 B 2.000000 4.000000 18.000000 C[purple]
20.248360 14.181614 59.880254 0.100648 0.935118 0.339741 -0.994922 0.094599 0.034369 0.000000 -0.341475 0.939891 B 2.000000 4.000000 18.000000 C[purple]
-15.006174 -10.496682 -77.261410 0.178348 -0.924822 -0.336001 0.983967 0.167628 0.060902 0.000000 -0.341475 0.939891 B 2.000000 4.000000 18.000000 C[purple]
-14.985859 -16.765317 -59.748367 0.189772 -0.922811 -0.335270 0.981828 0.178365 0.064802 0.000000 -0.341475 0.939891 B 2.000000 4.000000 18.000000 C[purple]
-14.893608 -22.880450 -42.731498 0.140293 -0.930595 -0.338098 0.990110 0.131860 0.047907 -0.000000 -0.341475 0.939891 B 2.000000 4.000000 18.000000 C[purple]
-15.067833 -29.037520 -25.602441 0.453280 -0.837789 -0.304380 0.891368 0.426033 0.154784 -0.000000 -0.341475 0.939891 B 2.000000 4.000000 18.000000 C[purple]
-14.976735 27.249949 -8.517033 0.317168 -0.891364 -0.323845 0.948369 0.298103 0.108305 -0.000000 -0.341475 0.939891 B 2.000000 4.000000 18.000000 C[purple]
-15.184055 20.991772 8.981223 0.344712 -0.882284 -0.320546 0.938709 0.323991 0.117711 -0.000000 -0.341475 0.939891 B 2.000000 4.000000 18.000000 C[purple]
-15.591113 14.859983 26.190338 0.270940 -0.904735 -0.328703 0.962596 0.254654 0.092519 -0.000000 -0.341475 0.939891 B 2.000000 4.000000 18.000000 C[purple]
-15.437865 8.598682 43.329284 -0.097035 -0.935455 -0.339864 0.995281 -0.091202 -0.033135 -0.000000 -0.341475 0.939891 B 2.000000 4.000000 18.000000 C[purple]
-15.300544 2.156827 60.337794 0.049504 -0.938738 -0.341057 0.998774 0.046529 0.016905 0.000000 -0.341475 0.939891 B 2.000000 4.000000 18.000000 C[purple]
-15.276935 -4.421761 77.757621 0.022953 -0.939643 -0.341385 0.999737 0.021573 0.007838 -0.000000 -0.341475 0.939891 B 2.000000 4.000000 18.000000 C[purple]
-6.396796 -7.006623 77.165399 -0.130418 -0.931863 -0.338559 0.991459 -0.122579 -0.044535 -0.000000 -0.341475 0.939891 B 2.000000 4.000000 18.000000 C[purple]
-6.815435 -13.265632 -77.743120 -0.036479 -0.939265 -0.341248 0.999334 -0.034287 -0.012457 0.000000 -0.341475 0.939891 B 2.000000 4.000000 18.000000 C[purple]
-7.082482 -19.525941 -60.471426 -0.088268 -0.936222 -0.340143 0.996097 -0.082962 -0.030141 -0.000000 -0.341475 0.939891 B 2.000000 4.000000 18.000000 C[purple]
-7.214642 -25.899806 -43.462973 -0.294170 -0.898304 -0.326366 0.955753 -0.276487 -0.100452 0.000000 -0.341475 0.939891 B 2.000000 4.000000 18.000000 C[purple]
-7.020880 30.345829 -26.031925 -0.046060 -0.938893 -0.341113 0.998939 -0.043291 -0.015728 0.000000 -0.341475 0.939891 B 2.000000 4.000000 18.000000 C[purple]
-7.085673 23.996846 -8.767503 0.189459 -0.922868 -0.335291 0.981889 0.178071 0.064696 0.000000 -0.341475 0.939891 B 2.000000 4.000000 18.000000 C[purple]
-6.993307 17.850910 8.521144 -0.067155 -0.937769 -0.340705 0.997743 -0.063118 -0.022932 -0.000000 -0.341475 0.939891 B 2.000000 4.000000 18.000000 C[purple]
-6.868227 11.889109 25.978429 -0.029014 -0.939495 -0.341332 0.999579 -0.027270 -0.009908 0.000000 -0.341475 0.939891 B 2.000000 4.000000 18.000000 C[purple]
-6.918246 5.617091 43.056832 -0.178480 -0.924799 -0.335993 0.983944 -0.167752 -0.060947 0.000000 -0.341475 0.939891 B 2.000000 4.000000 18.000000 C[purple]
-6.564352 -0.632511 60.153114 -0.145347 -0.929910 -0.337849 0.989381 -0.136610 -0.049632 0.000000 -0.341475 0.939891 B 2.000000 4.000000 18.000000 C[purple]
20.244630 14.546744 77.686833 0.984083 0.167029 0.060684 -0.177711 0.924930 0.336040 0.000000 -0.341475 0.939891 B 2.000000 4.000000 18.000000 C[purple]
20.232545 8.260391 -77.221389 0.915728 0.377647 0.137205 -0.401799 0.860684 0.312699 -0.000000 -0.341475 0.939891 B 2.000000 4.000000 18.000000 C[purple]
20.107194 1.844563 -60.185142 0.983531 0.169877 0.061719 -0.180741 0.924411 0.335852 -0.000000 -0.341475 0.939891 B 2.000000 4.000000 18.000000 C[purple]
20.078891 -4.592882 -42.594790 0.970608 0.226200 0.082182 -0.240666 0.912265 0.331439 0.000000 -0.341475 0.939891 B 2.000000 4.000000 18.000000 C[purple]
20.030876 -11.090893 -25.413928 0.995731 0.086754 0.031519 -0.092302 0.935878 0.340018 0.000000 -0.341475 0.939891 B 2.000000 4.000000 18.000000 C[purple]
19.750479 -17.634429 -8.204829 0.999797 -0.018961 -0.006889 0.020173 0.939699 0.341406 -0.000000 -0.341475 0.939891 B 2.000000 4.000000 18.000000 C[purple]
19.918501 -23.810119 9.096690 0.978944 -0.191860 -0.069705 0.204130 0.920100 0.334285 0.000000 -0.341475 0.939891 B 2.000000 4.000000 18.000000 C[purple]
20.211351 -29.773623 26.141732 0.986762 -0.152424 -0.055378 0.162172 0.927449 0.336955 0.000000 -0.341475 0.939891 B 2.000000 4.000000 18.000000 C[purple]
20.318503 26.519341 43.435850 0.993670 0.105585 0.038361 -0.112338 0.933941 0.339314 0.000000 -0.341475 0.939891 B 2.000000 4.000000 18.000000 C[purple]
20.097017 20.543335 60.530416 0.999269 0.035928 0.013053 -0.038226 0.939204 0.341226 -0.000000 -0.341475 0.939891 B 2.000000 4.000000 18.000000 C[purple]
43.611956 26.751054 -77.786341 0.388513 0.866056 0.314650 -0.921443 0.365159 0.132667 -0.000000 -0.341475 0.939891 B 2.000000 4.000000 18.000000 C[purple]
43.932426 20.733045 -60.509827 0.467739 0.830738 0.301819 -0.883867 0.439623 0.159721 0.000000 -0.341475 0.939891 B 2.000000 4.000000 18.000000 C[purple]
43.695262 14.532512 -43.537909 0.426356 0.850183 0.308883 -0.904555 0.400728 0.145590 0.000000 -0.341475 0.939891 B 2.000000 4.000000 18.000000 C[purple]
43.835818 8.479110 -26.276448 0.482405 0.823296 0.299115 -0.875948 0.453408 0.164729 0.000000 -0.341475 0.939891 B 2.000000 4.000000 18.000000 C[purple]
43.754822 2.063063 -9.049165 0.343375 0.882744 0.320713 -0.939199 0.322735 0.117254 -0.000000 -0.341475 0.939891 B 2.000000 4.000000 18.000000 C[purple]
43.577010 -4.251588 7.920573 0.430037 0.848544 0.308288 -0.902811 0.404188 0.146847 0.000000 -0.341475 0.939891 B 2.000000 4.000000 18.000000 C[purple]
43.754444 -10.295965 25.049313 0.311205 0.893218 0.324519 -0.950343 0.292499 0.106269 -0.000000 -0.341475 0.939891 B 2.000000 4.000000 18.000000 C[purple]
