-21.296015 -23.104074 77.421290 0.834073 -0.518494 -0.188376 0.551654 0.783938 0.284815 0.000000 -0.341475 0.939891 B 2.000000 4.000000 18.000000 C[purple]
-20.995170 -29.351752 -77.099879 0.769635 -0.600105 -0.218027 0.638484 0.723373 0.262811 -0.000000 -0.341475 0.939891 B 2.000000 4.000000 18.000000 C[purple]
-20.992228 27.132787 -59.762343 0.875735 -0.453772 -0.164862 0.482792 0.823095 0.299042 -0.000000 -0.341475 0.939891 B 2.000000 4.000000 18.000000 C[purple]
-20.966308 20.739693 -42.690805 0.882478 -0.442082 -0.160614 0.470354 0.829433 0.301344 0.000000 -0.341475 0.939891 B 2.000000 4.000000 18.000000 C[purple]
-21.011804 14.550889 -25.693717 0.761539 -0.609161 -0.221317 0.648119 0.715764 0.260047 -0.000000 -0.341475 0.939891 B 2.000000 4.000000 18.000000 C[purple]
-20.699463 7.989610 -8.526298 0.731262 -0.641097 -0.232919 0.682097 0.687306 0.249708 0.000000 -0.341475 0.939891 B 2.000000 4.000000 18.000000 C[purple]
-20.658571 2.041144 8.764029 0.837801 -0.513158 -0.186438 0.545976 0.787441 0.286088 0.000000 -0.341475 0.939891 B 2.000000 4.000000 18.000000 C[purple]
-20.857205 -4.274852 25.646014 0.922254 -0.363348 -0.132009 0.386585 0.866818 0.314927 0.000000 -0.341475 0.939891 B 2.000000 4.000000 18.000000 C[purple]
-21.021086 -10.734971 43.109420 0.937079 -0.328132 -0.119215 0.349117 0.880752 0.319990 0.000000 -0.341475 0.939891 B 2.000000 4.000000 18.000000 C[purple]
-21.241762 -17.236272 60.287479 0.883776 -0.439785 -0.159780 0.467911 0.830653 0.301788 -0.000000 -0.341475 0.939891 B 2.000000 4.000000 18.000000 C[purple]
-47.822058 20.952113 77.734632 0.300130 0.896560 0.325733 -0.953898 0.282089 0.102487 -0.000000 -0.341475 0.939891 B 2.000000 4.000000 18.000000 C[purple]
-47.827136 14.766019 -76.873594 0.192745 0.922267 0.335072 -0.981249 0.181160 0.065818 0.000000 -0.341475 0.939891 B 2.000000 4.000000 18.000000 C[purple]
-47.557112 8.604253 -59.907946 0.191939 0.922415 0.335126 -0.981407 0.180402 0.065542 -0.000000 -0.341475 0.939891 B 2.000000 4.000000 18.000000 C[purple]
-47.570085 2.427019 -42.381699 0.243508 0.911599 0.331197 -0.969899 0.228871 0.083152 -0.000000 -0.341475 0.939891 B 2.000000 4.000000 18.000000 C[purple]
-47.479404 -4.235853 -25.380539 0.261639 0.907150 0.329580 -0.965166 0.245912 0.089343 0.000000 -0.341475 0.939891 B 2.000000 4.000000 18.000000 C[purple]
-47.267127 -10.119804 -8.064089 0.237887 0.912909 0.331673 -0.971293 0.223588 0.081233 0.000000 -0.341475 0.939891 B 2.000000 4.000000 18.000000 C[purple]
-47.437937 -16.186969 8.896225 0.366868 0.874355 0.317665 -0.930273 0.344816 0.125276 -0.000000 -0.341475 0.939891 B 2.000000 4.000000 18.000000 C[purple]
-47.735398 -22.255712 25.963726 0.184665 0.923726 0.335603 -0.982801 0.173565 0.063059 0.000000 -0.341475 0.939891 B 2.000000 4.000000 18.000000 C[purple]
-47.908884 -28.716435 43.225725 0.149868 0.929276 0.337619 -0.988706 0.140860 0.051176 0.000000 -0.341475 0.939891 B 2.000000 4.000000 18.000000 C[purple]
-47.603023 27.443236 60.372532 0.458667 0.835195 0.303438 -0.888608 0.431097 0.156623 0.000000 -0.341475 0.939891 B 2.000000 4.000000 18.000000 C[purple]
19.762266 21.264134 -77.257807 0.923133 -0.361369 -0.131290 0.384480 0.867644 0.315227 -0.000000 -0.341475 0.939891 B 2.000000 4.000000 18.000000 C[purple]
19.612873 14.882140 -60.268104 0.984111 -0.166879 -0.060630 0.177552 0.924957 0.336050 -0.000000 -0.341475 0.939891 B 2.000000 4.000000 18.000000 C[purple]
19.838958 8.793825 -43.134751 0.918036 -0.372664 -0.135394 0.396497 0.862853 0.313487 -0.000000 -0.341475 0.939891 B 2.000000 4.000000 18.000000 C[purple]
19.853156 2.332795 -25.853746 0.997752 -0.062986 -0.022884 0.067014 0.937778 0.340708 0.000000 -0.341475 0.939891 B 2.000000 4.000000 18.000000 C[purple]
19.809191 -3.901397 -8.532727 0.999349 0.033918 0.012323 -0.036087 0.939279 0.341253 0.000000 -0.341475 0.939891 B 2.000000 4.000000 18.000000 C[purple]
19.820721 -10.344189 8.529330 0.978439 -0.194119 -0.070526 0.206534 0.919626 0.334113 0.000000 -0.341475 0.939891 B 2.000000 4.000000 18.000000 C[purple]
19.717361 -16.618220 25.686119 0.825322 -0.530721 -0.192819 0.564663 0.775712 0.281827 -0.000000 -0.341475 0.939891 B 2.000000 4.000000 18.000000 C[purple]
19.921136 -22.601089 42.702426 0.819045 -0.539243 -0.195914 0.573729 0.769813 0.279684 0.000000 -0.341475 0.939891 B 2.000000 4.000000 18.000000 C[purple]
19.517074 -29.104647 59.795581 0.811324 -0.549458 -0.199626 0.584597 0.762555 0.277047 0.000000 -0.341475 0.939891 B 2.000000 4.000000 18.000000 C[purple]
19.713275 27.418287 77.242132 0.799420 -0.564660 -0.205149 0.600772 0.751368 0.272982 -0.000000 -0.341475 0.939891 B 2.000000 4.000000 18.000000 C[purple]
-31.158546 5.304090 77.687051 0.999078 -0.040341 -0.014656 0.042921 0.939025 0.341161 0.000000 -0.341475 0.939891 B 2.000000 4.000000 18.000000 C[purple]
-31.029073 -1.134851 -77.114439 0.995551 0.088564 0.032177 -0.094228 0.935709 0.339956 0.000000 -0.341475 0.939891 B 2.000000 4.000000 18.000000 C[purple]
-31.204430 -7.827794 -59.981185 0.994980 0.094061 0.034174 -0.100076 0.935172 0.339761 0.000000 -0.341475 0.939891 B 2.000000 4.000000 18.000000 C[purple]
-31.140340 -13.899583 -42.696498 0.998548 -0.050632 -0.018395 0.053870 0.938526 0.340980 -0.000000 -0.341475 0.939891 B 2.000000 4.000000 18.000000 C[purple]
-31.128633 -19.772490 -25.631500 0.974227 -0.212013 -0.077027 0.225571 0.915667 0.332674 0.000000 -0.341475 0.939891 B 2.000000 4.000000 18.000000 C[purple]
-31.182972 -26.292619 -8.428519 0.999958 -0.008637 -0.003138 0.009189 0.939851 0.341461 0.000000 -0.341475 0.939891 B 2.000000 4.000000 18.000000 C[purple]
-31.145382 30.100304 8.993447 0.988726 -0.140737 -0.051132 0.149737 0.929294 0.337626 0.000000 -0.341475 0.939891 B 2.000000 4.000000 18.000000 C[purple]
-31.056281 23.782842 25.991417 0.998217 -0.056108 -0.020385 0.059697 0.938214 0.340866 0.000000 -0.341475 0.939891 B 2.000000 4.000000 18.000000 C[purple]
-31.256724 17.569175 43.106392 0.999228 0.036926 0.013416 -0.039288 0.939165 0.341212 -0.000000 -0.341475 0.939891 B 2.000000 4.000000 18.000000 C[purple]
-31.426488 11.514953 60.398819 0.999918 -0.012048 -0.004377 0.012819 0.939813 0.341447 -0.000000 -0.341475 0.939891 B 2.000000 4.000000 18.000000 C[purple]
47.371492 10.368650 -77.251946 0.996174 0.082144 0.029844 -0.087397 0.936294 0.340169 0.000000 -0.341475 0.939891 B 2.000000 4.000000 18.000000 C[purple]
47.314212 4.228920 -60.069321 0.984090 0.166993 0.060671 -0.177673 0.924937 0.336042 0.000000 -0.341475 0.939891 B 2.000000 4.000000 18.000000 C[purple]
47.562550 -2.013113 -43.032242 0.932284 0.339984 0.123521 -0.361727 0.876245 0.318352 0.000000 -0.341475 0.939891 B 2.000000 4.000000 18.000000 C[purple]
47.245544 -7.991950 -25.737744 0.889868 0.428795 0.155787 -0.456218 0.836379 0.303868 -0.000000 -0.341475 0.939891 B 2.000000 4.000000 18.000000 C[purple]
47.448491 -14.476997 -8.591170 0.821156 0.536399 0.194881 -0.570704 0.771797 0.280405 0.000000 -0.341475 0.939891 B 2.000000 4.000000 18.000000 C[purple]
47.465998 -20.814377 8.977800 0.930541 0.344176 0.125044 -0.366187 0.874607 0.317757 -0.000000 -0.341475 0.939891 B 2.000000 4.000000 18.000000 C[purple]
47.495344 -27.172858 26.326147 0.991509 0.122220 0.044404 -0.130036 0.931910 0.338576 0.000000 -0.341475 0.939891 B 2.000000 4.000000 18.000000 C[purple]
47.805141 28.995191 43.411198 0.993365 0.108094 0.039272 -0.115007 0.933654 0.339210 0.000000 -0.341475 0.939891 B 2.000000 4.000000 18.000000 C[purple]
47.842238 22.566752 60.746149 0.989099 0.138399 0.050282 -0.147250 0.929645 0.337753 -0.000000 -0.341475 0.939891 B 2.000000 4.000000 18.000000 C[purple]
47.654906 16.699853 77.866934 0.992372 0.115871 0.042097 -0.123281 0.932721 0.338871 -0.000000 -0.341475 0.939891 B 2.000000 4.000000 18.000000 C[purple]
-7.261422 10.360632 77.597133 -0.048739 0.938774 0.341070 -0.998812 -0.045810 -0.016643 0.000000 -0.341475 0.939891 B 2.000000 4.000000 18.000000 C[purple]
-6.990714 3.997266 -77.450853 0.061149 0.938132 0.340836 -0.998129 0.057473 0.020881 -0.000000 -0.341475 0.939891 B 2.000000 4.000000 18.000000 C[purple]
-7.065082 -2.278431 -60.451192 -0.123366 0.932711 0.338867 -0.992361 -0.115950 -0.042126 -0.000000 -0.341475 0.939891 B 2.000000 4.000000 18.000000 C[purple]
-6.965350 -8.106902 -43.053476 -0.114597 0.933699 0.339226 -0.993412 -0.107708 -0.039132 0.000000 -0.341475 0.939891 B 2.000000 4.000000 18.000000 C[purple]
-6.568948 -14.327725 -26.084686 -0.149768 0.929290 0.337624 -0.988721 -0.140766 -0.051142 0.000000 -0.341475 0.939891 B 2.000000 4.000000 18.000000 C[purple]
-6.835528 -20.578194 -9.090613 -0.090182 0.936061 0.340084 -0.995925 -0.084761 -0.030795 0.000000 -0.341475 0.939891 B 2.000000 4.000000 18.000000 C[purple]
-6.809218 -26.923676 8.394867 0.289125 0.899749 0.326891 -0.957291 0.271746 0.098729 -0.000000 -0.341475 0.939891 B 2.000000 4.000000 18.000000 C[purple]
-6.877752 29.263467 25.809287 0.114957 0.933660 0.339212 -0.993370 0.108047 0.039255 -0.000000 -0.341475 0.939891 B 2.000000 4.000000 18.000000 C[purple]
-7.065664 22.867268 43.266144 0.335847 0.885299 0.321641 -0.941917 0.315660 0.114684 0.000000 -0.341475 0.939891 B 2.000000 4.000000 18.000000 C[purple]
-7.071401 16.657700 60.578863 0.147552 0.929603 0.337738 -0.989054 0.138683 0.050385 -0.000000 -0.341475 0.939891 B 2.000000 4.000000 18.000000 C[purple]
32.885466 12.086220 -77.154558 0.767296 -0.602746 -0.218986 0.641294 0.721174 0.262013 -0.000000 -0.341475 0.939891 B 2.000000 4.000000 18.000000 C[purple]
32.788610 6.067029 -60.054861 0.612834 -0.742712 -0.269838 0.790211 0.575997 0.209268 0.000000 -0.341475 0.939891 B 2.000000 4.000000 18.000000 C[purple]
32.788603 -0.007502 -42.933298 0.656708 -0.708814 -0.257522 0.754145 0.617234 0.224250 0.000000 -0.341475 0.939891 B 2.000000 4.000000 18.000000 C[purple]
32.780523 -6.365115 -25.862633 0.799317 -0.564789 -0.205196 0.600909 0.751271 0.272947 0.000000 -0.341475 0.939891 B 2.000000 4.000000 18.000000 C[purple]
32.826769 -12.688777 -8.289817 0.722662 -0.649654 -0.236028 0.691201 0.679224 0.246771 -0.000000 -0.341475 0.939891 B 2.000000 4.000000 18.000000 C[purple]
33.002072 -18.805305 8.775011 0.683252 -0.686292 -0.249339 0.730183 0.642182 0.233314 0.000000 -0.341475 0.939891 B 2.000000 4.000000 18.000000 C[purple]
32.983090 -25.014247 25.698811 0.770254 -0.599404 -0.217772 0.637738 0.723954 0.263023 -0.000000 -0.341475 0.939891 B 2.000000 4.000000 18.000000 C[purple]
32.808635 -31.064993 43.040034 0.851626 -0.492644 -0.178984 0.524150 0.800435 0.290809 0.000000 -0.341475 0.939891 B 2.000000 4.000000 18.000000 C[purple]
32.602760 24.856630 60.429393 0.709180 -0.662649 -0.240750 0.705028 0.666551 0.242167 0.000000 -0.341475 0.939891 B 2.000000 4.000000 18.000000 C[purple]
32.835998 18.404135 77.770814 0.813199 -0.547003 -0.198734 0.581986 0.764318 0.277687 -0.000000 -0.341475 0.939891 B 2.000000 4.000000 18.000000 C[purple]
-27.913873 -22.562867 77.375219 0.428494 -0.849233 -0.308538 0.903544 0.402738 0.146320 -0.000000 -0.341475 0.939891 B 2.000000 4.000000 18.000000 C[purple]
-27.673520 -28.759767 -77.159633 0.507605 -0.809800 -0.294212 0.861590 0.477093 0.173335 0.000000 -0.341475 0.939891 B 2.000000 4.000000 18.000000 C[purple]
-27.294379 27.457370 -60.023744 0.615393 -0.740841 -0.269158 0.788220 0.578403 0.210142 0.000000 -0.341475 0.939891 B 2.000000 4.000000 18.000000 C[purple]
-27.424367 21.184209 -42.699223 0.605968 -0.747673 -0.271640 0.795489 0.569544 0.206923 0.000000 -0.341475 0.939891 B 2.000000 4.000000 18.000000 C[purple]
-27.160023 15.159765 -25.516357 0.761873 -0.608792 -0.221183 0.647726 0.716077 0.260161 0.000000 -0.341475 0.939891 B 2.000000 4.000000 18.000000 C[purple]
-27.161222 9.185585 -8.464674 0.598812 -0.752749 -0.273484 0.800890 0.562818 0.204480 -0.000000 -0.341475 0.939891 B 2.000000 4.000000 18.000000 C[purple]
-27.573761 2.868042 8.761716 0.588783 -0.759706 -0.276012 0.808291 0.553391 0.201055 0.000000 -0.341475 0.939891 B 2.000000 4.000000 18.000000 C[purple]
-27.840374 -3.635028 25.977224 0.420875 -0.852592 -0.309759 0.907119 0.395576 0.143718 -0.000000 -0.341475 0.939891 B 2.000000 4.000000 18.000000 C[purple]
-27.666180 -10.052097 43.007625 0.555598 -0.781473 -0.283920 0.831451 0.522201 0.189723 -0.000000 -0.341475 0.939891 B 2.000000 4.000000 18.000000 C[purple]
-28.053225 -16.469162 60.115352 0.561190 -0.777935 -0.282635 0.827687 0.527457 0.191633 0.000000 -0.341475 0.939891 B 2.000000 4.000000 18.000000 C[purple]
21.387859 -7.669521 78.038515 0.852761 0.490906 0.178353 -0.522301 0.801502 0.291197 0.000000 -0.341475 0.939891 B 2.000000 4.000000 18.000000 C[purple]
21.370803 -13.917155 -77.017409 0.794475 0.570793 0.207377 -0.607297 0.746719 0.271294 -0.000000 -0.341475 0.939891 B 2.000000 4.000000 18.000000 C[purple]
21.508534 -20.423127 -59.714583 0.876189 0.452996 0.164580 -0.481967 0.823522 0.299197 0.000000 -0.341475 0.939891 B 2.000000 4.000000 18.000000 C[purple]
21.513476 -26.796862 -42.718298 0.942621 0.313798 0.114007 -0.333866 0.885960 0.321882 0.000000 -0.341475 0.939891 B 2.000000 4.000000 18.000000 C[purple]
21.734637 29.348124 -25.548862 0.992511 0.114813 0.041713 -0.122155 0.932852 0.338918 0.000000 -0.341475 0.939891 B 2.000000 4.000000 18.000000 C[purple]
21.654323 22.964518 -8.224359 0.964982 0.246547 0.089574 -0.262315 0.906978 0.329518 -0.000000 -0.341475 0.939891 B 2.000000 4.000000 18.000000 C[purple]
21.383742 16.801372 8.718825 0.969457 0.230520 0.083751 -0.245262 0.911183 0.331046 -0.000000 -0.341475 0.939891 B 2.000000 4.000000 18.000000 C[purple]
21.283659 10.718690 26.161864 0.937911 0.326026 0.118450 -0.346876 0.881534 0.320274 0.000000 -0.341475 0.939891 B 2.000000 4.000000 18.000000 C[purple]
21.323480 4.435455 43.180334 0.908726 0.392303 0.142529 -0.417392 0.854104 0.310308 -0.000000 -0.341475 0.939891 B 2.000000 4.000000 18.000000 C[purple]
21.478815 -1.776642 60.712885 0.907124 0.395566 0.143715 -0.420864 0.852597 0.309760 0.000000 -0.341475 0.939891 B 2.000000 4.000000 18.000000 C[purple]
28.160929 -13.185021 -77.560226 -0.830296 -0.523822 -0.190312 0.557322 -0.780388 -0.283526 0.000000 -0.341475 0.939891 B 2.000000 4.000000 18.000000 C[purple]
28.286788 -19.300580 -60.388397 -0.617435 -0.739339 -0.268612 0.786622 -0.580321 -0.210839 0.000000 -0.341475 0.939891 B 2.000000 4.000000 18.000000 C[purple]
28.295641 -25.871442 -43.277117 -0.759175 -0.611762 -0.222262 0.650886 -0.713542 -0.259240 0.000000 -0.341475 0.939891 B 2.000000 4.000000 18.000000 C[purple]
28.148376 30.280808 -25.895060 -0.548218 -0.786064 -0.285588 0.836336 -0.515265 -0.187203 0.000000 -0.341475 0.939891 B 2.000000 4.000000 18.000000 C[purple]
28.121158 24.208416 -8.709785 -0.473863 -0.827667 -0.300703 0.880599 -0.445379 -0.161812 0.000000 -0.341475 0.939891 B 2.000000 4.000000 18.000000 C[purple]
27.872039 18.176447 8.603475 -0.281030 -0.902012 -0.327714 0.959699 -0.264138 -0.095965 0.000000 -0.341475 0.939891 B 2.000000 4.000000 18.000000 C[purple]
27.853340 12.060681 25.813164 -0.326462 -0.888395 -0.322766 0.945210 -0.306838 -0.111479 0.000000 -0.341475 0.939891 B 2.000000 4.000000 18.000000 C[purple]
27.676347 5.643141 42.981845 -0.376569 -0.870704 -0.316339 0.926389 -0.353934 -0.128589 -0.000000 -0.341475 0.939891 B 2.000000 4.000000 18.000000 C[purple]
27.941206 -0.563981 60.068020 -0.606004 -0.747647 -0.271630 0.795461 -0.569578 -0.206936 -0.000000 -0.341475 0.939891 B 2.000000 4.000000 18.000000 C[purple]
28.018667 -6.660020 77.276260 -0.633184 -0.727477 -0.264302 0.774001 -0.595124 -0.216217 -0.000000 -0.341475 0.939891 B 2.000000 4.000000 18.000000 C[purple]
-24.250027 -15.294829 76.994856 0.663899 -0.702872 -0.255363 0.747823 0.623992 0.226705 0.000000 -0.341475 0.939891 B 2.000000 4.000000 18.000000 C[purple]
-24.422913 -21.746208 -77.856237 0.682543 -0.686914 -0.249566 0.730845 0.641516 0.233072 0.000000 -0.341475 0.939891 B 2.000000 4.000000 18.000000 C[purple]
-24.286478 -27.893926 -60.938226 0.664796 -0.702122 -0.255091 0.747025 0.624836 0.227012 0.000000 -0.341475 0.939891 B 2.000000 4.000000 18.000000 C[purple]
-24.305614 28.166681 -43.709825 0.485928 -0.821464 -0.298449 0.873999 0.456719 0.165932 0.000000 -0.341475 0.939891 B 2.000000 4.000000 18.000000 C[purple]
-24.224374 22.131764 -26.309098 0.572640 -0.770529 -0.279944 0.819807 0.538219 0.195543 -0.000000 -0.341475 0.939891 B 2.000000 4.000000 18.000000 C[purple]
-24.338464 15.966324 -9.272889 0.331938 -0.886600 -0.322114 0.943301 0.311985 0.113349 0.000000 -0.341475 0.939891 B 2.000000 4.000000 18.000000 C[purple]
-24.503159 9.805117 8.211262 0.495590 -0.816348 -0.296591 0.868557 0.465800 0.169232 -0.000000 -0.341475 0.939891 B 2.000000 4.000000 18.000000 C[purple]
-24.272333 3.518536 25.436811 0.307728 -0.894282 -0.324905 0.951474 0.289231 0.105082 -0.000000 -0.341475 0.939891 B 2.000000 4.000000 18.000000 C[purple]
-24.408803 -2.647246 42.746156 0.558325 -0.779754 -0.283296 0.829622 0.524764 0.190654 0.000000 -0.341475 0.939891 B 2.000000 4.000000 18.000000 C[purple]
-24.320632 -9.167356 59.938908 0.501720 -0.813034 -0.295387 0.865030 0.471562 0.171325 0.000000 -0.341475 0.939891 B 2.000000 4.000000 18.000000 C[purple]
35.551335 10.734963 -76.961327 0.700593 -0.670669 -0.243664 0.713561 0.658481 0.239235 -0.000000 -0.341475 0.939891 B 2.000000 4.000000 18.000000 C[purple]
35.588599 4.277150 -60.034973 0.734949 -0.637361 -0.231562 0.678122 0.690772 0.250967 0.000000 -0.341475 0.939891 B 2.000000 4.000000 18.000000 C[purple]
35.453785 -1.822248 -42.931628 0.795903 -0.569033 -0.206738 0.605424 0.748062 0.271781 -0.000000 -0.341475 0.939891 B 2.000000 4.000000 18.000000 C[purple]
35.332355 -8.172712 -25.609154 0.782353 -0.585398 -0.212683 0.622836 0.735326 0.267154 0.000000 -0.341475 0.939891 B 2.000000 4.000000 18.000000 C[purple]
35.177877 -14.581754 -8.215001 0.691683 -0.678790 -0.246614 0.722201 0.650107 0.236193 -0.000000 -0.341475 0.939891 B 2.000000 4.000000 18.000000 C[purple]
34.937987 -21.048179 8.937430 0.611595 -0.743614 -0.270165 0.791171 0.574832 0.208845 -0.000000 -0.341475 0.939891 B 2.000000 4.000000 18.000000 C[purple]
34.937725 -27.088056 26.535880 0.613586 -0.742164 -0.269638 0.789628 0.576704 0.209525 0.000000 -0.341475 0.939891 B 2.000000 4.000000 18.000000 C[purple]
35.148728 29.189525 43.879814 0.489584 -0.819543 -0.297752 0.871956 0.460156 0.167181 -0.000000 -0.341475 0.939891 B 2.000000 4.000000 18.000000 C[purple]
35.348799 23.087122 60.902123 0.737113 -0.635149 -0.230759 0.675769 0.692806 0.251706 0.000000 -0.341475 0.939891 B 2.000000 4.000000 18.000000 C[purple]
35.320058 16.881110 77.823992 0.890911 -0.426878 -0.155091 0.454179 0.837359 0.304224 0.000000 -0.341475 0.939891 B 2.000000 4.000000 18.000000 C[purple]
-34.870419 3.607177 -77.035744 0.983224 -0.171438 -0.062286 0.182402 0.924123 0.335747 -0.000000 -0.341475 0.939891 B 2.000000 4.000000 18.000000 C[purple]
-34.674503 -2.243862 -59.646438 0.987532 -0.147958 -0.053755 0.157421 0.928172 0.337218 -0.000000 -0.341475 0.939891 B 2.000000 4.000000 18.000000 C[purple]
-34.532293 -8.650728 -42.618395 0.991449 0.122653 0.044562 -0.130497 0.931853 0.338555 0.000000 -0.341475 0.939891 B 2.000000 4.000000 18.000000 C[purple]
-34.743457 -14.641532 -25.592286 0.994302 0.100192 0.036401 -0.106600 0.934535 0.339530 -0.000000 -0.341475 0.939891 B 2.000000 4.000000 18.000000 C[purple]
-34.345125 -20.825920 -8.497314 0.987431 0.148549 0.053970 -0.158049 0.928077 0.337183 0.000000 -0.341475 0.939891 B 2.000000 4.000000 18.000000 C[purple]
-34.427012 -26.912902 8.971599 0.992636 -0.113853 -0.041364 0.121134 0.932969 0.338961 0.000000 -0.341475 0.939891 B 2.000000 4.000000 18.000000 C[purple]
-34.529529 29.243720 26.187094 0.899900 -0.409882 -0.148916 0.436095 0.845808 0.307294 0.000000 -0.341475 0.939891 B 2.000000 4.000000 18.000000 C[purple]
-34.376033 22.822391 43.137870 0.839950 -0.510045 -0.185307 0.542664 0.789461 0.286822 -0.000000 -0.341475 0.939891 B 2.000000 4.000000 18.000000 C[purple]
-34.521220 16.436430 60.369990 0.969442 -0.230575 -0.083771 0.245321 0.911170 0.331041 -0.000000 -0.341475 0.939891 B 2.000000 4.000000 18.000000 C[purple]
-34.797933 10.296501 77.768889 0.990576 -0.128731 -0.046770 0.136964 0.931033 0.338257 -0.000000 -0.341475 0.939891 B 2.000000 4.000000 18.000000 C[purple]
-39.943549 10.947258 -77.013760 -0.047655 0.938823 0.341087 -0.998864 -0.044790 -0.016273 0.000000 -0.341475 0.939891 B 2.000000 4.000000 18.000000 C[purple]
-39.910375 4.639754 -60.149472 0.100144 0.935166 0.339759 -0.994973 0.094124 0.034197 -0.000000 -0.341475 0.939891 B 2.000000 4.000000 18.000000 C[purple]
-40.150608 -1.544686 -42.896431 -0.093218 0.935798 0.339989 -0.995646 -0.087615 -0.031832 0.000000 -0.341475 0.939891 B 2.000000 4.000000 18.000000 C[purple]
-40.295176 -7.710251 -25.442487 -0.310676 0.893381 0.324578 -0.950516 -0.292001 -0.106088 -0.000000 -0.341475 0.939891 B 2.000000 4.000000 18.000000 C[purple]
-39.947680 -14.042975 -8.381234 -0.316995 0.891418 0.323865 -0.948427 -0.297940 -0.108246 -0.000000 -0.341475 0.939891 B 2.000000 4.000000 18.000000 C[purple]
-39.876052 -20.230879 8.652442 -0.170207 0.926176 0.336493 -0.985408 -0.159976 -0.058121 0.000000 -0.341475 0.939891 B 2.000000 4.000000 18.000000 C[purple]
-39.986237 -26.543049 25.577292 0.061771 0.938096 0.340823 -0.998090 0.058058 0.021093 0.000000 -0.341475 0.939891 B 2.000000 4.000000 18.000000 C[purple]
-40.079937 29.555820 43.211706 -0.100103 0.935170 0.339760 -0.994977 -0.094086 -0.034183 -0.000000 -0.341475 0.939891 B 2.000000 4.000000 18.000000 C[purple]
-40.039143 23.286691 60.270872 0.033292 0.939370 0.341286 -0.999446 0.031291 0.011369 0.000000 -0.341475 0.939891 B 2.000000 4.000000 18.000000 C[purple]
-40.004007 16.890495 77.786371 -0.203311 0.920260 0.334343 -0.979114 -0.191091 -0.069426 -0.000000 -0.341475 0.939891 B 2.000000 4.000000 18.000000 C[purple]
-39.142880 20.910786 -76.901935 0.889751 0.429010 0.155865 -0.456447 0.836268 0.303828 -0.000000 -0.341475 0.939891 B 2.000000 4.000000 18.000000 C[purple]
-39.118691 14.999844 -59.586875 0.909665 0.390376 0.141829 -0.415342 0.854986 0.310628 -0.000000 -0.341475 0.939891 B 2.000000 4.000000 18.000000 C[purple]
-39.049797 8.417845 -42.716275 0.930920 0.343269 0.124714 -0.365222 0.874963 0.317886 0.000000 -0.341475 0.939891 B 2.000000 4.000000 18.000000 C[purple]
-39.236642 2.141531 -25.732081 0.869411 0.464390 0.168719 -0.494090 0.817151 0.296882 0.000000 -0.341475 0.939891 B 2.000000 4.000000 18.000000 C[purple]
-39.121518 -4.191657 -8.697016 0.795745 0.569228 0.206808 -0.605632 0.747913 0.271727 -0.000000 -0.341475 0.939891 B 2.000000 4.000000 18.000000 C[purple]
-38.699751 -10.268713 8.497090 0.805834 0.556548 0.202202 -0.592141 0.757396 0.275173 0.000000 -0.341475 0.939891 B 2.000000 4.000000 18.000000 C[purple]
-38.657303 -16.806672 25.609589 0.741347 0.630782 0.229172 -0.671122 0.696785 0.253152 0.000000 -0.341475 0.939891 B 2.000000 4.000000 18.000000 C[purple]
-38.715587 -23.106475 42.859772 0.868267 0.466278 0.169405 -0.496098 0.816076 0.296492 -0.000000 -0.341475 0.939891 B 2.000000 4.000000 18.000000 C[purple]
-38.919335 -29.230894 60.007366 0.858845 0.481446 0.174916 -0.512236 0.807220 0.293274 0.000000 -0.341475 0.939891 B 2.000000 4.000000 18.000000 C[purple]
-39.148312 27.212621 77.554222 0.824550 0.531780 0.193203 -0.565789 0.774987 0.281563 0.000000 -0.341475 0.939891 B 2.000000 4.000000 18.000000 C[purple]
-33.648710 29.705628 -77.383359 -0.760259 -0.610571 -0.221829 0.649620 -0.714561 -0.259610 0.000000 -0.341475 0.939891 B 2.000000 4.000000 18.000000 C[purple]
-33.640493 23.622968 -60.285268 -0.689092 -0.681115 -0.247458 0.724674 -0.647671 -0.235308 0.000000 -0.341475 0.939891 B 2.000000 4.000000 18.000000 C[purple]
-33.840726 17.142147 -42.862869 -0.708564 -0.663231 -0.240961 0.705647 -0.665973 -0.241957 -0.000000 -0.341475 0.939891 B 2.000000 4.000000 18.000000 C[purple]
-33.878300 10.833722 -25.454567 -0.389654 -0.865603 -0.314486 0.920961 -0.366232 -0.133057 -0.000000 -0.341475 0.939891 B 2.000000 4.000000 18.000000 C[purple]
-33.548904 4.498905 -8.232192 -0.527796 -0.798316 -0.290039 0.849371 -0.496071 -0.180229 0.000000 -0.341475 0.939891 B 2.000000 4.000000 18.000000 C[purple]
-33.481688 -1.731871 8.853090 -0.720838 -0.651442 -0.236678 0.693104 -0.677509 -0.246148 0.000000 -0.341475 0.939891 B 2.000000 4.000000 18.000000 C[purple]
-33.302699 -7.850041 25.844314 -0.834505 -0.517881 -0.188153 0.551001 -0.784343 -0.284963 0.000000 -0.341475 0.939891 B 2.000000 4.000000 18.000000 C[purple]
-33.539311 -13.954619 43.087732 -0.884922 -0.437744 -0.159039 0.465740 -0.831730 -0.302179 0.000000 -0.341475 0.939891 B 2.000000 4.000000 18.000000 C[purple]
-33.591645 -20.200374 60.285038 -0.738732 -0.633485 -0.230154 0.673999 -0.694328 -0.252259 -0.000000 -0.341475 0.939891 B 2.000000 4.000000 18.000000 C[purple]
-33.718717 -26.587157 77.381879 -0.595054 -0.755377 -0.274439 0.803686 -0.559286 -0.203196 0.000000 -0.341475 0.939891 B 2.000000 4.000000 18.000000 C[purple]
-11.598769 -27.134206 77.421957 0.950339 -0.292509 -0.106273 0.311216 0.893215 0.324517 0.000000 -0.341475 0.939891 B 2.000000 4.000000 18.000000 C[purple]
-11.760627 29.014767 -77.680969 0.893451 -0.422161 -0.153377 0.449160 0.839747 0.305092 0.000000 -0.341475 0.939891 B 2.000000 4.000000 18.000000 C[purple]
-11.864290 22.837856 -60.162992 0.907737 -0.394322 -0.143263 0.419540 0.853173 0.309970 0.000000 -0.341475 0.939891 B 2.000000 4.000000 18.000000 C[purple]
-11.842812 16.427728 -42.971073 0.991012 -0.125733 -0.045681 0.133774 0.931443 0.338406 0.000000 -0.341475 0.939891 B 2.000000 4.000000 18.000000 C[purple]
-11.735823 10.346036 -25.926108 0.903657 -0.402515 -0.146239 0.428258 0.849339 0.308577 -0.000000 -0.341475 0.939891 B 2.000000 4.000000 18.000000 C[purple]
-11.873700 3.852647 -8.609913 0.936786 -0.328872 -0.119484 0.349904 0.880476 0.319889 -0.000000 -0.341475 0.939891 B 2.000000 4.000000 18.000000 C[purple]
-11.771136 -1.991838 8.733978 0.990549 -0.128912 -0.046835 0.137156 0.931008 0.338248 0.000000 -0.341475 0.939891 B 2.000000 4.000000 18.000000 C[purple]
-11.823208 -7.952045 25.986148 0.941680 -0.316283 -0.114910 0.336511 0.885076 0.321560 -0.000000 -0.341475 0.939891 B 2.000000 4.000000 18.000000 C[purple]
-11.899714 -14.305740 42.904064 0.934103 -0.335544 -0.121908 0.357003 0.877955 0.318973 0.000000 -0.341475 0.939891 B 2.000000 4.000000 18.000000 C[purple]
-11.890426 -20.740351 60.037825 0.958192 -0.268926 -0.097705 0.286125 0.900596 0.327199 0.000000 -0.341475 0.939891 B 2.000000 4.000000 18.000000 C[purple]
-2.315860 -10.133774 76.662048 0.999967 0.007620 0.002768 -0.008107 0.939860 0.341464 0.000000 -0.341475 0.939891 B 2.000000 4.000000 18.000000 C[purple]
-2.236353 -16.404949 -77.781234 0.998327 -0.054345 -0.019744 0.057820 0.938318 0.340904 -0.000000 -0.341475 0.939891 B 2.000000 4.000000 18.000000 C[purple]
-2.326301 -22.641674 -60.734979 0.998671 -0.048436 -0.017598 0.051534 0.938642 0.341022 0.000000 -0.341475 0.939891 B 2.000000 4.000000 18.000000 C[purple]
-2.419211 -28.731650 -43.426171 0.976906 -0.200826 -0.072963 0.213669 0.918185 0.333589 -0.000000 -0.341475 0.939891 B 2.000000 4.000000 18.000000 C[purple]
-2.705351 27.643889 -26.404657 0.941023 -0.318006 -0.115536 0.338344 0.884458 0.321336 0.000000 -0.341475 0.939891 B 2.000000 4.000000 18.000000 C[purple]
-2.242799 21.431495 -9.124635 0.950483 -0.292096 -0.106123 0.310776 0.893350 0.324567 -0.000000 -0.341475 0.939891 B 2.000000 4.000000 18.000000 C[purple]
-2.484908 14.844148 7.850687 0.961623 -0.257880 -0.093692 0.274373 0.903821 0.328371 -0.000000 -0.341475 0.939891 B 2.000000 4.000000 18.000000 C[purple]
-2.306515 8.476071 25.265569 0.963817 -0.250540 -0.091025 0.266563 0.905883 0.329120 0.000000 -0.341475 0.939891 B 2.000000 4.000000 18.000000 C[purple]
-2.427837 2.252729 42.183349 0.991360 -0.123287 -0.044792 0.131172 0.931770 0.338525 -0.000000 -0.341475 0.939891 B 2.000000 4.000000 18.000000 C[purple]
-2.371240 -3.803606 59.770212 0.997620 0.064807 0.023545 -0.068952 0.937654 0.340663 0.000000 -0.341475 0.939891 B 2.000000 4.000000 18.000000 C[purple]
39.360359 -25.725818 77.771591 0.878186 -0.449568 -0.163334 0.478319 0.825399 0.299879 -0.000000 -0.341475 0.939891 B 2.000000 4.000000 18.000000 C[purple]
39.433142 30.566967 -76.924024 0.943508 -0.311432 -0.113148 0.331349 0.886795 0.322185 -0.000000 -0.341475 0.939891 B 2.000000 4.000000 18.000000 C[purple]
39.413955 24.179764 -59.670653 0.884164 -0.439095 -0.159529 0.467176 0.831018 0.301920 -0.000000 -0.341475 0.939891 B 2.000000 4.000000 18.000000 C[purple]
39.560947 17.841785 -42.294236 0.783496 -0.584045 -0.212192 0.621397 0.736401 0.267545 -0.000000 -0.341475 0.939891 B 2.000000 4.000000 18.000000 C[purple]
39.499603 11.733576 -25.047793 0.904216 -0.401404 -0.145836 0.427076 0.849864 0.308768 -0.000000 -0.341475 0.939891 B 2.000000 4.000000 18.000000 C[purple]
39.571623 5.126544 -8.080848 0.885854 -0.436075 -0.158432 0.463963 0.832606 0.302498 -0.000000 -0.341475 0.939891 B 2.000000 4.000000 18.000000 C[purple]
39.478855 -0.981171 8.980650 0.979573 -0.189003 -0.068667 0.201090 0.920691 0.334500 -0.000000 -0.341475 0.939891 B 2.000000 4.000000 18.000000 C[purple]
39.574899 -7.574528 26.307358 0.989784 -0.134004 -0.048686 0.142574 0.930289 0.337987 0.000000 -0.341475 0.939891 B 2.000000 4.000000 18.000000 C[purple]
39.549547 -13.770925 43.549618 0.966108 -0.242623 -0.088148 0.258139 0.908036 0.329902 0.000000 -0.341475 0.939891 B 2.000000 4.000000 18.000000 C[purple]
39.435969 -19.608677 60.635416 0.973052 -0.216723 -0.078739 0.230584 0.914563 0.332273 -0.000000 -0.341475 0.939891 B 2.000000 4.000000 18.000000 C[purple]
-9.427372 17.906894 77.774319 -0.762764 0.607806 0.220824 -0.646677 -0.716915 -0.260465 -0.000000 -0.341475 0.939891 B 2.000000 4.000000 18.000000 C[purple]
-9.487003 11.560124 -77.242706 -0.800127 0.563775 0.204827 -0.599830 -0.752032 -0.273224 0.000000 -0.341475 0.939891 B 2.000000 4.000000 18.000000 C[purple]
-9.706791 5.590790 -59.985506 -0.854532 0.488178 0.177362 -0.519398 -0.803167 -0.291802 -0.000000 -0.341475 0.939891 B 2.000000 4.000000 18.000000 C[purple]
-9.592766 -0.578357 -42.812732 -0.741275 0.630856 0.229199 -0.671202 -0.696717 -0.253127 0.000000 -0.341475 0.939891 B 2.000000 4.000000 18.000000 C[purple]
-9.396989 -6.612848 -25.800843 -0.885754 0.436254 0.158497 -0.464154 -0.832512 -0.302463 0.000000 -0.341475 0.939891 B 2.000000 4.000000 18.000000 C[purple]
-9.667969 -13.195171 -8.442144 -0.926862 0.352838 0.128191 -0.375403 -0.871149 -0.316500 0.000000 -0.341475 0.939891 B 2.000000 4.000000 18.000000 C[purple]
-9.689102 -19.764489 9.058889 -0.890567 0.427512 0.155321 -0.454853 -0.837035 -0.304107 0.000000 -0.341475 0.939891 B 2.000000 4.000000 18.000000 C[purple]
-9.640502 -25.992923 26.287427 -0.917677 0.373443 0.135677 -0.397326 -0.862516 -0.313364 -0.000000 -0.341475 0.939891 B 2.000000 4.000000 18.000000 C[purple]
-9.700936 30.368739 43.240301 -0.900460 0.408795 0.148521 -0.434939 -0.846334 -0.307485 0.000000 -0.341475 0.939891 B 2.000000 4.000000 18.000000 C[purple]
-9.559356 24.403259 60.319135 -0.861465 0.477293 0.173407 -0.507818 -0.809683 -0.294169 -0.000000 -0.341475 0.939891 B 2.000000 4.000000 18.000000 C[purple]
-40.682413 -13.816705 -77.253706 0.227041 0.915346 0.332558 -0.973885 0.213394 0.077529 0.000000 -0.341475 0.939891 B 2.000000 4.000000 18.000000 C[purple]
-40.826006 -19.979397 -60.335164 0.252760 0.909372 0.330387 -0.967529 0.237566 0.086311 -0.000000 -0.341475 0.939891 B 2.000000 4.000000 18.000000 C[purple]
-40.937532 -26.300350 -42.912336 -0.064567 0.937930 0.340763 -0.997913 -0.060686 -0.022048 0.000000 -0.341475 0.939891 B 2.000000 4.000000 18.000000 C[purple]
-40.547047 30.075657 -25.679802 -0.135052 0.931280 0.338347 -0.990839 -0.126934 -0.046117 -0.000000 -0.341475 0.939891 B 2.000000 4.000000 18.000000 C[purple]
-40.723796 23.701846 -8.642046 -0.108720 0.934319 0.339451 -0.994072 -0.102185 -0.037125 0.000000 -0.341475 0.939891 B 2.000000 4.000000 18.000000 C[purple]
-40.590131 17.350852 8.870089 -0.230405 0.914603 0.332288 -0.973095 -0.216556 -0.078678 0.000000 -0.341475 0.939891 B 2.000000 4.000000 18.000000 C[purple]
-40.467337 10.918585 25.979525 -0.142130 0.930349 0.338009 -0.989848 -0.133587 -0.048534 0.000000 -0.341475 0.939891 B 2.000000 4.000000 18.000000 C[purple]
-40.271556 4.598499 43.333113 -0.088080 0.936238 0.340148 -0.996113 -0.082785 -0.030077 0.000000 -0.341475 0.939891 B 2.000000 4.000000 18.000000 C[purple]
-40.104214 -1.540719 60.306611 0.267256 0.905703 0.329054 -0.963626 0.251191 0.091261 -0.000000 -0.341475 0.939891 B 2.000000 4.000000 18.000000 C[purple]
-40.440834 -7.748546 77.416991 0.390721 0.865178 0.314331 -0.920509 0.367235 0.133422 0.000000 -0.341475 0.939891 B 2.000000 4.000000 18.000000 C[purple]
-5.690195 -9.016267 -77.280182 0.435445 0.846104 0.307401 -0.900215 0.409271 0.148694 0.000000 -0.341475 0.939891 B 2.000000 4.000000 18.000000 C[purple]
-5.947674 -15.311456 -59.764675 0.506670 0.810318 0.294400 -0.862140 0.476214 0.173015 -0.000000 -0.341475 0.939891 B 2.000000 4.000000 18.000000 C[purple]
-5.679670 -21.648357 -42.709724 0.506217 0.810568 0.294491 -0.862406 0.475788 0.172860 0.000000 -0.341475 0.939891 B 2.000000 4.000000 18.000000 C[purple]
-5.791193 -27.620676 -25.533761 0.311214 0.893216 0.324518 -0.950340 0.292507 0.106272 0.000000 -0.341475 0.939891 B 2.000000 4.000000 18.000000 C[purple]
-6.049769 28.901897 -8.501052 0.166002 0.926850 0.336738 -0.986125 0.156024 0.056686 -0.000000 -0.341475 0.939891 B 2.000000 4.000000 18.000000 C[purple]
-5.892703 22.596597 8.387329 0.085040 0.936486 0.340238 -0.996378 0.079928 0.029039 -0.000000 -0.341475 0.939891 B 2.000000 4.000000 18.000000 C[purple]
-5.724560 16.166438 25.923287 0.325023 0.888860 0.322935 -0.945706 0.305486 0.110987 -0.000000 -0.341475 0.939891 B 2.000000 4.000000 18.000000 C[purple]
-5.408078 10.000048 43.005662 0.329304 0.887467 0.322429 -0.944224 0.309510 0.112449 0.000000 -0.341475 0.939891 B 2.000000 4.000000 18.000000 C[purple]
-5.055545 3.549093 60.236293 0.475318 0.826929 0.300435 -0.879814 0.446747 0.162309 -0.000000 -0.341475 0.939891 B 2.000000 4.000000 18.000000 C[purple]
-5.256213 -2.759833 77.376344 0.389147 0.865804 0.314559 -0.921176 0.365756 0.132884 0.000000 -0.341475 0.939891 B 2.000000 4.000000 18.000000 C[purple]
24.245897 -29.534209 -77.416411 0.395341 -0.863322 -0.313657 0.918534 0.371577 0.134999 0.000000 -0.341475 0.939891 B 2.000000 4.000000 18.000000 C[purple]
24.187512 27.113443 -60.125580 0.403864 -0.859830 -0.312388 0.914819 0.379588 0.137910 0.000000 -0.341475 0.939891 B 2.000000 4.000000 18.000000 C[purple]
24.337755 20.502323 -43.195855 0.415842 -0.854771 -0.310550 0.909437 0.390846 0.142000 0.000000 -0.341475 0.939891 B 2.000000 4.000000 18.000000 C[purple]
24.146310 14.423186 -25.903052 0.196658 -0.921537 -0.334807 0.980472 0.184837 0.067154 -0.000000 -0.341475 0.939891 B 2.000000 4.000000 18.000000 C[purple]
24.005254 8.178564 -8.593286 0.006497 -0.939871 -0.341468 0.999979 0.006106 0.002219 0.000000 -0.341475 0.939891 B 2.000000 4.000000 18.000000 C[purple]
24.132802 2.046345 8.645710 0.190964 -0.922594 -0.335191 0.981597 0.179485 0.065210 0.000000 -0.341475 0.939891 B 2.000000 4.000000 18.000000 C[purple]
24.307652 -4.329724 25.891945 -0.037063 -0.939245 -0.341241 0.999313 -0.034835 -0.012656 0.000000 -0.341475 0.939891 B 2.000000 4.000000 18.000000 C[purple]
24.549385 -10.792455 43.130286 0.032085 -0.939407 -0.341300 0.999485 0.030157 0.010956 0.000000 -0.341475 0.939891 B 2.000000 4.000000 18.000000 C[purple]
24.424579 -17.132632 60.160529 -0.030619 -0.939450 -0.341315 0.999531 -0.028779 -0.010456 -0.000000 -0.341475 0.939891 B 2.000000 4.000000 18.000000 C[purple]
24.457311 -23.261497 77.466518 0.042633 -0.939036 -0.341165 0.999091 0.040070 0.014558 -0.000000 -0.341475 0.939891 B 2.000000 4.000000 18.000000 C[purple]
-0.470500 13.467767 -77.204086 0.960261 -0.262326 -0.095307 0.279103 0.902541 0.327906 0.000000 -0.341475 0.939891 B 2.000000 4.000000 18.000000 C[purple]
-0.662590 7.049785 -60.150839 0.913806 -0.381737 -0.138691 0.406151 0.858878 0.312042 -0.000000 -0.341475 0.939891 B 2.000000 4.000000 18.000000 C[purple]
-0.718005 0.660156 -43.158009 0.969756 -0.229405 -0.083346 0.244076 0.911465 0.331148 0.000000 -0.341475 0.939891 B 2.000000 4.000000 18.000000 C[purple]
-0.498946 -5.537799 -25.585393 0.992136 -0.117638 -0.042740 0.125162 0.932500 0.338790 0.000000 -0.341475 0.939891 B 2.000000 4.000000 18.000000 C[purple]
-0.325059 -11.758784 -8.685355 0.974394 -0.211333 -0.076780 0.224848 0.915824 0.332732 -0.000000 -0.341475 0.939891 B 2.000000 4.000000 18.000000 C[purple]
-0.409444 -18.004295 8.428845 0.847977 -0.498173 -0.180993 0.530033 0.797005 0.289563 0.000000 -0.341475 0.939891 B 2.000000 4.000000 18.000000 C[purple]
-0.317206 -23.826343 25.598503 0.823933 -0.532625 -0.193510 0.566688 0.774407 0.281353 0.000000 -0.341475 0.939891 B 2.000000 4.000000 18.000000 C[purple]
-0.457419 -30.324065 42.497690 0.917823 -0.373127 -0.135562 0.396989 0.862654 0.313414 0.000000 -0.341475 0.939891 B 2.000000 4.000000 18.000000 C[purple]
-0.511999 25.618790 60.028040 0.973954 -0.213116 -0.077428 0.226745 0.915410 0.332581 -0.000000 -0.341475 0.939891 B 2.000000 4.000000 18.000000 C[purple]
-0.310200 19.579516 77.378746 0.961080 -0.259663 -0.094339 0.276269 0.903310 0.328185 0.000000 -0.341475 0.939891 B 2.000000 4.000000 18.000000 C[purple]
-28.154174 30.113088 77.331233 0.792828 0.572812 0.208110 -0.609445 0.745172 0.270731 0.000000 -0.341475 0.939891 B 2.000000 4.000000 18.000000 C[purple]
-28.198839 23.854985 -77.095463 0.612905 0.742661 0.269819 -0.790157 0.576064 0.209292 0.000000 -0.341475 0.939891 B 2.000000 4.000000 18.000000 C[purple]
-28.044889 17.454927 -60.215747 0.574254 0.769467 0.279558 -0.818677 0.539736 0.196093 0.000000 -0.341475 0.939891 B 2.000000 4.000000 18.000000 C[purple]
-27.725461 11.192224 -43.202081 0.736476 0.635802 0.230996 -0.676464 0.692207 0.251488 0.000000 -0.341475 0.939891 B 2.000000 4.000000 18.000000 C[purple]
-28.189076 4.989703 -26.013648 0.734458 0.637861 0.231744 -0.678654 0.690310 0.250799 0.000000 -0.341475 0.939891 B 2.000000 4.000000 18.000000 C[purple]
-28.280722 -1.155671 -8.458050 0.775511 0.593385 0.215585 -0.631334 0.728896 0.264818 0.000000 -0.341475 0.939891 B 2.000000 4.000000 18.000000 C[purple]
-28.039533 -7.469042 8.496396 0.810502 0.550528 0.200015 -0.585736 0.761783 0.276766 0.000000 -0.341475 0.939891 B 2.000000 4.000000 18.000000 C[purple]
-28.312650 -13.645664 25.894196 0.865735 0.470418 0.170909 -0.500503 0.813696 0.295627 -0.000000 -0.341475 0.939891 B 2.000000 4.000000 18.000000 C[purple]
-28.122040 -20.066589 42.931516 0.680557 0.688654 0.250197 -0.732695 0.639649 0.232393 -0.000000 -0.341475 0.939891 B 2.000000 4.000000 18.000000 C[purple]
-28.380183 -26.457121 60.278037 0.797158 0.567479 0.206173 -0.603771 0.749241 0.272210 0.000000 -0.341475 0.939891 B 2.000000 4.000000 18.000000 C[purple]
4.391112 15.383763 -77.118529 0.658184 -0.707604 -0.257082 0.752857 0.618621 0.224754 0.000000 -0.341475 0.939891 B 2.000000 4.000000 18.000000 C[purple]
4.501420 9.179702 -60.155200 0.672032 -0.696010 -0.252870 0.740523 0.631636 0.229482 -0.000000 -0.341475 0.939891 B 2.000000 4.000000 18.000000 C[purple]
4.379134 3.004338 -42.686900 0.819049 -0.539238 -0.195913 0.573724 0.769816 0.279685 -0.000000 -0.341475 0.939891 B 2.000000 4.000000 18.000000 C[purple]
4.300300 -3.430244 -25.297986 0.871114 -0.461562 -0.167692 0.491080 0.818752 0.297464 0.000000 -0.341475 0.939891 B 2.000000 4.000000 18.000000 C[purple]
4.401910 -9.503327 -7.987345 0.837090 -0.514181 -0.186809 0.547064 0.786774 0.285846 0.000000 -0.341475 0.939891 B 2.000000 4.000000 18.000000 C[purple]
4.489320 -15.706851 9.289271 0.517616 -0.804183 -0.292171 0.855613 0.486503 0.176753 0.000000 -0.341475 0.939891 B 2.000000 4.000000 18.000000 C[purple]
4.522263 -22.054222 26.307721 0.635365 -0.725795 -0.263692 0.772212 0.597173 0.216961 -0.000000 -0.341475 0.939891 B 2.000000 4.000000 18.000000 C[purple]
