-4.728575 31.212214 77.042488 0.943268 0.312075 0.113381 -0.332033 0.886569 0.322103 -0.000000 -0.341475 0.939891 B 2.000000 4.000000 18.000000 C[purple]
-4.719479 25.009768 -77.841157 0.954752 0.279526 0.101556 -0.297403 0.897363 0.326024 -0.000000 -0.341475 0.939891 B 2.000000 4.000000 18.000000 C[purple]
-4.729778 18.380321 -60.627678 0.938310 0.325010 0.118081 -0.345796 0.881909 0.320410 0.000000 -0.341475 0.939891 B 2.000000 4.000000 18.000000 C[purple]
-4.725664 11.942507 -43.541651 0.999975 0.006704 0.002436 -0.007132 0.939867 0.341467 0.000000 -0.341475 0.939891 B 2.000000 4.000000 18.000000 C[purple]
-4.530883 5.634139 -26.451754 0.989385 -0.136581 -0.049622 0.145316 0.929914 0.337851 0.000000 -0.341475 0.939891 B 2.000000 4.000000 18.000000 C[purple]
-4.652997 -0.290436 -8.915786 0.983386 -0.170617 -0.061988 0.181529 0.924275 0.335802 0.000000 -0.341475 0.939891 B 2.000000 4.000000 18.000000 C[purple]
-4.611768 -6.233652 8.368201 0.999630 0.025553 0.009284 -0.027187 0.939543 0.341349 -0.000000 -0.341475 0.939891 B 2.000000 4.000000 18.000000 C[purple]
-4.713649 -12.367014 25.635791 0.959805 0.263798 0.095841 -0.280669 0.902112 0.327750 -0.000000 -0.341475 0.939891 B 2.000000 4.000000 18.000000 C[purple]
-4.804963 -18.884574 42.794196 0.888349 0.431569 0.156795 -0.459169 0.834951 0.303349 0.000000 -0.341475 0.939891 B 2.000000 4.000000 18.000000 C[purple]
-4.577000 -25.013459 59.795231 0.893160 0.422706 0.153575 -0.449740 0.839472 0.304992 -0.000000 -0.341475 0.939891 B 2.000000 4.000000 18.000000 C[purple]
-18.563127 -0.284389 -77.687711 0.872328 0.459532 0.166954 -0.488920 0.819893 0.297879 0.000000 -0.341475 0.939891 B 2.000000 4.000000 18.000000 C[purple]
-18.497686 -6.349946 -60.429190 0.968887 0.232625 0.084516 -0.247502 0.910648 0.330851 0.000000 -0.341475 0.939891 B 2.000000 4.000000 18.000000 C[purple]
-18.839367 -12.379922 -43.046776 0.979333 0.190098 0.069065 -0.202256 0.920466 0.334418 0.000000 -0.341475 0.939891 B 2.000000 4.000000 18.000000 C[purple]
-18.890828 -18.836294 -25.917087 0.997618 -0.064834 -0.023555 0.068980 0.937652 0.340662 0.000000 -0.341475 0.939891 B 2.000000 4.000000 18.000000 C[purple]
-18.760240 -25.384246 -8.863175 0.987351 -0.149020 -0.054141 0.158550 0.928002 0.337156 0.000000 -0.341475 0.939891 B 2.000000 4.000000 18.000000 C[purple]
-18.710078 30.955070 8.304627 0.995678 0.087290 0.031714 -0.092873 0.935828 0.340000 -0.000000 -0.341475 0.939891 B 2.000000 4.000000 18.000000 C[purple]
-18.451367 24.768773 25.543072 0.993874 0.103879 0.037741 -0.110523 0.934133 0.339383 0.000000 -0.341475 0.939891 B 2.000000 4.000000 18.000000 C[purple]
-18.624927 18.667374 42.795311 0.935006 0.333314 0.121098 -0.354631 0.878804 0.319282 -0.000000 -0.341475 0.939891 B 2.000000 4.000000 18.000000 C[purple]
-18.669952 12.426020 60.271911 0.982538 0.174877 0.063535 -0.186061 0.923479 0.335513 0.000000 -0.341475 0.939891 B 2.000000 4.000000 18.000000 C[purple]
-18.451533 5.972822 77.327093 0.950322 0.292559 0.106291 -0.311269 0.893199 0.324512 0.000000 -0.341475 0.939891 B 2.000000 4.000000 18.000000 C[purple]
-50.208115 -4.832328 77.285020 -0.458487 0.835282 0.303470 -0.888701 -0.430927 -0.156562 -0.000000 -0.341475 0.939891 B 2.000000 4.000000 18.000000 C[purple]
-50.134790 -11.340726 -77.697277 -0.495443 0.816427 0.296619 -0.868640 -0.465662 -0.169182 0.000000 -0.341475 0.939891 B 2.000000 4.000000 18.000000 C[purple]
50.169972 -17.455754 -60.235188 -0.451955 0.838421 0.304610 -0.892041 -0.424789 -0.154332 -0.000000 -0.341475 0.939891 B 2.000000 4.000000 18.000000 C[purple]
49.927321 -23.566967 -43.296732 -0.428575 0.849197 0.308525 -0.903506 -0.402814 -0.146348 -0.000000 -0.341475 0.939891 B 2.000000 4.000000 18.000000 C[purple]
50.097350 -30.026661 -25.802955 -0.470300 0.829460 0.301354 -0.882507 -0.442031 -0.160596 0.000000 -0.341475 0.939891 B 2.000000 4.000000 18.000000 C[purple]
50.083063 26.306088 -8.378693 -0.225746 0.915628 0.332661 -0.974186 -0.212177 -0.077087 0.000000 -0.341475 0.939891 B 2.000000 4.000000 18.000000 C[purple]
49.983475 19.713610 8.996814 -0.321874 0.889872 0.323303 -0.946783 -0.302526 -0.109912 0.000000 -0.341475 0.939891 B 2.000000 4.000000 18.000000 C[purple]
50.112925 13.802866 26.236046 -0.207381 0.919458 0.334052 -0.978260 -0.194915 -0.070815 -0.000000 -0.341475 0.939891 B 2.000000 4.000000 18.000000 C[purple]
50.160405 7.717586 43.182205 -0.452141 0.838332 0.304578 -0.891947 -0.424963 -0.154395 -0.000000 -0.341475 0.939891 B 2.000000 4.000000 18.000000 C[purple]
-50.115763 1.245849 60.197793 -0.426721 0.850021 0.308825 -0.904383 -0.401071 -0.145715 -0.000000 -0.341475 0.939891 B 2.000000 4.000000 18.000000 C[purple]
-13.974698 -16.957389 77.791694 0.927729 0.350819 0.127458 -0.373255 0.871964 0.316797 0.000000 -0.341475 0.939891 B 2.000000 4.000000 18.000000 C[purple]
-14.122024 -23.240679 -76.955595 0.786896 0.579993 0.210720 -0.617086 0.739596 0.268706 0.000000 -0.341475 0.939891 B 2.000000 4.000000 18.000000 C[purple]
-14.158917 -29.470274 -59.653007 0.959607 0.264431 0.096072 -0.281343 0.901926 0.327682 0.000000 -0.341475 0.939891 B 2.000000 4.000000 18.000000 C[purple]
-13.856532 26.799761 -42.457036 0.946895 0.302214 0.109799 -0.321542 0.889978 0.323341 -0.000000 -0.341475 0.939891 B 2.000000 4.000000 18.000000 C[purple]
-13.874233 20.656407 -25.208666 0.975119 0.208357 0.075699 -0.221682 0.916505 0.332979 -0.000000 -0.341475 0.939891 B 2.000000 4.000000 18.000000 C[purple]
-14.151379 14.351733 -8.228063 0.990677 0.128040 0.046519 -0.136229 0.931129 0.338292 -0.000000 -0.341475 0.939891 B 2.000000 4.000000 18.000000 C[purple]
-13.981124 8.228983 8.705000 0.979966 0.187193 0.068010 -0.199164 0.921061 0.334634 0.000000 -0.341475 0.939891 B 2.000000 4.000000 18.000000 C[purple]
-13.636718 1.923988 25.960192 0.945040 0.307302 0.111647 -0.326956 0.888234 0.322708 0.000000 -0.341475 0.939891 B 2.000000 4.000000 18.000000 C[purple]
-13.787151 -4.492914 43.112324 0.998501 0.051444 0.018690 -0.054734 0.938482 0.340964 -0.000000 -0.341475 0.939891 B 2.000000 4.000000 18.000000 C[purple]
-13.741433 -10.855750 60.325143 0.950924 0.290825 0.105661 -0.309424 0.893765 0.324717 0.000000 -0.341475 0.939891 B 2.000000 4.000000 18.000000 C[purple]
-45.063901 30.307415 77.071364 -0.197011 -0.921470 -0.334783 0.980401 -0.185169 -0.067274 0.000000 -0.341475 0.939891 B 2.000000 4.000000 18.000000 C[purple]
-45.169569 24.218508 -77.392133 -0.221998 -0.916438 -0.332955 0.975047 -0.208654 -0.075807 0.000000 -0.341475 0.939891 B 2.000000 4.000000 18.000000 C[purple]
-44.874550 17.990420 -60.148289 -0.032828 -0.939384 -0.341291 0.999461 -0.030854 -0.011210 0.000000 -0.341475 0.939891 B 2.000000 4.000000 18.000000 C[purple]
-44.725723 11.862384 -42.726942 -0.184659 -0.923727 -0.335603 0.982803 -0.173560 -0.063057 0.000000 -0.341475 0.939891 B 2.000000 4.000000 18.000000 C[purple]
-44.991294 5.576631 -25.660161 -0.191070 -0.922575 -0.335184 0.981577 -0.179584 -0.065246 -0.000000 -0.341475 0.939891 B 2.000000 4.000000 18.000000 C[purple]
-45.182730 -0.662021 -8.543839 -0.400682 -0.861144 -0.312866 0.916217 -0.376597 -0.136823 0.000000 -0.341475 0.939891 B 2.000000 4.000000 18.000000 C[purple]
-44.707176 -6.894098 8.661175 -0.367244 -0.874216 -0.317615 0.930125 -0.345169 -0.125405 0.000000 -0.341475 0.939891 B 2.000000 4.000000 18.000000 C[purple]
-44.804643 -13.149791 25.623643 -0.100891 -0.935095 -0.339733 0.994897 -0.094827 -0.034452 -0.000000 -0.341475 0.939891 B 2.000000 4.000000 18.000000 C[purple]
-44.816637 -19.473602 42.710096 0.081563 -0.936759 -0.340338 0.996668 0.076660 0.027852 0.000000 -0.341475 0.939891 B 2.000000 4.000000 18.000000 C[purple]
-45.115199 -25.705235 59.943272 -0.041391 -0.939085 -0.341183 0.999143 -0.038903 -0.014134 -0.000000 -0.341475 0.939891 B 2.000000 4.000000 18.000000 C[purple]
20.895206 -14.023774 78.285789 0.872473 -0.459290 -0.166866 0.488663 0.820029 0.297928 0.000000 -0.341475 0.939891 B 2.000000 4.000000 18.000000 C[purple]
21.055558 -19.930436 -76.615298 0.883174 -0.440852 -0.160168 0.469046 0.830087 0.301582 -0.000000 -0.341475 0.939891 B 2.000000 4.000000 18.000000 C[purple]
21.041813 -26.301105 -59.367823 0.963167 -0.252739 -0.091824 0.268902 0.905272 0.328898 -0.000000 -0.341475 0.939891 B 2.000000 4.000000 18.000000 C[purple]
21.088246 29.660510 -42.339495 0.991804 -0.120090 -0.043630 0.127770 0.932187 0.338677 0.000000 -0.341475 0.939891 B 2.000000 4.000000 18.000000 C[purple]
20.993595 23.266027 -25.489082 0.993870 -0.103913 -0.037753 0.110559 0.934129 0.339382 -0.000000 -0.341475 0.939891 B 2.000000 4.000000 18.000000 C[purple]
20.801965 17.420368 -8.324179 0.999826 -0.017511 -0.006362 0.018631 0.939728 0.341416 0.000000 -0.341475 0.939891 B 2.000000 4.000000 18.000000 C[purple]
20.850747 11.190491 8.621239 0.982707 -0.174036 -0.063230 0.185166 0.923637 0.335570 0.000000 -0.341475 0.939891 B 2.000000 4.000000 18.000000 C[purple]
20.539370 4.705508 25.981693 0.993309 -0.108549 -0.039437 0.115491 0.933601 0.339190 0.000000 -0.341475 0.939891 B 2.000000 4.000000 18.000000 C[purple]
20.364768 -1.790032 43.431978 0.972923 -0.217238 -0.078926 0.231131 0.914441 0.332229 -0.000000 -0.341475 0.939891 B 2.000000 4.000000 18.000000 C[purple]
20.759593 -7.829779 60.781331 0.978435 -0.194138 -0.070533 0.206554 0.919622 0.334112 -0.000000 -0.341475 0.939891 B 2.000000 4.000000 18.000000 C[purple]
-0.160753 20.513227 -77.178008 0.999503 -0.029626 -0.010764 0.031521 0.939424 0.341306 0.000000 -0.341475 0.939891 B 2.000000 4.000000 18.000000 C[purple]
0.221556 14.235967 -60.093522 0.999258 0.036194 0.013150 -0.038509 0.939194 0.341222 0.000000 -0.341475 0.939891 B 2.000000 4.000000 18.000000 C[purple]
0.160005 8.244835 -42.771283 0.910911 0.387802 0.140894 -0.412603 0.856157 0.311054 0.000000 -0.341475 0.939891 B 2.000000 4.000000 18.000000 C[purple]
0.013933 1.976732 -25.628735 0.873575 0.457435 0.166193 -0.486690 0.821065 0.298304 0.000000 -0.341475 0.939891 B 2.000000 4.000000 18.000000 C[purple]
-0.109304 -4.153811 -8.200798 0.892416 0.424091 0.154078 -0.451213 0.838774 0.304738 -0.000000 -0.341475 0.939891 B 2.000000 4.000000 18.000000 C[purple]
-0.178924 -10.588579 8.940640 0.990773 0.127383 0.046280 -0.135529 0.931219 0.338325 0.000000 -0.341475 0.939891 B 2.000000 4.000000 18.000000 C[purple]
-0.224758 -16.776740 26.366830 0.993053 -0.110597 -0.040182 0.117670 0.933361 0.339103 0.000000 -0.341475 0.939891 B 2.000000 4.000000 18.000000 C[purple]
-0.412271 -23.153362 43.292085 0.990260 -0.130861 -0.047544 0.139230 0.930736 0.338149 0.000000 -0.341475 0.939891 B 2.000000 4.000000 18.000000 C[purple]
-0.168354 -29.402110 60.292180 0.987671 -0.147135 -0.053456 0.156545 0.928303 0.337265 0.000000 -0.341475 0.939891 B 2.000000 4.000000 18.000000 C[purple]
-0.123863 26.469333 77.373346 0.997960 -0.060007 -0.021801 0.063844 0.937973 0.340779 -0.000000 -0.341475 0.939891 B 2.000000 4.000000 18.000000 C[purple]
-10.703725 2.485192 77.267038 0.733612 0.638720 0.232056 -0.679568 0.689516 0.250511 -0.000000 -0.341475 0.939891 B 2.000000 4.000000 18.000000 C[purple]
-10.568248 -3.815201 -77.393117 0.520352 0.802621 0.291604 -0.853952 0.489074 0.177687 -0.000000 -0.341475 0.939891 B 2.000000 4.000000 18.000000 C[purple]
-10.281232 -10.080207 -60.377194 0.692207 0.678318 0.246443 -0.721699 0.650599 0.236372 0.000000 -0.341475 0.939891 B 2.000000 4.000000 18.000000 C[purple]
-10.084943 -16.420823 -43.398246 0.769444 0.600322 0.218105 -0.638714 0.723193 0.262746 0.000000 -0.341475 0.939891 B 2.000000 4.000000 18.000000 C[purple]
-10.141984 -22.667770 -25.860736 0.772380 0.596982 0.216892 -0.635161 0.725953 0.263749 0.000000 -0.341475 0.939891 B 2.000000 4.000000 18.000000 C[purple]
-10.315213 -28.920355 -8.959034 0.844582 0.503242 0.182835 -0.535426 0.793815 0.288404 0.000000 -0.341475 0.939891 B 2.000000 4.000000 18.000000 C[purple]
-10.186542 27.636016 8.285661 0.790951 0.575099 0.208942 -0.611879 0.743408 0.270090 0.000000 -0.341475 0.939891 B 2.000000 4.000000 18.000000 C[purple]
-10.252637 21.704049 25.566175 0.774567 0.594474 0.215981 -0.632492 0.728008 0.264495 -0.000000 -0.341475 0.939891 B 2.000000 4.000000 18.000000 C[purple]
-10.321989 15.187336 42.851913 0.645482 0.717866 0.260811 -0.763776 0.606682 0.220416 0.000000 -0.341475 0.939891 B 2.000000 4.000000 18.000000 C[purple]
-10.672987 8.846290 60.155543 0.672558 0.695561 0.252707 -0.740045 0.632131 0.229662 -0.000000 -0.341475 0.939891 B 2.000000 4.000000 18.000000 C[purple]
-16.665012 -11.922125 76.996788 0.064342 -0.937943 -0.340768 0.997928 0.060474 0.021971 -0.000000 -0.341475 0.939891 B 2.000000 4.000000 18.000000 C[purple]
-16.685302 -17.860491 -77.923304 -0.063916 -0.937969 -0.340777 0.997955 -0.060074 -0.021826 -0.000000 -0.341475 0.939891 B 2.000000 4.000000 18.000000 C[purple]
-16.581541 -24.440130 -60.666300 -0.167016 -0.926689 -0.336679 0.985954 -0.156977 -0.057032 0.000000 -0.341475 0.939891 B 2.000000 4.000000 18.000000 C[purple]
-16.953625 -30.611910 -43.296256 0.010422 -0.939840 -0.341457 0.999946 0.009795 0.003559 -0.000000 -0.341475 0.939891 B 2.000000 4.000000 18.000000 C[purple]
-16.974257 25.643499 -26.209340 -0.038572 -0.939191 -0.341221 0.999256 -0.036254 -0.013172 -0.000000 -0.341475 0.939891 B 2.000000 4.000000 18.000000 C[purple]
-16.895380 19.399691 -8.840009 -0.333951 -0.885932 -0.321871 0.942590 -0.313878 -0.114036 0.000000 -0.341475 0.939891 B 2.000000 4.000000 18.000000 C[purple]
-16.960222 13.180154 8.205455 0.098374 -0.935332 -0.339819 0.995150 0.092461 0.033592 -0.000000 -0.341475 0.939891 B 2.000000 4.000000 18.000000 C[purple]
-16.606985 7.082541 25.596176 0.017228 -0.939751 -0.341425 0.999852 0.016192 0.005883 0.000000 -0.341475 0.939891 B 2.000000 4.000000 18.000000 C[purple]
-16.803449 0.810322 42.856332 -0.121708 -0.932904 -0.338937 0.992566 -0.114392 -0.041560 0.000000 -0.341475 0.939891 B 2.000000 4.000000 18.000000 C[purple]
-16.731634 -5.801877 60.006877 -0.166024 -0.926847 -0.336736 0.986122 -0.156044 -0.056693 0.000000 -0.341475 0.939891 B 2.000000 4.000000 18.000000 C[purple]
35.471459 9.797158 77.491344 0.997803 -0.062275 -0.022625 0.066257 0.937825 0.340725 0.000000 -0.341475 0.939891 B 2.000000 4.000000 18.000000 C[purple]
35.173521 3.778633 -77.130485 0.999498 -0.029778 -0.010819 0.031682 0.939419 0.341304 -0.000000 -0.341475 0.939891 B 2.000000 4.000000 18.000000 C[purple]
35.144164 -2.211057 -60.009098 0.948905 -0.296593 -0.107756 0.315561 0.891867 0.324028 -0.000000 -0.341475 0.939891 B 2.000000 4.000000 18.000000 C[purple]
35.283231 -8.643114 -42.716013 0.964050 -0.249748 -0.090737 0.265720 0.906102 0.329199 0.000000 -0.341475 0.939891 B 2.000000 4.000000 18.000000 C[purple]
35.157026 -15.070853 -25.714055 0.999335 0.034271 0.012451 -0.036462 0.939266 0.341248 -0.000000 -0.341475 0.939891 B 2.000000 4.000000 18.000000 C[purple]
35.020840 -21.694679 -8.470935 0.999773 0.020041 0.007281 -0.021323 0.939677 0.341398 0.000000 -0.341475 0.939891 B 2.000000 4.000000 18.000000 C[purple]
35.273333 -27.670150 8.776586 0.997627 -0.064710 -0.023510 0.068848 0.937660 0.340665 0.000000 -0.341475 0.939891 B 2.000000 4.000000 18.000000 C[purple]
35.363269 28.359636 25.901447 0.965338 0.245313 0.089126 -0.261002 0.907313 0.329639 0.000000 -0.341475 0.939891 B 2.000000 4.000000 18.000000 C[purple]
35.348153 22.456457 43.210227 0.999999 -0.001603 -0.000582 0.001705 0.939889 0.341475 0.000000 -0.341475 0.939891 B 2.000000 4.000000 18.000000 C[purple]
35.631461 16.069182 60.349575 0.996173 -0.082150 -0.029846 0.087403 0.936294 0.340169 0.000000 -0.341475 0.939891 B 2.000000 4.000000 18.000000 C[purple]
-20.806789 23.614321 -76.617695 0.405713 0.859060 0.312109 -0.914000 0.381326 0.138541 0.000000 -0.341475 0.939891 B 2.000000 4.000000 18.000000 C[purple]
-20.867245 17.140049 -59.276547 0.485376 0.821752 0.298554 -0.874305 0.456200 0.165744 0.000000 -0.341475 0.939891 B 2.000000 4.000000 18.000000 C[purple]
-20.675798 10.878140 -42.338988 0.324965 0.888879 0.322942 -0.945726 0.305432 0.110968 -0.000000 -0.341475 0.939891 B 2.000000 4.000000 18.000000 C[purple]
-20.701604 5.020081 -25.313490 0.404726 0.859472 0.312258 -0.914438 0.380398 0.138204 0.000000 -0.341475 0.939891 B 2.000000 4.000000 18.000000 C[purple]
-20.428837 -1.047701 -8.259618 0.545211 0.787909 0.286258 -0.838299 0.512439 0.186176 -0.000000 -0.341475 0.939891 B 2.000000 4.000000 18.000000 C[purple]
-20.389705 -7.577040 9.127333 0.473264 0.827969 0.300813 -0.880921 0.444816 0.161608 0.000000 -0.341475 0.939891 B 2.000000 4.000000 18.000000 C[purple]
-20.348871 -14.018483 26.325483 0.230524 0.914576 0.332278 -0.973067 0.216667 0.078718 0.000000 -0.341475 0.939891 B 2.000000 4.000000 18.000000 C[purple]
-20.528387 -20.513622 43.344672 0.272457 0.904333 0.328557 -0.962168 0.256080 0.093037 0.000000 -0.341475 0.939891 B 2.000000 4.000000 18.000000 C[purple]
-20.560620 -26.711416 60.686428 0.079643 0.936905 0.340391 -0.996823 0.074856 0.027196 0.000000 -0.341475 0.939891 B 2.000000 4.000000 18.000000 C[purple]
-20.425746 29.683257 78.095804 0.233154 0.913987 0.332064 -0.972440 0.219139 0.079616 0.000000 -0.341475 0.939891 B 2.000000 4.000000 18.000000 C[purple]
11.555603 21.559220 -77.401089 0.962550 0.254808 0.092575 -0.271104 0.904692 0.328687 0.000000 -0.341475 0.939891 B 2.000000 4.000000 18.000000 C[purple]
11.592290 15.226553 -60.546829 0.900711 0.408306 0.148343 -0.434419 0.846570 0.307571 -0.000000 -0.341475 0.939891 B 2.000000 4.000000 18.000000 C[purple]
11.647680 8.624049 -43.339597 0.776596 0.592130 0.215129 -0.629999 0.729916 0.265189 0.000000 -0.341475 0.939891 B 2.000000 4.000000 18.000000 C[purple]
11.324412 2.522720 -26.301468 0.850915 0.493728 0.179378 -0.525303 0.799767 0.290567 -0.000000 -0.341475 0.939891 B 2.000000 4.000000 18.000000 C[purple]
11.381877 -3.619782 -8.862744 0.730333 0.642031 0.233259 -0.683091 0.686433 0.249391 -0.000000 -0.341475 0.939891 B 2.000000 4.000000 18.000000 C[purple]
11.091007 -9.654716 8.558430 0.596588 0.754307 0.274050 -0.802548 0.560727 0.203720 0.000000 -0.341475 0.939891 B 2.000000 4.000000 18.000000 C[purple]
11.100584 -16.231559 25.593149 0.715677 0.656449 0.238497 -0.698432 0.672658 0.244386 0.000000 -0.341475 0.939891 B 2.000000 4.000000 18.000000 C[purple]
11.492743 -22.524023 42.658874 0.733965 0.638361 0.231926 -0.679187 0.689847 0.250631 0.000000 -0.341475 0.939891 B 2.000000 4.000000 18.000000 C[purple]
11.641709 -28.609404 60.171138 0.739795 0.632389 0.229756 -0.672833 0.695326 0.252622 -0.000000 -0.341475 0.939891 B 2.000000 4.000000 18.000000 C[purple]
11.574752 27.810249 77.343558 0.858667 0.481726 0.175018 -0.512534 0.807053 0.293214 0.000000 -0.341475 0.939891 B 2.000000 4.000000 18.000000 C[purple]
-43.901542 11.446513 77.209977 -0.094844 0.935654 0.339936 -0.995492 -0.089143 -0.032387 0.000000 -0.341475 0.939891 B 2.000000 4.000000 18.000000 C[purple]
-43.863018 5.295268 -77.551484 0.212334 0.918458 0.333689 -0.977197 0.199571 0.072507 0.000000 -0.341475 0.939891 B 2.000000 4.000000 18.000000 C[purple]
-43.571203 -0.936463 -60.045235 0.122373 0.932827 0.338909 -0.992484 0.115017 0.041787 0.000000 -0.341475 0.939891 B 2.000000 4.000000 18.000000 C[purple]
-43.373909 -7.234484 -43.085303 0.254188 0.909020 0.330260 -0.967155 0.238909 0.086799 -0.000000 -0.341475 0.939891 B 2.000000 4.000000 18.000000 C[purple]
-43.578603 -13.602711 -25.616139 0.124999 0.932519 0.338797 -0.992157 0.117485 0.042684 0.000000 -0.341475 0.939891 B 2.000000 4.000000 18.000000 C[purple]
-43.511634 -20.070191 -8.488345 0.082421 0.936693 0.340314 -0.996598 0.077466 0.028145 -0.000000 -0.341475 0.939891 B 2.000000 4.000000 18.000000 C[purple]
-43.777866 -26.333655 8.697218 0.007807 0.939862 0.341465 -0.999970 0.007338 0.002666 0.000000 -0.341475 0.939891 B 2.000000 4.000000 18.000000 C[purple]
-43.461132 29.962037 25.700248 -0.152113 0.928953 0.337502 -0.988363 -0.142970 -0.051943 0.000000 -0.341475 0.939891 B 2.000000 4.000000 18.000000 C[purple]
-43.514618 23.889545 43.172254 -0.150937 0.929123 0.337563 -0.988543 -0.141865 -0.051541 -0.000000 -0.341475 0.939891 B 2.000000 4.000000 18.000000 C[purple]
-43.753340 17.536992 60.122338 -0.348917 0.880822 0.320015 -0.937153 -0.327944 -0.119147 -0.000000 -0.341475 0.939891 B 2.000000 4.000000 18.000000 C[purple]
41.210993 5.631693 77.236683 0.606618 -0.747207 -0.271471 0.794994 0.570154 0.207145 -0.000000 -0.341475 0.939891 B 2.000000 4.000000 18.000000 C[purple]
41.010868 -0.582521 -77.623186 0.628516 -0.731044 -0.265598 0.777796 0.590737 0.214623 -0.000000 -0.341475 0.939891 B 2.000000 4.000000 18.000000 C[purple]
40.986676 -6.992782 -60.370275 0.650895 -0.713535 -0.259237 0.759168 0.611770 0.222265 -0.000000 -0.341475 0.939891 B 2.000000 4.000000 18.000000 C[purple]
41.156556 -13.255885 -43.415646 0.801707 -0.561789 -0.204106 0.597718 0.753517 0.273763 0.000000 -0.341475 0.939891 B 2.000000 4.000000 18.000000 C[purple]
41.026273 -19.372298 -25.915054 0.899448 -0.410759 -0.149234 0.437028 0.845383 0.307139 -0.000000 -0.341475 0.939891 B 2.000000 4.000000 18.000000 C[purple]
41.267268 -25.469798 -8.810537 0.807212 -0.554782 -0.201560 0.590262 0.758691 0.275643 0.000000 -0.341475 0.939891 B 2.000000 4.000000 18.000000 C[purple]
41.538836 31.003585 8.176932 0.869190 -0.464755 -0.168852 0.494478 0.816944 0.296807 -0.000000 -0.341475 0.939891 B 2.000000 4.000000 18.000000 C[purple]
41.418921 24.945337 25.495635 0.773304 -0.595924 -0.216507 0.634035 0.726822 0.264064 0.000000 -0.341475 0.939891 B 2.000000 4.000000 18.000000 C[purple]
41.301018 18.462500 42.907496 0.715985 -0.656152 -0.238389 0.698116 0.672948 0.244491 0.000000 -0.341475 0.939891 B 2.000000 4.000000 18.000000 C[purple]
41.333717 12.031115 60.189427 0.754486 -0.616865 -0.224116 0.656316 0.709135 0.257638 -0.000000 -0.341475 0.939891 B 2.000000 4.000000 18.000000 C[purple]
13.544589 12.765860 76.923581 0.932962 -0.338337 -0.122923 0.359975 0.876882 0.318584 0.000000 -0.341475 0.939891 B 2.000000 4.000000 18.000000 C[purple]
13.795682 6.512874 -77.984075 0.906264 -0.397302 -0.144346 0.422711 0.851789 0.309467 0.000000 -0.341475 0.939891 B 2.000000 4.000000 18.000000 C[purple]
13.592489 0.113201 -60.992735 0.935952 -0.330962 -0.120243 0.352128 0.879692 0.319605 0.000000 -0.341475 0.939891 B 2.000000 4.000000 18.000000 C[purple]
13.438834 -6.241337 -43.466201 0.856493 -0.485133 -0.176255 0.516158 0.805010 0.292471 -0.000000 -0.341475 0.939891 B 2.000000 4.000000 18.000000 C[purple]
13.451949 -12.549209 -26.008158 0.687613 -0.682434 -0.247938 0.726078 0.646281 0.234803 0.000000 -0.341475 0.939891 B 2.000000 4.000000 18.000000 C[purple]
13.498848 -18.861720 -8.983746 0.740382 -0.631782 -0.229535 0.672186 0.695878 0.252822 0.000000 -0.341475 0.939891 B 2.000000 4.000000 18.000000 C[purple]
13.601308 -24.993488 8.145768 0.933903 -0.336037 -0.122087 0.357528 0.877766 0.318905 0.000000 -0.341475 0.939891 B 2.000000 4.000000 18.000000 C[purple]
13.370382 30.836700 25.376314 0.942178 -0.314970 -0.114433 0.335114 0.885544 0.321730 0.000000 -0.341475 0.939891 B 2.000000 4.000000 18.000000 C[purple]
13.503432 24.838780 42.803412 0.899029 -0.411569 -0.149529 0.437890 0.844989 0.306996 -0.000000 -0.341475 0.939891 B 2.000000 4.000000 18.000000 C[purple]
13.164629 18.841246 59.890892 0.912921 -0.383605 -0.139369 0.408137 0.858046 0.311740 0.000000 -0.341475 0.939891 B 2.000000 4.000000 18.000000 C[purple]
6.327766 -19.927408 -77.269955 0.017938 0.939739 0.341420 -0.999839 0.016859 0.006125 0.000000 -0.341475 0.939891 B 2.000000 4.000000 18.000000 C[purple]
5.882177 -26.089039 -60.045210 0.156496 0.928310 0.337268 -0.987679 0.147089 0.053439 -0.000000 -0.341475 0.939891 B 2.000000 4.000000 18.000000 C[purple]
5.488479 30.076647 -42.791008 0.196009 0.921659 0.334851 -0.980602 0.184227 0.066932 -0.000000 -0.341475 0.939891 B 2.000000 4.000000 18.000000 C[purple]
5.781726 23.784602 -25.913824 0.350814 0.880156 0.319773 -0.936445 0.329727 0.119794 0.000000 -0.341475 0.939891 B 2.000000 4.000000 18.000000 C[purple]
6.093813 17.518197 -8.427326 0.379935 0.869411 0.315869 -0.925013 0.357097 0.129738 0.000000 -0.341475 0.939891 B 2.000000 4.000000 18.000000 C[purple]
5.952614 11.090020 8.449405 0.402631 0.860341 0.312574 -0.915362 0.378429 0.137489 0.000000 -0.341475 0.939891 B 2.000000 4.000000 18.000000 C[purple]
5.660951 4.829734 25.997345 0.353782 0.879106 0.319392 -0.935328 0.332516 0.120808 -0.000000 -0.341475 0.939891 B 2.000000 4.000000 18.000000 C[purple]
6.016741 -1.307231 43.152382 0.374644 0.871437 0.316605 -0.927169 0.352125 0.127932 0.000000 -0.341475 0.939891 B 2.000000 4.000000 18.000000 C[purple]
6.215972 -7.427731 60.551148 0.383022 0.868214 0.315434 -0.923739 0.359998 0.130792 0.000000 -0.341475 0.939891 B 2.000000 4.000000 18.000000 C[purple]
6.477882 -13.693839 77.538638 0.303386 0.895592 0.325381 -0.952868 0.285150 0.103599 -0.000000 -0.341475 0.939891 B 2.000000 4.000000 18.000000 C[purple]
30.628636 -25.059199 77.405026 -0.050722 0.938681 0.341036 -0.998713 -0.047673 -0.017320 0.000000 -0.341475 0.939891 B 2.000000 4.000000 18.000000 C[purple]
30.383147 31.160562 -77.342423 0.214879 0.917936 0.333499 -0.976641 0.201963 0.073376 -0.000000 -0.341475 0.939891 B 2.000000 4.000000 18.000000 C[purple]
30.276221 25.107925 -59.940319 0.245810 0.911053 0.330998 -0.969318 0.231035 0.083938 0.000000 -0.341475 0.939891 B 2.000000 4.000000 18.000000 C[purple]
30.286620 18.883337 -42.759656 0.117129 0.933421 0.339125 -0.993117 0.110088 0.039997 0.000000 -0.341475 0.939891 B 2.000000 4.000000 18.000000 C[purple]
30.342576 12.529251 -25.828998 -0.050707 0.938682 0.341036 -0.998714 -0.047659 -0.017315 -0.000000 -0.341475 0.939891 B 2.000000 4.000000 18.000000 C[purple]
30.114056 6.303493 -8.682482 0.068423 0.937688 0.340675 -0.997656 0.064310 0.023365 0.000000 -0.341475 0.939891 B 2.000000 4.000000 18.000000 C[purple]
30.514428 0.135747 8.588881 0.067157 0.937769 0.340705 -0.997742 0.063120 0.022932 0.000000 -0.341475 0.939891 B 2.000000 4.000000 18.000000 C[purple]
30.366446 -5.761774 25.652103 0.057540 0.938333 0.340910 -0.998343 0.054082 0.019649 -0.000000 -0.341475 0.939891 B 2.000000 4.000000 18.000000 C[purple]
30.499630 -12.105406 43.271890 -0.057561 0.938332 0.340909 -0.998342 -0.054101 -0.019656 0.000000 -0.341475 0.939891 B 2.000000 4.000000 18.000000 C[purple]
30.786352 -18.564826 60.417158 -0.082063 0.936721 0.340324 -0.996627 -0.077130 -0.028022 0.000000 -0.341475 0.939891 B 2.000000 4.000000 18.000000 C[purple]
28.941800 -0.922334 -77.474440 0.430977 0.848122 0.308135 -0.902363 0.405072 0.147168 0.000000 -0.341475 0.939891 B 2.000000 4.000000 18.000000 C[purple]
28.896926 -7.273820 -59.830819 0.529033 0.797593 0.289777 -0.848601 0.497233 0.180652 0.000000 -0.341475 0.939891 B 2.000000 4.000000 18.000000 C[purple]
28.780832 -13.435667 -42.770173 0.507130 0.810063 0.294307 -0.861870 0.476647 0.173172 -0.000000 -0.341475 0.939891 B 2.000000 4.000000 18.000000 C[purple]
28.935658 -19.537420 -25.713764 0.542317 0.789672 0.286899 -0.840174 0.509719 0.185188 -0.000000 -0.341475 0.939891 B 2.000000 4.000000 18.000000 C[purple]
28.876874 -25.553318 -8.450757 0.525701 0.799536 0.290483 -0.850669 0.494102 0.179514 -0.000000 -0.341475 0.939891 B 2.000000 4.000000 18.000000 C[purple]
29.064382 30.500159 8.799357 0.632244 0.728199 0.264565 -0.774770 0.594240 0.215896 -0.000000 -0.341475 0.939891 B 2.000000 4.000000 18.000000 C[purple]
29.342256 24.222278 25.892247 0.750447 0.621202 0.225691 -0.660930 0.705339 0.256259 -0.000000 -0.341475 0.939891 B 2.000000 4.000000 18.000000 C[purple]
29.160682 17.914832 43.043928 0.748907 0.622843 0.226287 -0.662676 0.703890 0.255733 0.000000 -0.341475 0.939891 B 2.000000 4.000000 18.000000 C[purple]
29.404928 11.490863 60.111582 0.597595 0.753603 0.273794 -0.801798 0.561674 0.204064 0.000000 -0.341475 0.939891 B 2.000000 4.000000 18.000000 C[purple]
29.165629 5.541665 77.390818 0.434608 0.846484 0.307540 -0.900620 0.408484 0.148408 -0.000000 -0.341475 0.939891 B 2.000000 4.000000 18.000000 C[purple]
-46.911459 -6.674284 -77.559823 -0.844430 -0.503468 -0.182917 0.535666 -0.793672 -0.288352 -0.000000 -0.341475 0.939891 B 2.000000 4.000000 18.000000 C[purple]
-46.909861 -13.236282 -60.315211 -0.722773 -0.649545 -0.235989 0.691085 -0.679328 -0.246809 0.000000 -0.341475 0.939891 B 2.000000 4.000000 18.000000 C[purple]
-46.913761 -19.242553 -42.936905 -0.744415 -0.627581 -0.228009 0.667717 -0.699669 -0.254200 0.000000 -0.341475 0.939891 B 2.000000 4.000000 18.000000 C[purple]
-46.962721 -25.269919 -25.783553 -0.805056 -0.557543 -0.202563 0.593199 -0.756664 -0.274907 0.000000 -0.341475 0.939891 B 2.000000 4.000000 18.000000 C[purple]
-46.875266 30.654723 -8.727632 -0.879494 -0.447304 -0.162512 0.475911 -0.826628 -0.300325 0.000000 -0.341475 0.939891 B 2.000000 4.000000 18.000000 C[purple]
-47.189145 24.725801 8.400533 -0.921925 -0.364083 -0.132277 0.387368 -0.866509 -0.314815 -0.000000 -0.341475 0.939891 B 2.000000 4.000000 18.000000 C[purple]
-47.025241 18.119528 25.546398 -0.948451 -0.297874 -0.108222 0.316924 -0.891440 -0.323873 -0.000000 -0.341475 0.939891 B 2.000000 4.000000 18.000000 C[purple]
-47.346928 11.904800 42.954336 -0.981596 -0.179489 -0.065211 0.190968 -0.922593 -0.335191 -0.000000 -0.341475 0.939891 B 2.000000 4.000000 18.000000 C[purple]
-47.210968 5.581020 60.308641 -0.961630 -0.257860 -0.093684 0.274351 -0.903827 -0.328373 -0.000000 -0.341475 0.939891 B 2.000000 4.000000 18.000000 C[purple]
-46.926053 -0.656555 77.299767 -0.946531 -0.303220 -0.110164 0.322612 -0.889636 -0.323217 0.000000 -0.341475 0.939891 B 2.000000 4.000000 18.000000 C[purple]
-32.824295 -31.086177 77.174190 0.488023 0.820365 0.298050 -0.872831 0.458689 0.166648 0.000000 -0.341475 0.939891 B 2.000000 4.000000 18.000000 C[purple]
-32.674322 24.965399 -77.619388 0.260759 0.907374 0.329662 -0.965404 0.245085 0.089043 0.000000 -0.341475 0.939891 B 2.000000 4.000000 18.000000 C[purple]
-32.641943 18.452883 -60.123259 0.359943 0.876894 0.318588 -0.932974 0.338307 0.122912 -0.000000 -0.341475 0.939891 B 2.000000 4.000000 18.000000 C[purple]
-32.774988 12.243927 -42.834570 0.314563 0.892179 0.324141 -0.949237 0.295655 0.107416 -0.000000 -0.341475 0.939891 B 2.000000 4.000000 18.000000 C[purple]
-32.604580 5.726224 -25.642739 0.417991 0.853845 0.310214 -0.908451 0.392866 0.142734 0.000000 -0.341475 0.939891 B 2.000000 4.000000 18.000000 C[purple]
-32.802108 -0.648029 -8.408702 0.623145 0.735095 0.267070 -0.782106 0.585688 0.212789 -0.000000 -0.341475 0.939891 B 2.000000 4.000000 18.000000 C[purple]
-32.890723 -6.554446 8.692626 0.557630 0.780193 0.283455 -0.830089 0.524112 0.190417 0.000000 -0.341475 0.939891 B 2.000000 4.000000 18.000000 C[purple]
-33.049892 -12.481316 25.802425 0.457765 0.835632 0.303597 -0.889073 0.430249 0.156315 -0.000000 -0.341475 0.939891 B 2.000000 4.000000 18.000000 C[purple]
-32.899372 -18.949710 42.837410 0.415240 0.855030 0.310644 -0.909712 0.390280 0.141794 -0.000000 -0.341475 0.939891 B 2.000000 4.000000 18.000000 C[purple]
-33.115121 -24.855075 60.198758 0.451286 0.838739 0.304726 -0.892379 0.424160 0.154103 -0.000000 -0.341475 0.939891 B 2.000000 4.000000 18.000000 C[purple]
34.852901 3.697421 78.040185 -0.608105 -0.746139 -0.271083 0.793857 -0.571552 -0.207653 0.000000 -0.341475 0.939891 B 2.000000 4.000000 18.000000 C[purple]
34.954122 -2.578799 -76.995922 -0.664273 -0.702559 -0.255249 0.747490 -0.624344 -0.226833 0.000000 -0.341475 0.939891 B 2.000000 4.000000 18.000000 C[purple]
34.573175 -8.979676 -59.877142 -0.667785 -0.699612 -0.254179 0.744355 -0.627645 -0.228032 0.000000 -0.341475 0.939891 B 2.000000 4.000000 18.000000 C[purple]
34.397794 -15.018673 -42.668300 -0.742288 -0.629803 -0.228816 0.670082 -0.697669 -0.253473 -0.000000 -0.341475 0.939891 B 2.000000 4.000000 18.000000 C[purple]
34.119779 -21.305412 -25.279368 -0.796615 -0.568152 -0.206418 0.604488 -0.748731 -0.272024 -0.000000 -0.341475 0.939891 B 2.000000 4.000000 18.000000 C[purple]
34.460347 -27.771222 -8.120602 -0.682989 -0.686523 -0.249423 0.730428 -0.641935 -0.233224 0.000000 -0.341475 0.939891 B 2.000000 4.000000 18.000000 C[purple]
34.609197 28.375696 9.056778 -0.774330 -0.594746 -0.216080 0.632782 -0.727785 -0.264415 -0.000000 -0.341475 0.939891 B 2.000000 4.000000 18.000000 C[purple]
34.380177 22.449896 26.388328 -0.852284 -0.491637 -0.178619 0.523079 -0.801054 -0.291034 -0.000000 -0.341475 0.939891 B 2.000000 4.000000 18.000000 C[purple]
34.518153 16.357622 43.326878 -0.694831 -0.675944 -0.245580 0.719173 -0.653065 -0.237268 -0.000000 -0.341475 0.939891 B 2.000000 4.000000 18.000000 C[purple]
34.585777 10.130421 60.497975 -0.546167 -0.787324 -0.286046 0.837677 -0.513337 -0.186502 -0.000000 -0.341475 0.939891 B 2.000000 4.000000 18.000000 C[purple]
25.165248 5.061959 -77.418721 0.933235 0.337671 0.122681 -0.359267 0.877139 0.318677 -0.000000 -0.341475 0.939891 B 2.000000 4.000000 18.000000 C[purple]
24.801825 -1.277490 -60.205613 0.951280 0.289796 0.105287 -0.308329 0.894099 0.324839 0.000000 -0.341475 0.939891 B 2.000000 4.000000 18.000000 C[purple]
25.122069 -7.472108 -42.950283 0.986163 0.155815 0.056610 -0.165780 0.926885 0.336750 -0.000000 -0.341475 0.939891 B 2.000000 4.000000 18.000000 C[purple]
25.056805 -13.869995 -26.088883 0.993416 0.107679 0.039121 -0.114566 0.933702 0.339227 0.000000 -0.341475 0.939891 B 2.000000 4.000000 18.000000 C[purple]
25.029499 -20.038673 -8.818403 0.897470 0.414563 0.150617 -0.441076 0.843524 0.306464 -0.000000 -0.341475 0.939891 B 2.000000 4.000000 18.000000 C[purple]
24.840134 -26.177885 8.152732 0.868119 0.466521 0.169494 -0.496357 0.815937 0.296441 -0.000000 -0.341475 0.939891 B 2.000000 4.000000 18.000000 C[purple]
25.127686 30.174617 25.291515 0.789870 0.576411 0.209418 -0.613275 0.742391 0.269721 0.000000 -0.341475 0.939891 B 2.000000 4.000000 18.000000 C[purple]
25.080715 23.876453 42.608776 0.873558 0.457464 0.166203 -0.486721 0.821049 0.298298 0.000000 -0.341475 0.939891 B 2.000000 4.000000 18.000000 C[purple]
25.128059 17.638926 59.909163 0.933979 0.335849 0.122018 -0.357327 0.877838 0.318931 0.000000 -0.341475 0.939891 B 2.000000 4.000000 18.000000 C[purple]
25.115058 11.523209 77.500080 0.849159 0.496391 0.180346 -0.528136 0.798117 0.289967 0.000000 -0.341475 0.939891 B 2.000000 4.000000 18.000000 C[purple]
0.924300 -1.459999 -77.211625 0.786092 -0.580955 -0.211069 0.618110 0.738841 0.268431 0.000000 -0.341475 0.939891 B 2.000000 4.000000 18.000000 C[purple]
1.085450 -7.813275 -59.859717 0.886131 -0.435578 -0.158252 0.463435 0.832866 0.302592 -0.000000 -0.341475 0.939891 B 2.000000 4.000000 18.000000 C[purple]
0.767304 -14.059787 -42.402973 0.918881 -0.370819 -0.134724 0.394534 0.863648 0.313775 -0.000000 -0.341475 0.939891 B 2.000000 4.000000 18.000000 C[purple]
0.722611 -20.491669 -25.465270 0.784422 -0.582946 -0.211793 0.620228 0.737271 0.267861 -0.000000 -0.341475 0.939891 B 2.000000 4.000000 18.000000 C[purple]
0.877379 -26.460487 -8.216683 0.680358 -0.688827 -0.250260 0.732879 0.639463 0.232326 -0.000000 -0.341475 0.939891 B 2.000000 4.000000 18.000000 C[purple]
1.209799 29.669157 9.063056 0.727012 -0.645352 -0.234465 0.686624 0.683312 0.248257 0.000000 -0.341475 0.939891 B 2.000000 4.000000 18.000000 C[purple]
1.065612 23.558736 26.017200 0.801391 -0.562187 -0.204250 0.598141 0.753220 0.273655 0.000000 -0.341475 0.939891 B 2.000000 4.000000 18.000000 C[purple]
0.770002 17.530846 43.273692 0.830705 -0.523250 -0.190104 0.556713 0.780772 0.283665 -0.000000 -0.341475 0.939891 B 2.000000 4.000000 18.000000 C[purple]
0.670398 11.336110 60.343805 0.583381 -0.763378 -0.277346 0.812198 0.548315 0.199210 -0.000000 -0.341475 0.939891 B 2.000000 4.000000 18.000000 C[purple]
0.685669 4.830868 77.467397 0.597630 -0.753578 -0.273785 0.801772 0.561707 0.204076 -0.000000 -0.341475 0.939891 B 2.000000 4.000000 18.000000 C[purple]
49.697344 -7.669507 -77.365477 0.545167 -0.787936 -0.286268 0.838327 0.512397 0.186161 0.000000 -0.341475 0.939891 B 2.000000 4.000000 18.000000 C[purple]
49.521639 -13.920287 -60.349437 0.712126 -0.659852 -0.239733 0.702052 0.669321 0.243174 0.000000 -0.341475 0.939891 B 2.000000 4.000000 18.000000 C[purple]
49.708546 -20.126136 -43.339561 0.515103 -0.805607 -0.292688 0.857128 0.484141 0.175895 -0.000000 -0.341475 0.939891 B 2.000000 4.000000 18.000000 C[purple]
50.029442 -26.313446 -26.140055 0.371302 -0.872700 -0.317064 0.928512 0.348983 0.126790 -0.000000 -0.341475 0.939891 B 2.000000 4.000000 18.000000 C[purple]
49.780100 30.070956 -9.012923 0.442477 -0.842875 -0.306228 0.896780 0.415880 0.151095 0.000000 -0.341475 0.939891 B 2.000000 4.000000 18.000000 C[purple]
49.741992 23.587892 8.418511 0.635987 -0.725313 -0.263517 0.771700 0.597758 0.217174 -0.000000 -0.341475 0.939891 B 2.000000 4.000000 18.000000 C[purple]
50.036617 17.237510 25.584891 0.466661 -0.831273 -0.302013 0.884436 0.438611 0.159353 0.000000 -0.341475 0.939891 B 2.000000 4.000000 18.000000 C[purple]
49.902957 10.916672 42.928399 0.652793 -0.712002 -0.258680 0.757537 0.613554 0.222913 -0.000000 -0.341475 0.939891 B 2.000000 4.000000 18.000000 C[purple]
49.926763 4.566938 60.485133 0.533515 -0.794951 -0.288817 0.845791 0.501446 0.182182 -0.000000 -0.341475 0.939891 B 2.000000 4.000000 18.000000 C[purple]
49.729840 -1.731366 77.559821 0.615058 -0.741087 -0.269247 0.788482 0.578087 0.210027 0.000000 -0.341475 0.939891 B 2.000000 4.000000 18.000000 C[purple]
-35.489596 26.412767 77.338162 -0.811770 0.548875 0.199414 -0.583977 -0.762975 -0.277199 -0.000000 -0.341475 0.939891 B 2.000000 4.000000 18.000000 C[purple]
-35.308985 20.528030 -77.463423 -0.935122 0.333027 0.120993 -0.354326 -0.878913 -0.319321 0.000000 -0.341475 0.939891 B 2.000000 4.000000 18.000000 C[purple]
-35.213845 13.848397 -60.289996 -0.947798 0.299703 0.108886 -0.318870 -0.890827 -0.323650 0.000000 -0.341475 0.939891 B 2.000000 4.000000 18.000000 C[purple]
-34.972278 7.765666 -43.003091 -0.825075 0.531060 0.192941 -0.565023 -0.775481 -0.281743 -0.000000 -0.341475 0.939891 B 2.000000 4.000000 18.000000 C[purple]
-35.098253 1.582594 -25.630187 -0.883853 0.439648 0.159730 -0.467765 -0.830725 -0.301814 0.000000 -0.341475 0.939891 B 2.000000 4.000000 18.000000 C[purple]
-35.238251 -4.371314 -8.564796 -0.940650 0.318977 0.115889 -0.339377 -0.884109 -0.321209 0.000000 -0.341475 0.939891 B 2.000000 4.000000 18.000000 C[purple]
-35.024932 -10.858758 8.627683 -0.959580 0.264521 0.096104 -0.281438 -0.901900 -0.327673 -0.000000 -0.341475 0.939891 B 2.000000 4.000000 18.000000 C[purple]
-35.248639 -17.463934 25.775098 -0.946680 0.302810 0.110015 -0.322176 -0.889776 -0.323268 -0.000000 -0.341475 0.939891 B 2.000000 4.000000 18.000000 C[purple]
-35.209105 -23.703150 43.018065 -0.769941 0.599759 0.217901 -0.638115 -0.723660 -0.262916 -0.000000 -0.341475 0.939891 B 2.000000 4.000000 18.000000 C[purple]
-35.584212 -30.002389 60.391492 -0.768667 0.601200 0.218424 -0.639649 -0.722463 -0.262481 0.000000 -0.341475 0.939891 B 2.000000 4.000000 18.000000 C[purple]
37.297890 -13.838563 77.352481 0.019633 -0.939710 -0.341410 0.999807 0.018453 0.006704 0.000000 -0.341475 0.939891 B 2.000000 4.000000 18.000000 C[purple]
37.363139 -20.253439 -77.671360 -0.072281 -0.937432 -0.340582 0.997384 -0.067936 -0.024682 0.000000 -0.341475 0.939891 B 2.000000 4.000000 18.000000 C[purple]
37.555414 -26.244060 -60.460485 -0.092151 -0.935892 -0.340022 0.995745 -0.086612 -0.031467 0.000000 -0.341475 0.939891 B 2.000000 4.000000 18.000000 C[purple]
37.605764 29.523070 -43.169092 -0.099404 -0.935236 -0.339784 0.995047 -0.093429 -0.033944 0.000000 -0.341475 0.939891 B 2.000000 4.000000 18.000000 C[purple]
37.615210 23.243677 -25.927329 -0.075754 -0.937190 -0.340494 0.997127 -0.071200 -0.025868 -0.000000 -0.341475 0.939891 B 2.000000 4.000000 18.000000 C[purple]
37.349009 16.954903 -8.609299 -0.027496 -0.939535 -0.341346 0.999622 -0.025843 -0.009389 -0.000000 -0.341475 0.939891 B 2.000000 4.000000 18.000000 C[purple]
37.631414 10.654532 8.909263 -0.190025 -0.922765 -0.335253 0.981779 -0.178603 -0.064889 -0.000000 -0.341475 0.939891 B 2.000000 4.000000 18.000000 C[purple]
