-39.092973 -19.425015 77.473363 -0.365198 0.874972 0.317890 -0.930930 -0.343246 -0.124706 0.000000 -0.341475 0.939891 B 2.000000 4.000000 18.000000 C[purple]
-39.025358 -25.898402 -77.416614 -0.581693 0.764515 0.277759 -0.813408 -0.546728 -0.198634 0.000000 -0.341475 0.939891 B 2.000000 4.000000 18.000000 C[purple]
-38.638603 30.565253 -60.148161 -0.487399 0.820693 0.298169 -0.873179 -0.458102 -0.166435 -0.000000 -0.341475 0.939891 B 2.000000 4.000000 18.000000 C[purple]
-38.480524 24.303625 -42.958553 -0.301530 0.896145 0.325582 -0.953457 -0.283405 -0.102965 0.000000 -0.341475 0.939891 B 2.000000 4.000000 18.000000 C[purple]
-38.740177 18.058422 -25.740879 -0.247073 0.910751 0.330889 -0.968997 -0.232222 -0.084369 0.000000 -0.341475 0.939891 B 2.000000 4.000000 18.000000 C[purple]
-38.738238 11.737335 -8.505457 -0.223403 0.916136 0.332845 -0.974726 -0.209974 -0.076287 -0.000000 -0.341475 0.939891 B 2.000000 4.000000 18.000000 C[purple]
-38.904847 5.481434 8.922103 -0.034073 0.939345 0.341277 -0.999419 -0.032025 -0.011635 -0.000000 -0.341475 0.939891 B 2.000000 4.000000 18.000000 C[purple]
-38.800645 -0.742045 26.274910 0.182239 0.924152 0.335757 -0.983254 0.171285 0.062230 -0.000000 -0.341475 0.939891 B 2.000000 4.000000 18.000000 C[purple]
-38.985981 -6.834430 43.215480 0.099081 0.935266 0.339795 -0.995079 0.093125 0.033834 0.000000 -0.341475 0.939891 B 2.000000 4.000000 18.000000 C[purple]
-38.980359 -13.010083 60.132103 -0.232799 0.914067 0.332093 -0.972525 -0.218805 -0.079495 -0.000000 -0.341475 0.939891 B 2.000000 4.000000 18.000000 C[purple]
-42.966498 8.275472 -77.735987 -0.207374 -0.919459 -0.334052 0.978262 -0.194909 -0.070813 0.000000 -0.341475 0.939891 B 2.000000 4.000000 18.000000 C[purple]
-42.927903 2.148631 -60.664721 -0.365959 -0.874691 -0.317788 0.930631 -0.343962 -0.124966 -0.000000 -0.341475 0.939891 B 2.000000 4.000000 18.000000 C[purple]
-42.841676 -4.090107 -43.342886 -0.250421 -0.909943 -0.330595 0.968137 -0.235368 -0.085513 0.000000 -0.341475 0.939891 B 2.000000 4.000000 18.000000 C[purple]
-43.178995 -10.449088 -26.038735 -0.050812 -0.938677 -0.341034 0.998708 -0.047758 -0.017351 -0.000000 -0.341475 0.939891 B 2.000000 4.000000 18.000000 C[purple]
-42.974476 -16.834967 -8.565195 0.107629 -0.934431 -0.339492 0.994191 0.101160 0.036753 0.000000 -0.341475 0.939891 B 2.000000 4.000000 18.000000 C[purple]
-43.148134 -22.964612 8.509671 -0.179244 -0.924669 -0.335945 0.983805 -0.168470 -0.061207 -0.000000 -0.341475 0.939891 B 2.000000 4.000000 18.000000 C[purple]
-42.968842 -29.200074 25.779100 0.224538 -0.915891 -0.332756 0.974465 0.211041 0.076674 0.000000 -0.341475 0.939891 B 2.000000 4.000000 18.000000 C[purple]
-42.977897 26.885131 42.843503 0.033242 -0.939371 -0.341287 0.999447 0.031244 0.011351 0.000000 -0.341475 0.939891 B 2.000000 4.000000 18.000000 C[purple]
-42.891040 20.683232 60.226351 -0.147009 -0.929679 -0.337765 0.989135 -0.138173 -0.050200 0.000000 -0.341475 0.939891 B 2.000000 4.000000 18.000000 C[purple]
-42.853654 14.579879 77.338981 0.044935 -0.938941 -0.341130 0.998990 0.042234 0.015344 0.000000 -0.341475 0.939891 B 2.000000 4.000000 18.000000 C[purple]
26.387048 19.265898 -77.480126 0.106942 -0.934501 -0.339517 0.994265 0.100514 0.036518 0.000000 -0.341475 0.939891 B 2.000000 4.000000 18.000000 C[purple]
26.414417 13.195698 -60.079580 -0.098061 -0.935361 -0.339830 0.995180 -0.092166 -0.033485 -0.000000 -0.341475 0.939891 B 2.000000 4.000000 18.000000 C[purple]
26.114493 6.944103 -42.826114 -0.283368 -0.901366 -0.327479 0.959011 -0.266335 -0.096763 0.000000 -0.341475 0.939891 B 2.000000 4.000000 18.000000 C[purple]
26.114562 0.544389 -25.996407 -0.355695 -0.878424 -0.319144 0.934602 -0.334315 -0.121461 -0.000000 -0.341475 0.939891 B 2.000000 4.000000 18.000000 C[purple]
26.184774 -5.971757 -8.466728 -0.256560 -0.908431 -0.330046 0.966528 -0.241138 -0.087609 -0.000000 -0.341475 0.939891 B 2.000000 4.000000 18.000000 C[purple]
26.123409 -11.901780 8.552948 -0.229793 -0.914739 -0.332337 0.973240 -0.215980 -0.078469 -0.000000 -0.341475 0.939891 B 2.000000 4.000000 18.000000 C[purple]
26.014972 -18.448859 26.080773 -0.154865 -0.928551 -0.337356 0.987936 -0.145557 -0.052883 -0.000000 -0.341475 0.939891 B 2.000000 4.000000 18.000000 C[purple]
26.157561 -24.712566 43.378546 -0.048332 -0.938792 -0.341076 0.998831 -0.045426 -0.016504 0.000000 -0.341475 0.939891 B 2.000000 4.000000 18.000000 C[purple]
26.085863 -30.603836 60.499796 -0.144323 -0.930051 -0.337900 0.989531 -0.135648 -0.049283 -0.000000 -0.341475 0.939891 B 2.000000 4.000000 18.000000 C[purple]
26.269649 25.733204 77.613653 0.179599 -0.924608 -0.335923 0.983740 0.168803 0.061329 0.000000 -0.341475 0.939891 B 2.000000 4.000000 18.000000 C[purple]
5.319759 -26.140698 -76.965430 0.998188 -0.056553 -0.020546 0.060170 0.938188 0.340857 0.000000 -0.341475 0.939891 B 2.000000 4.000000 18.000000 C[purple]
5.448819 30.305526 -59.628322 0.991703 0.120820 0.043895 -0.128547 0.932093 0.338642 -0.000000 -0.341475 0.939891 B 2.000000 4.000000 18.000000 C[purple]
5.413355 23.873025 -42.515193 0.964131 0.249472 0.090637 -0.265427 0.906178 0.329227 0.000000 -0.341475 0.939891 B 2.000000 4.000000 18.000000 C[purple]
5.367435 17.551089 -25.270576 0.984482 -0.164935 -0.059923 0.175483 0.925306 0.336177 0.000000 -0.341475 0.939891 B 2.000000 4.000000 18.000000 C[purple]
5.208273 11.543085 -7.935708 0.962362 -0.255435 -0.092803 0.271771 0.904515 0.328623 0.000000 -0.341475 0.939891 B 2.000000 4.000000 18.000000 C[purple]
5.012358 5.023868 8.976734 0.982176 -0.176663 -0.064184 0.187961 0.923139 0.335389 -0.000000 -0.341475 0.939891 B 2.000000 4.000000 18.000000 C[purple]
5.053793 -1.390834 26.058182 0.972744 -0.217944 -0.079182 0.231882 0.914273 0.332168 0.000000 -0.341475 0.939891 B 2.000000 4.000000 18.000000 C[purple]
5.247130 -7.348412 43.496942 0.918692 -0.371233 -0.134874 0.394975 0.863470 0.313711 0.000000 -0.341475 0.939891 B 2.000000 4.000000 18.000000 C[purple]
5.365661 -13.878862 60.620155 0.938797 -0.323766 -0.117629 0.344472 0.882366 0.320576 0.000000 -0.341475 0.939891 B 2.000000 4.000000 18.000000 C[purple]
5.466120 -19.847461 77.644743 0.997288 -0.069180 -0.025134 0.073604 0.937341 0.340549 -0.000000 -0.341475 0.939891 B 2.000000 4.000000 18.000000 C[purple]
39.411524 -30.879132 77.423161 0.637747 -0.723947 -0.263020 0.770246 0.599412 0.217775 -0.000000 -0.341475 0.939891 B 2.000000 4.000000 18.000000 C[purple]
39.491572 25.452936 -77.362136 0.546181 -0.787315 -0.286043 0.837667 0.513351 0.186508 -0.000000 -0.341475 0.939891 B 2.000000 4.000000 18.000000 C[purple]
39.754348 19.208234 -60.149710 0.462387 -0.833381 -0.302779 0.886678 0.434593 0.157894 -0.000000 -0.341475 0.939891 B 2.000000 4.000000 18.000000 C[purple]
40.002579 12.886132 -43.280906 0.445031 -0.841686 -0.305796 0.895515 0.418281 0.151967 0.000000 -0.341475 0.939891 B 2.000000 4.000000 18.000000 C[purple]
39.815567 6.757671 -26.307673 0.326524 -0.888374 -0.322759 0.945189 0.306897 0.111500 0.000000 -0.341475 0.939891 B 2.000000 4.000000 18.000000 C[purple]
39.888268 0.743021 -9.074531 0.374995 -0.871304 -0.316557 0.927027 0.352454 0.128051 -0.000000 -0.341475 0.939891 B 2.000000 4.000000 18.000000 C[purple]
39.468099 -5.638553 8.131194 0.269373 -0.905148 -0.328853 0.963036 0.253182 0.091984 -0.000000 -0.341475 0.939891 B 2.000000 4.000000 18.000000 C[purple]
39.432204 -11.760050 25.672052 0.313177 -0.892609 -0.324297 0.949695 0.294352 0.106942 -0.000000 -0.341475 0.939891 B 2.000000 4.000000 18.000000 C[purple]
39.499058 -18.183413 43.107667 0.308171 -0.894147 -0.324856 0.951331 0.289647 0.105233 0.000000 -0.341475 0.939891 B 2.000000 4.000000 18.000000 C[purple]
39.351950 -24.602584 60.366973 0.298993 -0.896896 -0.325855 0.954255 0.281020 0.102099 0.000000 -0.341475 0.939891 B 2.000000 4.000000 18.000000 C[purple]
36.250769 2.572817 -77.034809 0.930100 0.345227 0.125426 -0.367306 0.874193 0.317606 0.000000 -0.341475 0.939891 B 2.000000 4.000000 18.000000 C[purple]
36.115883 -3.664324 -59.802851 0.998027 0.059015 0.021441 -0.062790 0.938036 0.340802 0.000000 -0.341475 0.939891 B 2.000000 4.000000 18.000000 C[purple]
36.340581 -9.849178 -42.495235 0.999672 -0.024080 -0.008749 0.025620 0.939582 0.341363 0.000000 -0.341475 0.939891 B 2.000000 4.000000 18.000000 C[purple]
36.263097 -16.234493 -25.439880 0.965256 -0.245600 -0.089230 0.261307 0.907235 0.329611 0.000000 -0.341475 0.939891 B 2.000000 4.000000 18.000000 C[purple]
36.266559 -22.520339 -8.021062 0.950606 -0.291742 -0.105994 0.310400 0.893466 0.324609 0.000000 -0.341475 0.939891 B 2.000000 4.000000 18.000000 C[purple]
36.380082 -28.543320 9.145602 0.999795 -0.019033 -0.006915 0.020250 0.939698 0.341405 0.000000 -0.341475 0.939891 B 2.000000 4.000000 18.000000 C[purple]
36.205474 27.639834 26.230136 0.977961 0.196239 0.071296 -0.208789 0.919176 0.333949 -0.000000 -0.341475 0.939891 B 2.000000 4.000000 18.000000 C[purple]
36.097257 20.996910 43.250525 0.993364 0.108100 0.039274 -0.115013 0.933654 0.339209 -0.000000 -0.341475 0.939891 B 2.000000 4.000000 18.000000 C[purple]
36.136301 14.800493 60.486520 0.988945 0.139370 0.050635 -0.148284 0.929500 0.337700 -0.000000 -0.341475 0.939891 B 2.000000 4.000000 18.000000 C[purple]
36.159516 8.645844 77.920447 0.988270 0.143539 0.052150 -0.152719 0.928865 0.337470 -0.000000 -0.341475 0.939891 B 2.000000 4.000000 18.000000 C[purple]
22.862558 -29.545330 77.559908 0.904697 -0.400445 -0.145487 0.426055 0.850316 0.308932 -0.000000 -0.341475 0.939891 B 2.000000 4.000000 18.000000 C[purple]
22.550934 26.456242 -77.486851 0.892945 -0.423106 -0.153720 0.450165 0.839271 0.304919 -0.000000 -0.341475 0.939891 B 2.000000 4.000000 18.000000 C[purple]
22.593370 20.003001 -60.471942 0.874062 -0.456612 -0.165894 0.485814 0.821523 0.298471 -0.000000 -0.341475 0.939891 B 2.000000 4.000000 18.000000 C[purple]
22.457951 14.140368 -43.209880 0.876662 -0.452189 -0.164286 0.481108 0.823966 0.299358 0.000000 -0.341475 0.939891 B 2.000000 4.000000 18.000000 C[purple]
22.425501 7.584827 -26.304735 0.938466 -0.324612 -0.117936 0.345372 0.882055 0.320463 0.000000 -0.341475 0.939891 B 2.000000 4.000000 18.000000 C[purple]
22.458353 1.644676 -8.854251 0.972429 -0.219180 -0.079631 0.233197 0.913977 0.332061 -0.000000 -0.341475 0.939891 B 2.000000 4.000000 18.000000 C[purple]
22.575346 -4.428966 8.348879 0.996211 -0.081746 -0.029699 0.086974 0.936329 0.340181 0.000000 -0.341475 0.939891 B 2.000000 4.000000 18.000000 C[purple]
22.781133 -10.478826 25.529164 0.970682 -0.225918 -0.082079 0.240366 0.912335 0.331464 0.000000 -0.341475 0.939891 B 2.000000 4.000000 18.000000 C[purple]
22.688975 -17.129780 42.990382 0.967675 -0.237040 -0.086120 0.252199 0.909509 0.330437 -0.000000 -0.341475 0.939891 B 2.000000 4.000000 18.000000 C[purple]
22.891961 -23.267203 60.187135 0.845149 -0.502401 -0.182529 0.534531 0.794347 0.288598 0.000000 -0.341475 0.939891 B 2.000000 4.000000 18.000000 C[purple]
-38.822025 -1.331842 77.654873 -0.101406 -0.935046 -0.339715 0.994845 -0.095310 -0.034628 0.000000 -0.341475 0.939891 B 2.000000 4.000000 18.000000 C[purple]
-38.747136 -7.292608 -77.263834 -0.230082 -0.914675 -0.332314 0.973171 -0.216252 -0.078567 0.000000 -0.341475 0.939891 B 2.000000 4.000000 18.000000 C[purple]
-38.795375 -13.496183 -60.217433 -0.112195 -0.933956 -0.339319 0.993686 -0.105451 -0.038312 -0.000000 -0.341475 0.939891 B 2.000000 4.000000 18.000000 C[purple]
-38.698107 -19.711838 -42.769581 -0.098023 -0.935364 -0.339831 0.995184 -0.092131 -0.033473 0.000000 -0.341475 0.939891 B 2.000000 4.000000 18.000000 C[purple]
-38.358488 -26.117596 -25.723187 -0.185748 -0.923534 -0.335533 0.982597 -0.174583 -0.063428 0.000000 -0.341475 0.939891 B 2.000000 4.000000 18.000000 C[purple]
-38.264522 29.920536 -8.303212 -0.292120 -0.898894 -0.326581 0.956382 -0.274561 -0.099752 -0.000000 -0.341475 0.939891 B 2.000000 4.000000 18.000000 C[purple]
-38.246413 23.660235 9.120596 0.073872 -0.937323 -0.340542 0.997268 0.069432 0.025226 -0.000000 -0.341475 0.939891 B 2.000000 4.000000 18.000000 C[purple]
-38.367290 17.417444 26.535273 0.149125 -0.929381 -0.337657 0.988818 0.140161 0.050922 0.000000 -0.341475 0.939891 B 2.000000 4.000000 18.000000 C[purple]
-38.270027 11.202162 43.622469 0.184583 -0.923741 -0.335608 0.982817 0.173488 0.063030 -0.000000 -0.341475 0.939891 B 2.000000 4.000000 18.000000 C[purple]
-38.429637 4.953777 60.508033 -0.038629 -0.939189 -0.341221 0.999254 -0.036307 -0.013191 0.000000 -0.341475 0.939891 B 2.000000 4.000000 18.000000 C[purple]
-25.048383 -11.296371 77.912753 0.378356 -0.870019 -0.316090 0.925660 0.355613 0.129199 0.000000 -0.341475 0.939891 B 2.000000 4.000000 18.000000 C[purple]
-25.218417 -17.712886 -76.904723 0.706319 -0.665343 -0.241728 0.707894 0.663863 0.241191 -0.000000 -0.341475 0.939891 B 2.000000 4.000000 18.000000 C[purple]
-25.101254 -23.736902 -59.479355 0.804958 -0.557667 -0.202608 0.593332 0.756572 0.274873 -0.000000 -0.341475 0.939891 B 2.000000 4.000000 18.000000 C[purple]
-25.128862 -30.313224 -42.413437 0.727723 -0.644644 -0.234208 0.685871 0.683980 0.248500 0.000000 -0.341475 0.939891 B 2.000000 4.000000 18.000000 C[purple]
-25.027933 25.884758 -25.245527 0.932326 -0.339881 -0.123484 0.361618 0.876285 0.318367 0.000000 -0.341475 0.939891 B 2.000000 4.000000 18.000000 C[purple]
-24.850343 19.847938 -8.021406 0.817112 -0.541827 -0.196853 0.576479 0.767996 0.279024 0.000000 -0.341475 0.939891 B 2.000000 4.000000 18.000000 C[purple]
-24.794844 13.647101 9.105092 0.637817 -0.723893 -0.263000 0.770188 0.599478 0.217799 -0.000000 -0.341475 0.939891 B 2.000000 4.000000 18.000000 C[purple]
-24.634329 7.382051 26.567782 0.764048 -0.606379 -0.220306 0.645159 0.718122 0.260904 -0.000000 -0.341475 0.939891 B 2.000000 4.000000 18.000000 C[purple]
-24.714739 1.189121 43.764622 0.687368 -0.682652 -0.248017 0.726310 0.646051 0.234719 -0.000000 -0.341475 0.939891 B 2.000000 4.000000 18.000000 C[purple]
-24.840630 -5.000821 60.960861 0.664638 -0.702254 -0.255139 0.747166 0.624687 0.226957 -0.000000 -0.341475 0.939891 B 2.000000 4.000000 18.000000 C[purple]
10.253283 18.806263 -77.049313 0.987941 0.145525 0.052871 -0.154832 0.928556 0.337357 -0.000000 -0.341475 0.939891 B 2.000000 4.000000 18.000000 C[purple]
10.353371 12.765207 -59.843212 0.999978 -0.006259 -0.002274 0.006660 0.939870 0.341468 0.000000 -0.341475 0.939891 B 2.000000 4.000000 18.000000 C[purple]
10.056757 6.613577 -42.738991 0.991376 -0.123171 -0.044750 0.131048 0.931785 0.338531 -0.000000 -0.341475 0.939891 B 2.000000 4.000000 18.000000 C[purple]
10.154245 0.312004 -25.204158 0.999928 -0.011268 -0.004094 0.011989 0.939823 0.341451 -0.000000 -0.341475 0.939891 B 2.000000 4.000000 18.000000 C[purple]
10.369484 -6.071542 -8.012330 0.992679 0.113526 0.041246 -0.120786 0.933009 0.338975 0.000000 -0.341475 0.939891 B 2.000000 4.000000 18.000000 C[purple]
10.211029 -12.314523 8.990451 0.987959 -0.145418 -0.052832 0.154718 0.928573 0.337364 -0.000000 -0.341475 0.939891 B 2.000000 4.000000 18.000000 C[purple]
9.946836 -18.556519 26.195848 0.971566 -0.222538 -0.080851 0.236770 0.913166 0.331766 -0.000000 -0.341475 0.939891 B 2.000000 4.000000 18.000000 C[purple]
10.083230 -24.979297 43.420726 0.988652 -0.141197 -0.051299 0.150227 0.929224 0.337600 -0.000000 -0.341475 0.939891 B 2.000000 4.000000 18.000000 C[purple]
10.314998 -31.214457 60.314912 0.984121 -0.166832 -0.060612 0.177501 0.924966 0.336053 0.000000 -0.341475 0.939891 B 2.000000 4.000000 18.000000 C[purple]
10.296937 24.704596 77.536696 0.998954 -0.042974 -0.015613 0.045722 0.938908 0.341118 0.000000 -0.341475 0.939891 B 2.000000 4.000000 18.000000 C[purple]
7.114754 3.434273 -77.392437 0.130462 0.931858 0.338557 -0.991453 0.122620 0.044550 0.000000 -0.341475 0.939891 B 2.000000 4.000000 18.000000 C[purple]
6.900260 -2.589622 -60.074197 0.260412 0.907462 0.329694 -0.965498 0.244758 0.088924 0.000000 -0.341475 0.939891 B 2.000000 4.000000 18.000000 C[purple]
7.189524 -8.859782 -43.116539 0.450783 0.838978 0.304812 -0.892634 0.423686 0.153931 -0.000000 -0.341475 0.939891 B 2.000000 4.000000 18.000000 C[purple]
7.416977 -14.994060 -26.012932 0.235359 0.913488 0.331883 -0.971909 0.221211 0.080369 -0.000000 -0.341475 0.939891 B 2.000000 4.000000 18.000000 C[purple]
7.359337 -21.542723 -8.761766 0.250333 0.909964 0.330603 -0.968160 0.235286 0.085483 -0.000000 -0.341475 0.939891 B 2.000000 4.000000 18.000000 C[purple]
7.128204 -27.645259 8.769538 0.204570 0.920014 0.334254 -0.978852 0.192273 0.069856 0.000000 -0.341475 0.939891 B 2.000000 4.000000 18.000000 C[purple]
7.303273 28.589210 26.237307 0.249782 0.910098 0.330651 -0.968302 0.234768 0.085294 -0.000000 -0.341475 0.939891 B 2.000000 4.000000 18.000000 C[purple]
7.287881 22.458620 43.220264 0.345198 0.882115 0.320485 -0.938530 0.324449 0.117877 0.000000 -0.341475 0.939891 B 2.000000 4.000000 18.000000 C[purple]
7.121670 16.306046 60.177519 0.287488 0.900212 0.327060 -0.957784 0.270208 0.098170 -0.000000 -0.341475 0.939891 B 2.000000 4.000000 18.000000 C[purple]
7.277337 9.936571 77.278670 0.184120 0.923822 0.335637 -0.982904 0.173053 0.062873 -0.000000 -0.341475 0.939891 B 2.000000 4.000000 18.000000 C[purple]
11.459217 0.977634 -77.403574 -0.858489 -0.482006 -0.175120 0.512832 -0.806886 -0.293153 0.000000 -0.341475 0.939891 B 2.000000 4.000000 18.000000 C[purple]
11.668033 -5.174510 -60.033187 -0.890518 -0.427601 -0.155353 0.454947 -0.836990 -0.304090 0.000000 -0.341475 0.939891 B 2.000000 4.000000 18.000000 C[purple]
11.590870 -11.676728 -42.982204 -0.800828 -0.562895 -0.204508 0.598894 -0.752691 -0.273463 0.000000 -0.341475 0.939891 B 2.000000 4.000000 18.000000 C[purple]
11.517564 -18.090035 -25.509270 -0.797369 -0.567217 -0.206078 0.603492 -0.749440 -0.272282 0.000000 -0.341475 0.939891 B 2.000000 4.000000 18.000000 C[purple]
11.121545 -24.216433 -8.440166 -0.766454 -0.603691 -0.219329 0.642299 -0.720383 -0.261725 0.000000 -0.341475 0.939891 B 2.000000 4.000000 18.000000 C[purple]
11.114021 -30.556941 8.746459 -0.926778 -0.353033 -0.128262 0.375610 -0.871070 -0.316472 -0.000000 -0.341475 0.939891 B 2.000000 4.000000 18.000000 C[purple]
11.391873 25.770740 26.036108 -0.839932 -0.510071 -0.185316 0.542692 -0.789444 -0.286816 0.000000 -0.341475 0.939891 B 2.000000 4.000000 18.000000 C[purple]
11.357856 19.846095 43.245107 -0.944942 -0.307567 -0.111743 0.327237 -0.888142 -0.322675 0.000000 -0.341475 0.939891 B 2.000000 4.000000 18.000000 C[purple]
11.200502 13.887192 60.590543 -0.968266 -0.234900 -0.085342 0.249923 -0.910064 -0.330639 -0.000000 -0.341475 0.939891 B 2.000000 4.000000 18.000000 C[purple]
11.460476 7.354058 77.576319 -0.948300 -0.298299 -0.108376 0.317376 -0.891298 -0.323821 -0.000000 -0.341475 0.939891 B 2.000000 4.000000 18.000000 C[purple]
-36.279613 6.618512 77.388568 0.873943 -0.456813 -0.165967 0.486028 0.821411 0.298430 0.000000 -0.341475 0.939891 B 2.000000 4.000000 18.000000 C[purple]
-36.322391 0.111723 -77.382279 0.864539 -0.472357 -0.171614 0.502566 0.812572 0.295219 0.000000 -0.341475 0.939891 B 2.000000 4.000000 18.000000 C[purple]
-36.548487 -5.909677 -59.958627 0.825180 -0.530916 -0.192889 0.564870 0.775579 0.281779 0.000000 -0.341475 0.939891 B 2.000000 4.000000 18.000000 C[purple]
-36.390005 -12.141625 -42.697950 0.889940 -0.428664 -0.155739 0.456078 0.836446 0.303893 -0.000000 -0.341475 0.939891 B 2.000000 4.000000 18.000000 C[purple]
-36.376031 -17.998916 -25.611430 0.884258 -0.438928 -0.159469 0.466999 0.831106 0.301952 0.000000 -0.341475 0.939891 B 2.000000 4.000000 18.000000 C[purple]
-36.222175 -24.124348 -8.576560 0.831927 -0.521531 -0.189479 0.554885 0.781921 0.284083 -0.000000 -0.341475 0.939891 B 2.000000 4.000000 18.000000 C[purple]
-35.982788 -30.768035 8.529724 0.824715 -0.531553 -0.193121 0.565548 0.775142 0.281620 -0.000000 -0.341475 0.939891 B 2.000000 4.000000 18.000000 C[purple]
-35.996650 25.486540 25.704451 0.903046 -0.403724 -0.146678 0.429543 0.848765 0.308368 -0.000000 -0.341475 0.939891 B 2.000000 4.000000 18.000000 C[purple]
-36.315289 18.987533 42.958045 0.894881 -0.419477 -0.152402 0.446304 0.841091 0.305580 0.000000 -0.341475 0.939891 B 2.000000 4.000000 18.000000 C[purple]
-36.373100 12.600046 60.156490 0.942053 -0.315300 -0.114553 0.335465 0.885427 0.321688 0.000000 -0.341475 0.939891 B 2.000000 4.000000 18.000000 C[purple]
4.701538 -5.802858 -76.907644 0.997847 -0.061638 -0.022394 0.065580 0.937867 0.340740 -0.000000 -0.341475 0.939891 B 2.000000 4.000000 18.000000 C[purple]
4.953085 -11.865450 -59.370839 0.992955 -0.111368 -0.040462 0.118490 0.933269 0.339070 0.000000 -0.341475 0.939891 B 2.000000 4.000000 18.000000 C[purple]
4.844787 -18.163014 -42.291417 0.959626 -0.264371 -0.096050 0.281279 0.901944 0.327689 -0.000000 -0.341475 0.939891 B 2.000000 4.000000 18.000000 C[purple]
5.000841 -24.361141 -25.108515 0.927729 -0.350817 -0.127457 0.373254 0.871964 0.316797 -0.000000 -0.341475 0.939891 B 2.000000 4.000000 18.000000 C[purple]
4.991227 -30.492571 -7.964617 0.902835 -0.404142 -0.146830 0.429988 0.848566 0.308296 0.000000 -0.341475 0.939891 B 2.000000 4.000000 18.000000 C[purple]
4.874010 25.734686 9.298569 0.997690 -0.063852 -0.023199 0.067936 0.937719 0.340686 0.000000 -0.341475 0.939891 B 2.000000 4.000000 18.000000 C[purple]
4.826860 19.353665 26.143127 0.989778 -0.134044 -0.048700 0.142617 0.930283 0.337985 0.000000 -0.341475 0.939891 B 2.000000 4.000000 18.000000 C[purple]
4.547610 13.039573 43.690790 0.992769 -0.112827 -0.040992 0.120043 0.933094 0.339006 -0.000000 -0.341475 0.939891 B 2.000000 4.000000 18.000000 C[purple]
4.647694 6.530085 60.708430 0.985804 0.157809 0.057334 -0.167902 0.926548 0.336628 -0.000000 -0.341475 0.939891 B 2.000000 4.000000 18.000000 C[purple]
4.594294 0.298435 77.825689 0.992958 0.111349 0.040455 -0.118471 0.933272 0.339071 -0.000000 -0.341475 0.939891 B 2.000000 4.000000 18.000000 C[purple]
-37.517086 -4.475098 77.576366 0.017892 -0.939740 -0.341421 0.999840 0.016817 0.006110 -0.000000 -0.341475 0.939891 B 2.000000 4.000000 18.000000 C[purple]
-37.511944 -10.885605 -77.138969 0.323321 -0.889409 -0.323135 0.946289 0.303886 0.110406 -0.000000 -0.341475 0.939891 B 2.000000 4.000000 18.000000 C[purple]
-37.549260 -16.861812 -60.038122 0.379536 -0.869565 -0.315925 0.925177 0.356722 0.129602 0.000000 -0.341475 0.939891 B 2.000000 4.000000 18.000000 C[purple]
-37.483427 -23.096474 -42.952602 0.001623 -0.939889 -0.341475 0.999999 0.001525 0.000554 -0.000000 -0.341475 0.939891 B 2.000000 4.000000 18.000000 C[purple]
-37.516039 -29.641843 -25.692015 -0.154967 -0.928536 -0.337350 0.987920 -0.145652 -0.052918 0.000000 -0.341475 0.939891 B 2.000000 4.000000 18.000000 C[purple]
-37.465638 26.671987 -8.239148 0.006020 -0.939874 -0.341469 0.999982 0.005658 0.002056 0.000000 -0.341475 0.939891 B 2.000000 4.000000 18.000000 C[purple]
-37.744097 20.715863 9.049076 0.082397 -0.936695 -0.340314 0.996600 0.077444 0.028137 -0.000000 -0.341475 0.939891 B 2.000000 4.000000 18.000000 C[purple]
-37.761809 14.245110 26.073502 0.105022 -0.934693 -0.339587 0.994470 0.098709 0.035862 -0.000000 -0.341475 0.939891 B 2.000000 4.000000 18.000000 C[purple]
-37.548026 8.098756 43.201564 0.242736 -0.911781 -0.331263 0.970092 0.228146 0.082888 0.000000 -0.341475 0.939891 B 2.000000 4.000000 18.000000 C[purple]
-37.792553 1.888161 60.471426 -0.040088 -0.939135 -0.341201 0.999196 -0.037678 -0.013689 -0.000000 -0.341475 0.939891 B 2.000000 4.000000 18.000000 C[purple]
32.537105 24.887309 77.445656 0.615831 0.740519 0.269041 -0.787878 0.578814 0.210291 0.000000 -0.341475 0.939891 B 2.000000 4.000000 18.000000 C[purple]
32.539824 18.619604 -77.371559 0.788234 0.578386 0.210136 -0.615375 0.740854 0.269163 0.000000 -0.341475 0.939891 B 2.000000 4.000000 18.000000 C[purple]
32.500975 12.364890 -60.096213 0.875870 0.453542 0.164778 -0.482548 0.823222 0.299088 0.000000 -0.341475 0.939891 B 2.000000 4.000000 18.000000 C[purple]
32.442424 6.332344 -43.033167 0.880005 0.446414 0.162188 -0.474964 0.827109 0.300500 0.000000 -0.341475 0.939891 B 2.000000 4.000000 18.000000 C[purple]
32.245448 0.245503 -25.769946 0.708858 0.662953 0.240860 -0.705351 0.666249 0.242057 -0.000000 -0.341475 0.939891 B 2.000000 4.000000 18.000000 C[purple]
32.272070 -5.722621 -8.754492 0.658926 0.706993 0.256861 -0.752208 0.619318 0.225007 0.000000 -0.341475 0.939891 B 2.000000 4.000000 18.000000 C[purple]
32.223899 -12.204397 8.692079 0.550923 0.784391 0.284980 -0.834556 0.517808 0.188127 -0.000000 -0.341475 0.939891 B 2.000000 4.000000 18.000000 C[purple]
32.358628 -18.439691 25.953492 0.673696 0.694587 0.252353 -0.739009 0.633201 0.230051 0.000000 -0.341475 0.939891 B 2.000000 4.000000 18.000000 C[purple]
32.351796 -24.597609 43.096142 0.374085 0.871649 0.316682 -0.927394 0.351599 0.127741 0.000000 -0.341475 0.939891 B 2.000000 4.000000 18.000000 C[purple]
32.505788 -30.982357 60.110670 0.622119 0.735861 0.267349 -0.782922 0.584724 0.212438 0.000000 -0.341475 0.939891 B 2.000000 4.000000 18.000000 C[purple]
41.608513 10.487885 77.219503 0.667351 -0.699977 -0.254312 0.744743 0.627237 0.227884 -0.000000 -0.341475 0.939891 B 2.000000 4.000000 18.000000 C[purple]
41.251704 4.063661 -77.522535 0.700754 -0.670521 -0.243610 0.713403 0.658632 0.239290 0.000000 -0.341475 0.939891 B 2.000000 4.000000 18.000000 C[purple]
41.403748 -2.049367 -59.893998 0.695326 -0.675495 -0.245417 0.718695 0.653530 0.237437 0.000000 -0.341475 0.939891 B 2.000000 4.000000 18.000000 C[purple]
41.625837 -8.267074 -42.987107 0.633881 -0.726941 -0.264108 0.773431 0.595779 0.216455 0.000000 -0.341475 0.939891 B 2.000000 4.000000 18.000000 C[purple]
41.780941 -14.298528 -25.871576 0.537967 -0.792296 -0.287852 0.842966 0.505630 0.183702 -0.000000 -0.341475 0.939891 B 2.000000 4.000000 18.000000 C[purple]
41.764096 -20.747816 -8.654749 0.424358 -0.851066 -0.309204 0.905495 0.398850 0.144908 0.000000 -0.341475 0.939891 B 2.000000 4.000000 18.000000 C[purple]
41.963964 -26.661874 8.714096 0.341534 -0.883375 -0.320942 0.939869 0.321004 0.116625 -0.000000 -0.341475 0.939891 B 2.000000 4.000000 18.000000 C[purple]
41.782745 29.404421 25.818272 0.246516 -0.910884 -0.330937 0.969139 0.231698 0.084179 -0.000000 -0.341475 0.939891 B 2.000000 4.000000 18.000000 C[purple]
41.723081 23.279677 42.845156 0.307312 -0.894408 -0.324951 0.951609 0.288839 0.104939 0.000000 -0.341475 0.939891 B 2.000000 4.000000 18.000000 C[purple]
41.937896 17.007203 60.063572 0.508060 -0.809548 -0.294120 0.861322 0.477521 0.173490 0.000000 -0.341475 0.939891 B 2.000000 4.000000 18.000000 C[purple]
-5.890277 -30.799984 -77.419269 0.984993 -0.162219 -0.058937 0.172594 0.925786 0.336351 0.000000 -0.341475 0.939891 B 2.000000 4.000000 18.000000 C[purple]
-5.966309 25.315629 -60.576307 0.984594 -0.164347 -0.059709 0.174857 0.925411 0.336215 -0.000000 -0.341475 0.939891 B 2.000000 4.000000 18.000000 C[purple]
-5.948168 18.904474 -43.753304 0.975922 -0.205010 -0.074483 0.218121 0.917260 0.333253 0.000000 -0.341475 0.939891 B 2.000000 4.000000 18.000000 C[purple]
-6.026043 12.950040 -26.403736 0.991208 -0.124356 -0.045180 0.132309 0.931628 0.338473 -0.000000 -0.341475 0.939891 B 2.000000 4.000000 18.000000 C[purple]
-6.252411 6.556849 -8.846348 0.975746 -0.205748 -0.074751 0.218906 0.917095 0.333193 -0.000000 -0.341475 0.939891 B 2.000000 4.000000 18.000000 C[purple]
-6.203099 0.142788 8.087173 0.985517 -0.159386 -0.057907 0.169579 0.926278 0.336530 0.000000 -0.341475 0.939891 B 2.000000 4.000000 18.000000 C[purple]
-6.327705 -6.087458 25.446813 0.994235 -0.100778 -0.036614 0.107223 0.934472 0.339507 0.000000 -0.341475 0.939891 B 2.000000 4.000000 18.000000 C[purple]
-6.157258 -12.267295 43.050066 0.989988 -0.132670 -0.048201 0.141155 0.930480 0.338056 0.000000 -0.341475 0.939891 B 2.000000 4.000000 18.000000 C[purple]
-6.159258 -18.511862 60.300718 0.929761 -0.346033 -0.125719 0.368163 0.873874 0.317491 0.000000 -0.341475 0.939891 B 2.000000 4.000000 18.000000 C[purple]
-6.015732 -24.862182 77.327929 0.947910 -0.299391 -0.108773 0.318538 0.890932 0.323688 -0.000000 -0.341475 0.939891 B 2.000000 4.000000 18.000000 C[purple]
22.784774 12.351993 -77.066661 0.515303 -0.805494 -0.292647 0.857008 0.484329 0.175963 0.000000 -0.341475 0.939891 B 2.000000 4.000000 18.000000 C[purple]
23.228532 5.923288 -59.851687 0.519438 -0.803145 -0.291794 0.854508 0.488215 0.177375 -0.000000 -0.341475 0.939891 B 2.000000 4.000000 18.000000 C[purple]
23.451961 -0.292455 -42.454406 0.669927 -0.697801 -0.253521 0.742427 0.629658 0.228763 0.000000 -0.341475 0.939891 B 2.000000 4.000000 18.000000 C[purple]
23.546909 -6.458055 -25.325453 0.289896 -0.899530 -0.326812 0.957058 0.272471 0.098992 0.000000 -0.341475 0.939891 B 2.000000 4.000000 18.000000 C[purple]
23.771175 -12.748675 -8.287788 0.218287 -0.917225 -0.333241 0.975885 0.205166 0.074539 -0.000000 -0.341475 0.939891 B 2.000000 4.000000 18.000000 C[purple]
23.683981 -18.909424 8.747990 0.292534 -0.898775 -0.326538 0.956255 0.274950 0.099893 -0.000000 -0.341475 0.939891 B 2.000000 4.000000 18.000000 C[purple]
23.573694 -25.163626 26.072024 0.520366 -0.802614 -0.291601 0.853943 0.489087 0.177692 0.000000 -0.341475 0.939891 B 2.000000 4.000000 18.000000 C[purple]
23.101855 31.136135 43.232571 0.508773 -0.809153 -0.293977 0.860901 0.478191 0.173733 -0.000000 -0.341475 0.939891 B 2.000000 4.000000 18.000000 C[purple]
23.067221 25.106690 60.277255 0.571067 -0.771559 -0.280318 0.820903 0.536741 0.195005 0.000000 -0.341475 0.939891 B 2.000000 4.000000 18.000000 C[purple]
23.049500 18.695282 77.878775 0.659592 -0.706444 -0.256661 0.751624 0.619945 0.225235 0.000000 -0.341475 0.939891 B 2.000000 4.000000 18.000000 C[purple]
-7.967509 16.673260 77.484320 -0.019136 0.939719 0.341413 -0.999817 -0.017986 -0.006534 -0.000000 -0.341475 0.939891 B 2.000000 4.000000 18.000000 C[purple]
-7.974149 10.367191 -77.037527 0.345107 0.882147 0.320496 -0.938563 0.324363 0.117846 -0.000000 -0.341475 0.939891 B 2.000000 4.000000 18.000000 C[purple]
-7.717544 3.916217 -60.096256 0.284275 0.901113 0.327387 -0.958743 0.267188 0.097073 -0.000000 -0.341475 0.939891 B 2.000000 4.000000 18.000000 C[purple]
-7.731576 -2.272295 -42.828779 0.553729 0.782644 0.284346 -0.832697 0.520445 0.189085 0.000000 -0.341475 0.939891 B 2.000000 4.000000 18.000000 C[purple]
-7.837656 -8.571990 -25.567913 0.289986 0.899504 0.326802 -0.957031 0.272556 0.099023 -0.000000 -0.341475 0.939891 B 2.000000 4.000000 18.000000 C[purple]
-8.007193 -14.883643 -8.235441 0.524448 0.800263 0.290747 -0.851442 0.492924 0.179086 0.000000 -0.341475 0.939891 B 2.000000 4.000000 18.000000 C[purple]
-7.721075 -20.955765 8.811817 0.402760 0.860287 0.312554 -0.915306 0.378550 0.137533 0.000000 -0.341475 0.939891 B 2.000000 4.000000 18.000000 C[purple]
-7.816452 -27.095904 25.879944 0.010298 0.939841 0.341457 -0.999947 0.009679 0.003516 -0.000000 -0.341475 0.939891 B 2.000000 4.000000 18.000000 C[purple]
-8.228534 29.185581 42.966192 0.083007 0.936647 0.340297 -0.996549 0.078017 0.028345 -0.000000 -0.341475 0.939891 B 2.000000 4.000000 18.000000 C[purple]
-7.901234 22.704721 60.370967 0.077390 0.937072 0.340451 -0.997001 0.072738 0.026427 0.000000 -0.341475 0.939891 B 2.000000 4.000000 18.000000 C[purple]
-22.011258 27.097777 77.588876 0.127848 -0.932178 -0.338673 0.991794 0.120163 0.043657 0.000000 -0.341475 0.939891 B 2.000000 4.000000 18.000000 C[purple]
-21.742619 21.140188 -77.138415 0.248192 -0.910482 -0.330791 0.968711 0.233273 0.084751 0.000000 -0.341475 0.939891 B 2.000000 4.000000 18.000000 C[purple]
-21.457930 15.006995 -59.873111 0.469808 -0.829706 -0.301444 0.882769 0.441568 0.160428 -0.000000 -0.341475 0.939891 B 2.000000 4.000000 18.000000 C[purple]
-21.730182 8.718287 -42.847891 0.463864 -0.832655 -0.302515 0.885907 0.435981 0.158398 0.000000 -0.341475 0.939891 B 2.000000 4.000000 18.000000 C[purple]
-21.775562 2.337544 -25.466835 0.304316 -0.895313 -0.325280 0.952571 0.286023 0.103916 0.000000 -0.341475 0.939891 B 2.000000 4.000000 18.000000 C[purple]
-21.984115 -4.053280 -8.304075 0.561720 -0.777597 -0.282512 0.827327 0.527956 0.191814 0.000000 -0.341475 0.939891 B 2.000000 4.000000 18.000000 C[purple]
-21.901854 -10.321701 8.800809 0.682530 -0.686926 -0.249570 0.730858 0.641504 0.233067 0.000000 -0.341475 0.939891 B 2.000000 4.000000 18.000000 C[purple]
-21.831024 -16.456598 25.982909 0.802171 -0.561204 -0.203893 0.597095 0.753953 0.273922 0.000000 -0.341475 0.939891 B 2.000000 4.000000 18.000000 C[purple]
-21.973202 -22.699368 43.122269 0.639959 -0.722221 -0.262393 0.768409 0.601491 0.218530 0.000000 -0.341475 0.939891 B 2.000000 4.000000 18.000000 C[purple]
-21.802757 -29.033338 60.284382 0.393175 -0.864195 -0.313974 0.919464 0.369541 0.134260 0.000000 -0.341475 0.939891 B 2.000000 4.000000 18.000000 C[purple]
44.683706 -30.107478 77.193849 0.999800 0.018814 0.006835 -0.020017 0.939702 0.341407 -0.000000 -0.341475 0.939891 B 2.000000 4.000000 18.000000 C[purple]
44.563680 25.726176 -77.480868 0.992994 -0.111063 -0.040351 0.118165 0.933306 0.339083 -0.000000 -0.341475 0.939891 B 2.000000 4.000000 18.000000 C[purple]
44.614602 19.553872 -60.351558 0.999156 -0.038601 -0.014024 0.041070 0.939098 0.341187 -0.000000 -0.341475 0.939891 B 2.000000 4.000000 18.000000 C[purple]
44.687388 13.650987 -43.107236 0.968518 -0.233981 -0.085009 0.248945 0.910301 0.330725 -0.000000 -0.341475 0.939891 B 2.000000 4.000000 18.000000 C[purple]
44.565147 7.215993 -25.990252 0.947241 -0.301256 -0.109451 0.320523 0.890303 0.323459 0.000000 -0.341475 0.939891 B 2.000000 4.000000 18.000000 C[purple]
44.688845 0.788863 -8.625265 0.966434 -0.241471 -0.087730 0.256914 0.908343 0.330014 -0.000000 -0.341475 0.939891 B 2.000000 4.000000 18.000000 C[purple]
44.754321 -5.350242 8.879730 0.999954 -0.008971 -0.003259 0.009545 0.939848 0.341460 -0.000000 -0.341475 0.939891 B 2.000000 4.000000 18.000000 C[purple]
44.515758 -11.755231 25.977056 0.992474 -0.115092 -0.041815 0.122453 0.932817 0.338906 -0.000000 -0.341475 0.939891 B 2.000000 4.000000 18.000000 C[purple]
44.245787 -17.784927 43.005786 0.992674 -0.113560 -0.041258 0.120822 0.933005 0.338974 -0.000000 -0.341475 0.939891 B 2.000000 4.000000 18.000000 C[purple]
44.255380 -23.848455 60.132686 0.999588 -0.026992 -0.009806 0.028718 0.939503 0.341335 0.000000 -0.341475 0.939891 B 2.000000 4.000000 18.000000 C[purple]
21.566028 -10.083207 77.416185 0.795526 0.569498 0.206906 -0.605919 0.747708 0.271653 -0.000000 -0.341475 0.939891 B 2.000000 4.000000 18.000000 C[purple]
21.767287 -16.108704 -77.205551 0.777909 0.590606 0.214575 -0.628377 0.731150 0.265637 -0.000000 -0.341475 0.939891 B 2.000000 4.000000 18.000000 C[purple]
21.942384 -22.143139 -59.803572 0.839361 0.510900 0.185617 -0.543574 0.788908 0.286621 0.000000 -0.341475 0.939891 B 2.000000 4.000000 18.000000 C[purple]
21.888194 -28.226907 -42.601283 0.845270 0.502221 0.182464 -0.534340 0.794461 0.288639 -0.000000 -0.341475 0.939891 B 2.000000 4.000000 18.000000 C[purple]
21.574759 28.049725 -25.177242 0.875107 0.454841 0.165250 -0.483930 0.822505 0.298827 -0.000000 -0.341475 0.939891 B 2.000000 4.000000 18.000000 C[purple]
21.607389 21.977030 -7.773842 0.980704 0.183747 0.066758 -0.195498 0.921755 0.334886 0.000000 -0.341475 0.939891 B 2.000000 4.000000 18.000000 C[purple]
21.752546 15.862908 9.156793 0.929656 0.346283 0.125809 -0.368429 0.873775 0.317455 -0.000000 -0.341475 0.939891 B 2.000000 4.000000 18.000000 C[purple]
21.870018 9.287089 26.073314 0.955604 0.276941 0.100617 -0.294653 0.898164 0.326315 0.000000 -0.341475 0.939891 B 2.000000 4.000000 18.000000 C[purple]
21.785699 2.742508 43.219921 0.935326 0.332521 0.120809 -0.353787 0.879104 0.319391 -0.000000 -0.341475 0.939891 B 2.000000 4.000000 18.000000 C[purple]
21.616138 -3.666968 60.112844 0.923041 0.361578 0.131366 -0.384702 0.867557 0.315196 -0.000000 -0.341475 0.939891 B 2.000000 4.000000 18.000000 C[purple]
-9.931472 27.255965 -77.247241 -0.477312 0.825914 0.300066 -0.878734 -0.448622 -0.162990 -0.000000 -0.341475 0.939891 B 2.000000 4.000000 18.000000 C[purple]
-9.861246 21.094562 -60.002588 -0.146805 0.929707 0.337776 -0.989166 -0.137980 -0.050130 0.000000 -0.341475 0.939891 B 2.000000 4.000000 18.000000 C[purple]
-9.882373 14.807386 -42.891297 0.016051 0.939770 0.341431 -0.999871 0.015086 0.005481 0.000000 -0.341475 0.939891 B 2.000000 4.000000 18.000000 C[purple]
-10.323740 8.499450 -25.562490 -0.034478 0.939332 0.341272 -0.999405 -0.032405 -0.011773 0.000000 -0.341475 0.939891 B 2.000000 4.000000 18.000000 C[purple]
-10.093230 2.415575 -8.436634 -0.250907 0.909825 0.330552 -0.968011 -0.235825 -0.085678 0.000000 -0.341475 0.939891 B 2.000000 4.000000 18.000000 C[purple]
-10.490232 -3.835668 8.627512 -0.307199 0.894442 0.324963 -0.951645 -0.288734 -0.104901 -0.000000 -0.341475 0.939891 B 2.000000 4.000000 18.000000 C[purple]
-10.429184 -10.018557 25.912121 -0.350708 0.880194 0.319787 -0.936485 -0.329627 -0.119758 0.000000 -0.341475 0.939891 B 2.000000 4.000000 18.000000 C[purple]
-10.094038 -16.494081 43.231309 -0.417900 0.853884 0.310228 -0.908493 -0.392781 -0.142703 0.000000 -0.341475 0.939891 B 2.000000 4.000000 18.000000 C[purple]
-10.079624 -22.927675 60.447257 -0.518603 0.803621 0.291967 -0.855015 -0.487431 -0.177090 0.000000 -0.341475 0.939891 B 2.000000 4.000000 18.000000 C[purple]
-9.713364 -29.294574 77.450740 -0.479678 0.824702 0.299626 -0.877445 -0.450845 -0.163798 0.000000 -0.341475 0.939891 B 2.000000 4.000000 18.000000 C[purple]
-33.612253 13.861115 -77.951387 0.832903 0.520154 0.188979 -0.553420 0.782837 0.284416 -0.000000 -0.341475 0.939891 B 2.000000 4.000000 18.000000 C[purple]
-33.514918 7.406724 -60.625057 0.902331 0.405134 0.147191 -0.431044 0.848093 0.308124 -0.000000 -0.341475 0.939891 B 2.000000 4.000000 18.000000 C[purple]
-33.594503 0.888871 -43.249977 0.840073 0.509865 0.185241 -0.542473 0.789577 0.286864 -0.000000 -0.341475 0.939891 B 2.000000 4.000000 18.000000 C[purple]
-33.308891 -5.053726 -26.239080 0.841614 0.507616 0.184424 -0.540079 0.791025 0.287391 0.000000 -0.341475 0.939891 B 2.000000 4.000000 18.000000 C[purple]
-33.383373 -11.111834 -8.921234 0.830174 0.523993 0.190374 -0.557504 0.780273 0.283484 0.000000 -0.341475 0.939891 B 2.000000 4.000000 18.000000 C[purple]
-33.241116 -17.387418 8.064368 0.745941 0.625978 0.227427 -0.666012 0.701103 0.254721 0.000000 -0.341475 0.939891 B 2.000000 4.000000 18.000000 C[purple]
-33.334620 -23.636771 25.538678 0.887240 0.433580 0.157526 -0.461309 0.833908 0.302971 -0.000000 -0.341475 0.939891 B 2.000000 4.000000 18.000000 C[purple]
-33.716917 -29.965892 42.784375 0.855535 0.486624 0.176797 -0.517746 0.804109 0.292144 -0.000000 -0.341475 0.939891 B 2.000000 4.000000 18.000000 C[purple]
-33.910236 26.647849 59.851534 0.929667 0.346257 0.125800 -0.368401 0.873785 0.317458 0.000000 -0.341475 0.939891 B 2.000000 4.000000 18.000000 C[purple]
-33.769029 20.227620 76.959386 0.869196 0.464746 0.168849 -0.494468 0.816949 0.296809 0.000000 -0.341475 0.939891 B 2.000000 4.000000 18.000000 C[purple]
-24.544372 -6.242220 77.171593 0.499000 -0.814511 -0.295923 0.866602 0.469006 0.170396 -0.000000 -0.341475 0.939891 B 2.000000 4.000000 18.000000 C[purple]
-24.673406 -12.126513 -77.658763 0.539401 -0.791434 -0.287539 0.842049 0.506978 0.184192 0.000000 -0.341475 0.939891 B 2.000000 4.000000 18.000000 C[purple]
-24.484289 -18.351144 -60.364589 0.290091 -0.899475 -0.326792 0.956999 0.272654 0.099059 0.000000 -0.341475 0.939891 B 2.000000 4.000000 18.000000 C[purple]
-24.574009 -24.856388 -43.095053 0.047633 -0.938824 -0.341088 0.998865 0.044770 0.016266 0.000000 -0.341475 0.939891 B 2.000000 4.000000 18.000000 C[purple]
-24.363312 -31.045946 -25.894854 -0.124419 -0.932588 -0.338822 0.992230 -0.116940 -0.042486 0.000000 -0.341475 0.939891 B 2.000000 4.000000 18.000000 C[purple]
-24.379213 24.917493 -8.824524 -0.095546 -0.935591 -0.339913 0.995425 -0.089803 -0.032627 -0.000000 -0.341475 0.939891 B 2.000000 4.000000 18.000000 C[purple]
-24.510156 18.645381 8.767693 -0.004332 -0.939882 -0.341472 0.999991 -0.004071 -0.001479 -0.000000 -0.341475 0.939891 B 2.000000 4.000000 18.000000 C[purple]
