48.268545 1.087375 77.072685 -0.172724 -0.925764 -0.336343 0.984970 -0.162342 -0.058981 -0.000000 -0.341475 0.939891 B 2.000000 4.000000 18.000000 C[purple]
48.580133 -5.257179 -77.682391 -0.416743 -0.854383 -0.310409 0.909024 -0.391693 -0.142308 -0.000000 -0.341475 0.939891 B 2.000000 4.000000 18.000000 C[purple]
48.420234 -11.396407 -60.200948 -0.519595 -0.803055 -0.291761 0.854413 -0.488362 -0.177429 -0.000000 -0.341475 0.939891 B 2.000000 4.000000 18.000000 C[purple]
48.325405 -17.461620 -43.089905 -0.640374 -0.721895 -0.262275 0.768063 -0.601882 -0.218672 0.000000 -0.341475 0.939891 B 2.000000 4.000000 18.000000 C[purple]
48.514135 -24.035944 -25.801879 -0.690131 -0.680184 -0.247120 0.723684 -0.648648 -0.235663 -0.000000 -0.341475 0.939891 B 2.000000 4.000000 18.000000 C[purple]
48.727553 -30.481178 -8.577037 -0.385812 -0.867122 -0.315037 0.922577 -0.362621 -0.131745 -0.000000 -0.341475 0.939891 B 2.000000 4.000000 18.000000 C[purple]
48.446527 25.959475 8.556367 -0.620535 -0.737042 -0.267778 0.784178 -0.583235 -0.211898 0.000000 -0.341475 0.939891 B 2.000000 4.000000 18.000000 C[purple]
48.493329 19.566533 25.691099 -0.367446 -0.874140 -0.317587 0.930045 -0.345359 -0.125474 -0.000000 -0.341475 0.939891 B 2.000000 4.000000 18.000000 C[purple]
48.512425 13.314430 42.877869 -0.268710 -0.905322 -0.328916 0.963221 -0.252558 -0.091758 0.000000 -0.341475 0.939891 B 2.000000 4.000000 18.000000 C[purple]
48.556108 7.313710 60.055045 -0.241548 -0.912060 -0.331364 0.970389 -0.227029 -0.082483 0.000000 -0.341475 0.939891 B 2.000000 4.000000 18.000000 C[purple]
42.134678 2.225776 78.331620 -0.998958 0.042903 0.015587 -0.045647 -0.938911 -0.341119 -0.000000 -0.341475 0.939891 B 2.000000 4.000000 18.000000 C[purple]
42.142661 -3.965038 -76.766227 -0.963033 0.253191 0.091988 -0.269384 -0.905146 -0.328852 -0.000000 -0.341475 0.939891 B 2.000000 4.000000 18.000000 C[purple]
42.329744 -10.037470 -59.694953 -0.913106 0.383214 0.139227 -0.407722 -0.858220 -0.311803 -0.000000 -0.341475 0.939891 B 2.000000 4.000000 18.000000 C[purple]
42.183569 -16.430480 -42.572224 -0.897401 0.414694 0.150664 -0.441215 -0.843459 -0.306441 0.000000 -0.341475 0.939891 B 2.000000 4.000000 18.000000 C[purple]
42.156182 -22.851881 -24.985243 -0.884298 0.438857 0.159443 -0.466923 -0.831143 -0.301966 0.000000 -0.341475 0.939891 B 2.000000 4.000000 18.000000 C[purple]
42.065332 -29.204177 -7.861159 -0.804279 0.558532 0.202923 -0.594252 -0.755934 -0.274641 0.000000 -0.341475 0.939891 B 2.000000 4.000000 18.000000 C[purple]
41.875342 26.911254 9.176720 -0.947177 0.301432 0.109515 -0.320710 -0.890243 -0.323438 0.000000 -0.341475 0.939891 B 2.000000 4.000000 18.000000 C[purple]
42.046334 20.846974 26.400464 -0.991385 0.123109 0.044727 -0.130982 -0.931793 -0.338534 -0.000000 -0.341475 0.939891 B 2.000000 4.000000 18.000000 C[purple]
41.874865 14.438776 43.998537 -0.983098 0.172074 0.062517 -0.183079 -0.924005 -0.335704 0.000000 -0.341475 0.939891 B 2.000000 4.000000 18.000000 C[purple]
42.136534 8.300301 60.934654 -0.972510 0.218862 0.079516 -0.232859 -0.914054 -0.332088 -0.000000 -0.341475 0.939891 B 2.000000 4.000000 18.000000 C[purple]
16.181169 -4.846915 78.112792 0.970018 0.228424 0.082990 -0.243033 0.911711 0.331237 0.000000 -0.341475 0.939891 B 2.000000 4.000000 18.000000 C[purple]
15.789494 -11.076095 -76.925657 0.964713 0.247476 0.089911 -0.263302 0.906725 0.329426 0.000000 -0.341475 0.939891 B 2.000000 4.000000 18.000000 C[purple]
16.040937 -17.511991 -59.642944 0.889910 0.428719 0.155759 -0.456137 0.836418 0.303882 -0.000000 -0.341475 0.939891 B 2.000000 4.000000 18.000000 C[purple]
15.835671 -24.035116 -42.688705 0.855900 0.486057 0.176591 -0.517142 0.804452 0.292269 0.000000 -0.341475 0.939891 B 2.000000 4.000000 18.000000 C[purple]
16.070050 -30.294911 -25.538257 0.886419 0.435061 0.158064 -0.462884 0.833137 0.302690 -0.000000 -0.341475 0.939891 B 2.000000 4.000000 18.000000 C[purple]
16.249550 26.109367 -7.998307 0.876255 0.452884 0.164539 -0.481848 0.823584 0.299220 -0.000000 -0.341475 0.939891 B 2.000000 4.000000 18.000000 C[purple]
15.927913 19.806316 9.527420 0.884880 0.437819 0.159066 -0.465819 0.831690 0.302165 0.000000 -0.341475 0.939891 B 2.000000 4.000000 18.000000 C[purple]
15.787027 13.642444 26.494401 0.877897 0.450066 0.163515 -0.478849 0.825127 0.299780 0.000000 -0.341475 0.939891 B 2.000000 4.000000 18.000000 C[purple]
16.079798 7.383592 43.701944 0.940308 0.319868 0.116212 -0.340324 0.883787 0.321092 -0.000000 -0.341475 0.939891 B 2.000000 4.000000 18.000000 C[purple]
15.871007 1.176766 60.844373 0.979417 0.189715 0.068926 -0.201848 0.920545 0.334447 -0.000000 -0.341475 0.939891 B 2.000000 4.000000 18.000000 C[purple]
-9.106168 5.435972 -77.451179 -0.320772 0.890224 0.323431 -0.947156 -0.301491 -0.109536 0.000000 -0.341475 0.939891 B 2.000000 4.000000 18.000000 C[purple]
-8.887528 -0.700184 -60.269887 -0.521161 0.802158 0.291435 -0.853458 -0.489834 -0.177964 -0.000000 -0.341475 0.939891 B 2.000000 4.000000 18.000000 C[purple]
-9.006350 -7.089042 -42.894662 -0.311634 0.893086 0.324471 -0.950202 -0.292901 -0.106415 0.000000 -0.341475 0.939891 B 2.000000 4.000000 18.000000 C[purple]
-8.841898 -13.426531 -25.750229 -0.155924 0.928395 0.337299 -0.987769 -0.146552 -0.053244 0.000000 -0.341475 0.939891 B 2.000000 4.000000 18.000000 C[purple]
-8.744300 -19.781535 -8.817320 -0.338598 0.884373 0.321305 -0.940931 -0.318245 -0.115623 0.000000 -0.341475 0.939891 B 2.000000 4.000000 18.000000 C[purple]
-8.690302 -25.864017 8.565711 -0.187493 0.923223 0.335420 -0.982266 -0.176223 -0.064024 0.000000 -0.341475 0.939891 B 2.000000 4.000000 18.000000 C[purple]
-8.978538 30.344697 25.550278 -0.254178 0.909022 0.330260 -0.967157 -0.238900 -0.086796 0.000000 -0.341475 0.939891 B 2.000000 4.000000 18.000000 C[purple]
-8.817020 23.767442 42.600682 -0.278217 0.902782 0.327993 -0.960518 -0.261494 -0.095004 0.000000 -0.341475 0.939891 B 2.000000 4.000000 18.000000 C[purple]
-8.974257 17.752699 59.989811 -0.425444 0.850587 0.309030 -0.904985 -0.399870 -0.145278 0.000000 -0.341475 0.939891 B 2.000000 4.000000 18.000000 C[purple]
-9.101801 11.734439 77.455509 -0.492204 0.818156 0.297247 -0.870480 -0.462618 -0.168076 0.000000 -0.341475 0.939891 B 2.000000 4.000000 18.000000 C[purple]
-48.629035 -14.095741 -77.367743 0.838182 -0.512608 -0.186238 0.545391 0.787799 0.286218 0.000000 -0.341475 0.939891 B 2.000000 4.000000 18.000000 C[purple]
-48.891793 -20.361390 -60.492190 0.786418 -0.580566 -0.210928 0.617695 0.739147 0.268542 -0.000000 -0.341475 0.939891 B 2.000000 4.000000 18.000000 C[purple]
-48.929531 -26.173554 -43.292165 0.818832 -0.539528 -0.196018 0.574033 0.769613 0.279611 0.000000 -0.341475 0.939891 B 2.000000 4.000000 18.000000 C[purple]
-49.166057 29.806678 -26.165426 0.936179 -0.330394 -0.120037 0.351523 0.879906 0.319682 -0.000000 -0.341475 0.939891 B 2.000000 4.000000 18.000000 C[purple]
-48.937584 23.769653 -8.673511 0.946320 -0.303801 -0.110375 0.323230 0.889438 0.323145 -0.000000 -0.341475 0.939891 B 2.000000 4.000000 18.000000 C[purple]
-48.941421 17.247390 8.695220 0.857335 -0.483818 -0.175778 0.514759 0.805801 0.292759 0.000000 -0.341475 0.939891 B 2.000000 4.000000 18.000000 C[purple]
-48.808197 10.842118 25.702294 0.853157 -0.490297 -0.178132 0.521654 0.801875 0.291332 -0.000000 -0.341475 0.939891 B 2.000000 4.000000 18.000000 C[purple]
-48.632931 4.806855 43.018116 0.701631 -0.669710 -0.243315 0.712541 0.659456 0.239590 0.000000 -0.341475 0.939891 B 2.000000 4.000000 18.000000 C[purple]
-48.762882 -1.517873 60.150394 0.866924 -0.468479 -0.170205 0.498440 0.814814 0.296033 -0.000000 -0.341475 0.939891 B 2.000000 4.000000 18.000000 C[purple]
-48.693283 -7.685529 77.233038 0.821443 -0.536011 -0.194740 0.570291 0.772066 0.280502 -0.000000 -0.341475 0.939891 B 2.000000 4.000000 18.000000 C[purple]
5.922961 5.156185 77.355931 0.959033 -0.266266 -0.096738 0.283295 0.901386 0.327486 0.000000 -0.341475 0.939891 B 2.000000 4.000000 18.000000 C[purple]
5.539009 -1.014261 -77.623572 0.957941 -0.269716 -0.097992 0.286965 0.900360 0.327113 -0.000000 -0.341475 0.939891 B 2.000000 4.000000 18.000000 C[purple]
5.456137 -7.409147 -60.426452 0.999334 -0.034301 -0.012462 0.036495 0.939265 0.341248 -0.000000 -0.341475 0.939891 B 2.000000 4.000000 18.000000 C[purple]
5.750513 -13.909980 -43.255595 0.997402 -0.067702 -0.024597 0.072032 0.937449 0.340588 0.000000 -0.341475 0.939891 B 2.000000 4.000000 18.000000 C[purple]
5.711828 -20.438207 -26.074865 0.981485 -0.180027 -0.065406 0.191540 0.922488 0.335153 -0.000000 -0.341475 0.939891 B 2.000000 4.000000 18.000000 C[purple]
5.783167 -26.448281 -9.038851 0.921667 -0.364661 -0.132487 0.387983 0.866266 0.314726 0.000000 -0.341475 0.939891 B 2.000000 4.000000 18.000000 C[purple]
5.637990 29.769141 8.320591 0.854234 -0.488638 -0.177529 0.519889 0.802887 0.291700 0.000000 -0.341475 0.939891 B 2.000000 4.000000 18.000000 C[purple]
5.647013 23.882281 25.540234 0.806261 -0.556002 -0.202003 0.591560 0.757797 0.275318 0.000000 -0.341475 0.939891 B 2.000000 4.000000 18.000000 C[purple]
5.805348 17.644662 43.013558 0.703069 -0.668377 -0.242831 0.711122 0.660808 0.240081 0.000000 -0.341475 0.939891 B 2.000000 4.000000 18.000000 C[purple]
6.035380 11.320460 60.259112 0.863356 -0.474264 -0.172307 0.504595 0.811461 0.294815 0.000000 -0.341475 0.939891 B 2.000000 4.000000 18.000000 C[purple]
13.724342 30.854091 77.826673 -0.171197 0.926015 0.336434 -0.985237 -0.160906 -0.058459 -0.000000 -0.341475 0.939891 B 2.000000 4.000000 18.000000 C[purple]
14.068088 24.702126 -76.957118 0.003569 0.939885 0.341473 -0.999994 0.003354 0.001219 -0.000000 -0.341475 0.939891 B 2.000000 4.000000 18.000000 C[purple]
14.092264 18.682189 -59.659925 -0.104389 0.934756 0.339610 -0.994537 -0.098114 -0.035646 -0.000000 -0.341475 0.939891 B 2.000000 4.000000 18.000000 C[purple]
14.178474 12.246270 -42.795112 -0.144384 0.930042 0.337897 -0.989522 -0.135705 -0.049304 0.000000 -0.341475 0.939891 B 2.000000 4.000000 18.000000 C[purple]
13.891821 6.159531 -25.457289 -0.269308 0.905166 0.328859 -0.963054 -0.253120 -0.091962 0.000000 -0.341475 0.939891 B 2.000000 4.000000 18.000000 C[purple]
13.496997 -0.029261 -8.294965 -0.371491 0.872629 0.317038 -0.928437 -0.349161 -0.126855 -0.000000 -0.341475 0.939891 B 2.000000 4.000000 18.000000 C[purple]
13.648676 -6.047657 8.898967 -0.454498 0.837205 0.304168 -0.890748 -0.427179 -0.155200 -0.000000 -0.341475 0.939891 B 2.000000 4.000000 18.000000 C[purple]
13.727339 -12.201495 25.998381 -0.248660 0.910369 0.330750 -0.968591 -0.233714 -0.084911 -0.000000 -0.341475 0.939891 B 2.000000 4.000000 18.000000 C[purple]
13.728063 -18.659723 43.404681 -0.249893 0.910071 0.330642 -0.968273 -0.234872 -0.085332 0.000000 -0.341475 0.939891 B 2.000000 4.000000 18.000000 C[purple]
13.683834 -25.318485 60.395892 -0.279094 0.902543 0.327906 -0.960264 -0.262318 -0.095304 -0.000000 -0.341475 0.939891 B 2.000000 4.000000 18.000000 C[purple]
-44.705100 -5.380565 -77.553608 0.999832 -0.017234 -0.006261 0.018336 0.939733 0.341418 -0.000000 -0.341475 0.939891 B 2.000000 4.000000 18.000000 C[purple]
-44.970093 -12.024499 -60.318574 0.999863 -0.015542 -0.005647 0.016536 0.939762 0.341429 0.000000 -0.341475 0.939891 B 2.000000 4.000000 18.000000 C[purple]
-44.872670 -18.242708 -42.930431 0.996668 0.076658 0.027851 -0.081560 0.936759 0.340338 0.000000 -0.341475 0.939891 B 2.000000 4.000000 18.000000 C[purple]
-44.818465 -24.733688 -25.606590 0.985465 -0.159668 -0.058009 0.169879 0.926229 0.336512 -0.000000 -0.341475 0.939891 B 2.000000 4.000000 18.000000 C[purple]
-44.758749 -31.061947 -8.371780 0.923264 -0.361073 -0.131183 0.384165 0.867768 0.315272 0.000000 -0.341475 0.939891 B 2.000000 4.000000 18.000000 C[purple]
-44.566476 25.424460 9.033691 0.978489 -0.193897 -0.070445 0.206297 0.919673 0.334130 -0.000000 -0.341475 0.939891 B 2.000000 4.000000 18.000000 C[purple]
-44.585452 19.189492 26.310751 0.923171 -0.361285 -0.131260 0.384390 0.867680 0.315240 -0.000000 -0.341475 0.939891 B 2.000000 4.000000 18.000000 C[purple]
-44.777687 12.900773 43.304273 0.983464 -0.170218 -0.061843 0.181104 0.924349 0.335829 0.000000 -0.341475 0.939891 B 2.000000 4.000000 18.000000 C[purple]
-44.839252 6.741637 60.239898 0.927642 -0.351021 -0.127531 0.373470 0.871883 0.316767 0.000000 -0.341475 0.939891 B 2.000000 4.000000 18.000000 C[purple]
-44.715979 0.642640 77.313528 0.967564 -0.237442 -0.086266 0.252627 0.909404 0.330399 0.000000 -0.341475 0.939891 B 2.000000 4.000000 18.000000 C[purple]
-23.970113 16.831387 -77.954529 -0.895352 0.418589 0.152079 -0.445360 -0.841533 -0.305741 -0.000000 -0.341475 0.939891 B 2.000000 4.000000 18.000000 C[purple]
-23.998751 10.750553 -60.631259 -0.941155 0.317660 0.115410 -0.337975 -0.884583 -0.321381 -0.000000 -0.341475 0.939891 B 2.000000 4.000000 18.000000 C[purple]
-24.278168 4.525640 -43.337797 -0.980010 0.186990 0.067936 -0.198949 -0.921102 -0.334649 -0.000000 -0.341475 0.939891 B 2.000000 4.000000 18.000000 C[purple]
-24.475081 -1.667870 -25.977823 -0.947545 0.300409 0.109143 -0.319622 -0.890589 -0.323563 0.000000 -0.341475 0.939891 B 2.000000 4.000000 18.000000 C[purple]
-24.388803 -7.976929 -8.777436 -0.787682 0.579050 0.210377 -0.616083 -0.740335 -0.268974 0.000000 -0.341475 0.939891 B 2.000000 4.000000 18.000000 C[purple]
-24.275927 -14.083866 8.364482 -0.851825 0.492340 0.178874 -0.523827 -0.800622 -0.290877 -0.000000 -0.341475 0.939891 B 2.000000 4.000000 18.000000 C[purple]
-24.142964 -20.305433 25.433341 -0.910854 0.387919 0.140936 -0.412728 -0.856104 -0.311034 0.000000 -0.341475 0.939891 B 2.000000 4.000000 18.000000 C[purple]
-24.068636 -26.437559 42.780276 -0.739617 0.632573 0.229823 -0.673028 -0.695159 -0.252561 -0.000000 -0.341475 0.939891 B 2.000000 4.000000 18.000000 C[purple]
-24.059940 29.795332 59.712834 -0.765491 0.604770 0.219721 -0.643447 -0.719478 -0.261396 -0.000000 -0.341475 0.939891 B 2.000000 4.000000 18.000000 C[purple]
-23.925225 23.214968 77.069245 -0.809268 0.552129 0.200596 -0.587440 -0.760623 -0.276345 -0.000000 -0.341475 0.939891 B 2.000000 4.000000 18.000000 C[purple]
14.006623 2.610008 -77.376790 0.954362 0.280701 0.101983 -0.298653 0.896996 0.325891 -0.000000 -0.341475 0.939891 B 2.000000 4.000000 18.000000 C[purple]
14.088115 -3.309133 -60.289061 0.998132 0.057429 0.020865 -0.061101 0.938135 0.340837 0.000000 -0.341475 0.939891 B 2.000000 4.000000 18.000000 C[purple]
14.203518 -9.173458 -43.047025 0.990507 -0.129202 -0.046941 0.137465 0.930968 0.338234 0.000000 -0.341475 0.939891 B 2.000000 4.000000 18.000000 C[purple]
14.088139 -15.623866 -25.925416 0.982304 0.176036 0.063956 -0.187294 0.923258 0.335433 -0.000000 -0.341475 0.939891 B 2.000000 4.000000 18.000000 C[purple]
14.103842 -22.017913 -8.589415 0.934377 0.334871 0.121663 -0.356287 0.878212 0.319067 0.000000 -0.341475 0.939891 B 2.000000 4.000000 18.000000 C[purple]
14.136794 -28.319061 8.304175 0.969096 0.231857 0.084237 -0.246685 0.910844 0.330922 0.000000 -0.341475 0.939891 B 2.000000 4.000000 18.000000 C[purple]
14.353997 28.081391 25.419048 0.896186 0.417009 0.151505 -0.443678 0.842317 0.306026 0.000000 -0.341475 0.939891 B 2.000000 4.000000 18.000000 C[purple]
13.958133 21.932411 42.591091 0.921544 0.364934 0.132586 -0.388273 0.866151 0.314685 0.000000 -0.341475 0.939891 B 2.000000 4.000000 18.000000 C[purple]
13.895059 15.372642 59.834818 0.986469 0.154092 0.055984 -0.163947 0.927173 0.336855 0.000000 -0.341475 0.939891 B 2.000000 4.000000 18.000000 C[purple]
13.839447 9.075751 77.464648 0.986015 0.156637 0.056908 -0.166654 0.926747 0.336700 -0.000000 -0.341475 0.939891 B 2.000000 4.000000 18.000000 C[purple]
-34.470603 -8.777385 -77.422142 0.175072 0.925375 0.336202 -0.984556 0.164549 0.059783 0.000000 -0.341475 0.939891 B 2.000000 4.000000 18.000000 C[purple]
-34.516318 -15.068135 -60.221777 -0.075365 0.937218 0.340504 -0.997156 -0.070835 -0.025735 -0.000000 -0.341475 0.939891 B 2.000000 4.000000 18.000000 C[purple]
-34.401297 -21.249917 -43.021407 -0.201401 0.920631 0.334478 -0.979509 -0.189295 -0.068773 -0.000000 -0.341475 0.939891 B 2.000000 4.000000 18.000000 C[purple]
-34.376140 -27.583547 -26.129720 -0.250650 0.909887 0.330575 -0.968078 -0.235584 -0.085591 0.000000 -0.341475 0.939891 B 2.000000 4.000000 18.000000 C[purple]
-34.269832 28.754738 -8.747824 -0.295339 0.897964 0.326243 -0.955392 -0.277587 -0.100851 0.000000 -0.341475 0.939891 B 2.000000 4.000000 18.000000 C[purple]
-34.289674 22.509364 8.282580 0.109878 0.934200 0.339408 -0.993945 0.103273 0.037521 0.000000 -0.341475 0.939891 B 2.000000 4.000000 18.000000 C[purple]
-34.119595 16.264537 25.787410 0.264087 0.906523 0.329353 -0.964499 0.248213 0.090179 0.000000 -0.341475 0.939891 B 2.000000 4.000000 18.000000 C[purple]
-34.193886 9.845137 42.743806 0.166206 0.926818 0.336726 -0.986091 0.156215 0.056755 -0.000000 -0.341475 0.939891 B 2.000000 4.000000 18.000000 C[purple]
-34.554420 3.903237 59.995259 0.188062 0.923120 0.335383 -0.982157 0.176758 0.064219 0.000000 -0.341475 0.939891 B 2.000000 4.000000 18.000000 C[purple]
-34.515959 -2.409913 77.320947 -0.160692 0.927677 0.337038 -0.987005 -0.151032 -0.054872 0.000000 -0.341475 0.939891 B 2.000000 4.000000 18.000000 C[purple]
-23.435242 -26.426414 77.773057 0.999742 0.021350 0.007757 -0.022715 0.939648 0.341387 -0.000000 -0.341475 0.939891 B 2.000000 4.000000 18.000000 C[purple]
-23.600259 29.742667 -77.265471 0.981228 -0.181258 -0.065854 0.192850 0.922247 0.335065 -0.000000 -0.341475 0.939891 B 2.000000 4.000000 18.000000 C[purple]
-23.522502 23.681046 -60.078300 0.985990 -0.156776 -0.056959 0.166802 0.926723 0.336691 -0.000000 -0.341475 0.939891 B 2.000000 4.000000 18.000000 C[purple]
-23.263754 17.146122 -42.792450 0.992559 -0.114446 -0.041580 0.121765 0.932897 0.338934 -0.000000 -0.341475 0.939891 B 2.000000 4.000000 18.000000 C[purple]
-23.338168 10.605434 -25.709177 0.983684 -0.169093 -0.061434 0.179907 0.924555 0.335904 0.000000 -0.341475 0.939891 B 2.000000 4.000000 18.000000 C[purple]
-23.362950 4.411801 -8.454146 0.980754 0.183509 0.066671 -0.195245 0.921802 0.334904 0.000000 -0.341475 0.939891 B 2.000000 4.000000 18.000000 C[purple]
-23.440874 -2.059365 8.826633 0.986977 -0.151190 -0.054930 0.160860 0.927651 0.337028 0.000000 -0.341475 0.939891 B 2.000000 4.000000 18.000000 C[purple]
-23.283141 -8.010772 26.041784 0.999949 -0.009495 -0.003450 0.010102 0.939843 0.341458 0.000000 -0.341475 0.939891 B 2.000000 4.000000 18.000000 C[purple]
-23.322129 -14.587994 43.295330 0.953579 -0.283041 -0.102833 0.301143 0.896260 0.325624 0.000000 -0.341475 0.939891 B 2.000000 4.000000 18.000000 C[purple]
-23.426012 -20.477910 60.378390 0.978067 -0.195769 -0.071126 0.208289 0.919276 0.333986 -0.000000 -0.341475 0.939891 B 2.000000 4.000000 18.000000 C[purple]
41.347473 -16.014723 -77.370984 0.777699 0.590850 0.214664 -0.628637 0.730952 0.265565 -0.000000 -0.341475 0.939891 B 2.000000 4.000000 18.000000 C[purple]
41.489320 -22.117589 -60.008608 0.746310 0.625590 0.227286 -0.665599 0.701450 0.254846 0.000000 -0.341475 0.939891 B 2.000000 4.000000 18.000000 C[purple]
41.222309 -28.225994 -42.988207 0.661257 0.705068 0.256161 -0.750160 0.621509 0.225803 -0.000000 -0.341475 0.939891 B 2.000000 4.000000 18.000000 C[purple]
41.078844 28.005137 -25.515733 0.845889 0.501299 0.182129 -0.533359 0.795043 0.288850 0.000000 -0.341475 0.939891 B 2.000000 4.000000 18.000000 C[purple]
41.453351 21.649588 -8.407262 0.794197 0.571134 0.207501 -0.607660 0.746459 0.271199 -0.000000 -0.341475 0.939891 B 2.000000 4.000000 18.000000 C[purple]
41.251692 15.413471 8.779998 0.731629 0.640727 0.232785 -0.681703 0.687651 0.249833 0.000000 -0.341475 0.939891 B 2.000000 4.000000 18.000000 C[purple]
41.329878 9.087367 25.950884 0.532272 0.795687 0.289084 -0.846574 0.500277 0.181758 0.000000 -0.341475 0.939891 B 2.000000 4.000000 18.000000 C[purple]
41.322364 3.098115 42.937762 0.672291 0.695788 0.252790 -0.740287 0.631880 0.229571 0.000000 -0.341475 0.939891 B 2.000000 4.000000 18.000000 C[purple]
41.253121 -3.325644 60.248347 0.484293 0.822316 0.298759 -0.874906 0.455183 0.165374 0.000000 -0.341475 0.939891 B 2.000000 4.000000 18.000000 C[purple]
41.321318 -9.827990 77.720733 0.680842 0.688404 0.250107 -0.732430 0.639917 0.232491 -0.000000 -0.341475 0.939891 B 2.000000 4.000000 18.000000 C[purple]
38.388033 -5.561698 77.158861 0.757881 0.613178 0.222776 -0.652392 0.712326 0.258798 -0.000000 -0.341475 0.939891 B 2.000000 4.000000 18.000000 C[purple]
38.528122 -11.670475 -77.466811 0.722488 0.649825 0.236090 -0.691383 0.679060 0.246712 0.000000 -0.341475 0.939891 B 2.000000 4.000000 18.000000 C[purple]
38.274506 -18.092752 -60.549049 0.776289 0.592485 0.215258 -0.630377 0.729627 0.265084 0.000000 -0.341475 0.939891 B 2.000000 4.000000 18.000000 C[purple]
38.199570 -24.297058 -43.329682 0.777062 0.591590 0.214933 -0.629424 0.730353 0.265348 -0.000000 -0.341475 0.939891 B 2.000000 4.000000 18.000000 C[purple]
37.844308 -30.414204 -26.338645 0.711460 0.660486 0.239964 -0.702727 0.668694 0.242946 -0.000000 -0.341475 0.939891 B 2.000000 4.000000 18.000000 C[purple]
37.993655 26.051054 -9.360716 0.792443 0.573283 0.208282 -0.609946 0.744810 0.270600 -0.000000 -0.341475 0.939891 B 2.000000 4.000000 18.000000 C[purple]
38.197559 19.753342 7.742366 0.757035 0.614100 0.223111 -0.653374 0.711530 0.258509 -0.000000 -0.341475 0.939891 B 2.000000 4.000000 18.000000 C[purple]
38.134455 13.320588 25.131747 0.872328 0.459533 0.166955 -0.488922 0.819893 0.297878 -0.000000 -0.341475 0.939891 B 2.000000 4.000000 18.000000 C[purple]
38.278160 7.013770 42.236930 0.815174 0.544400 0.197788 -0.579216 0.766175 0.278362 0.000000 -0.341475 0.939891 B 2.000000 4.000000 18.000000 C[purple]
38.370455 0.841722 59.586286 0.698496 0.672599 0.244365 -0.715614 0.656510 0.238519 -0.000000 -0.341475 0.939891 B 2.000000 4.000000 18.000000 C[purple]
1.139450 -13.394047 77.778784 0.262711 0.906877 0.329481 -0.964875 0.246919 0.089709 0.000000 -0.341475 0.939891 B 2.000000 4.000000 18.000000 C[purple]
0.917901 -19.841427 -76.820731 0.437413 0.845207 0.307075 -0.899261 0.411121 0.149366 -0.000000 -0.341475 0.939891 B 2.000000 4.000000 18.000000 C[purple]
0.927110 -26.027774 -59.471259 0.413094 0.855948 0.310978 -0.910689 0.388263 0.141061 -0.000000 -0.341475 0.939891 B 2.000000 4.000000 18.000000 C[purple]
1.111635 30.239543 -42.495138 0.270211 0.904928 0.328773 -0.962801 0.253969 0.092270 -0.000000 -0.341475 0.939891 B 2.000000 4.000000 18.000000 C[purple]
1.109414 24.250328 -25.229381 0.049160 0.938754 0.341063 -0.998791 0.046205 0.016787 0.000000 -0.341475 0.939891 B 2.000000 4.000000 18.000000 C[purple]
1.200500 17.835819 -7.945748 -0.231315 0.914400 0.332214 -0.972879 -0.217411 -0.078988 -0.000000 -0.341475 0.939891 B 2.000000 4.000000 18.000000 C[purple]
0.824690 11.324417 9.293765 -0.148688 0.929443 0.337680 -0.988884 -0.139750 -0.050773 -0.000000 -0.341475 0.939891 B 2.000000 4.000000 18.000000 C[purple]
1.210447 5.242169 26.648585 -0.139483 0.930703 0.338137 -0.990224 -0.131099 -0.047630 0.000000 -0.341475 0.939891 B 2.000000 4.000000 18.000000 C[purple]
1.123749 -1.174214 43.602431 0.008826 0.939854 0.341462 -0.999961 0.008296 0.003014 0.000000 -0.341475 0.939891 B 2.000000 4.000000 18.000000 C[purple]
1.175441 -7.051797 60.770741 0.106197 0.934576 0.339544 -0.994345 0.099813 0.036264 -0.000000 -0.341475 0.939891 B 2.000000 4.000000 18.000000 C[purple]
14.070014 -14.107703 -77.914173 -0.957663 -0.270587 -0.098308 0.287892 -0.900099 -0.327018 0.000000 -0.341475 0.939891 B 2.000000 4.000000 18.000000 C[purple]
13.677152 -20.353942 -60.793127 -0.924465 -0.358350 -0.130194 0.381268 -0.868896 -0.315682 0.000000 -0.341475 0.939891 B 2.000000 4.000000 18.000000 C[purple]
13.830885 -26.226922 -43.480733 -0.925961 -0.354920 -0.128947 0.377618 -0.870303 -0.316193 0.000000 -0.341475 0.939891 B 2.000000 4.000000 18.000000 C[purple]
13.650055 29.640554 -26.352775 -0.930037 -0.345378 -0.125481 0.367466 -0.874133 -0.317585 0.000000 -0.341475 0.939891 B 2.000000 4.000000 18.000000 C[purple]
13.718997 23.628513 -8.969967 -0.930112 -0.345200 -0.125416 0.367277 -0.874203 -0.317610 0.000000 -0.341475 0.939891 B 2.000000 4.000000 18.000000 C[purple]
13.987427 17.588293 8.141744 -0.962836 -0.253851 -0.092228 0.270085 -0.904961 -0.328785 0.000000 -0.341475 0.939891 B 2.000000 4.000000 18.000000 C[purple]
14.027527 11.425097 25.324621 -0.844660 -0.503127 -0.182793 0.535303 -0.793888 -0.288431 -0.000000 -0.341475 0.939891 B 2.000000 4.000000 18.000000 C[purple]
14.076536 4.966929 42.947031 -0.866273 -0.469543 -0.170591 0.499572 -0.814202 -0.295811 0.000000 -0.341475 0.939891 B 2.000000 4.000000 18.000000 C[purple]
13.881207 -1.126174 59.925475 -0.872020 -0.460049 -0.167142 0.489470 -0.819603 -0.297773 -0.000000 -0.341475 0.939891 B 2.000000 4.000000 18.000000 C[purple]
13.973997 -7.764998 77.022455 -0.925878 -0.355111 -0.129017 0.377822 -0.870224 -0.316165 0.000000 -0.341475 0.939891 B 2.000000 4.000000 18.000000 C[purple]
19.218713 -1.797945 -77.268502 0.267739 0.905577 0.329009 -0.963492 0.251645 0.091426 0.000000 -0.341475 0.939891 B 2.000000 4.000000 18.000000 C[purple]
19.111078 -7.892532 -59.663690 0.240054 0.912408 0.331491 -0.970760 0.225624 0.081972 0.000000 -0.341475 0.939891 B 2.000000 4.000000 18.000000 C[purple]
18.997875 -14.138164 -42.755521 0.234871 0.913599 0.331923 -0.972027 0.220753 0.080203 -0.000000 -0.341475 0.939891 B 2.000000 4.000000 18.000000 C[purple]
18.728952 -20.411996 -25.781649 0.012938 0.939812 0.341447 -0.999916 0.012160 0.004418 -0.000000 -0.341475 0.939891 B 2.000000 4.000000 18.000000 C[purple]
18.469777 -26.752010 -8.243886 0.133653 0.931458 0.338412 -0.991028 0.125620 0.045639 0.000000 -0.341475 0.939891 B 2.000000 4.000000 18.000000 C[purple]
18.532889 29.379315 8.669207 0.065340 0.937882 0.340746 -0.997863 0.061413 0.022312 -0.000000 -0.341475 0.939891 B 2.000000 4.000000 18.000000 C[purple]
18.678671 23.240073 25.871037 0.349693 0.880550 0.319916 -0.936864 0.328673 0.119412 0.000000 -0.341475 0.939891 B 2.000000 4.000000 18.000000 C[purple]
18.783093 17.050171 43.146410 0.428228 0.849352 0.308581 -0.903671 0.402488 0.146229 0.000000 -0.341475 0.939891 B 2.000000 4.000000 18.000000 C[purple]
19.201347 10.997569 60.446698 0.440111 0.843969 0.306626 -0.897943 0.413656 0.150287 0.000000 -0.341475 0.939891 B 2.000000 4.000000 18.000000 C[purple]
19.260089 4.483818 77.666501 0.508688 0.809200 0.293994 -0.860951 0.478111 0.173704 0.000000 -0.341475 0.939891 B 2.000000 4.000000 18.000000 C[purple]
40.174581 -16.645793 77.288944 0.425848 0.850408 0.308965 -0.904795 0.400251 0.145417 -0.000000 -0.341475 0.939891 B 2.000000 4.000000 18.000000 C[purple]
40.056696 -22.993391 -77.630052 0.438195 0.844849 0.306945 -0.898880 0.411856 0.149633 0.000000 -0.341475 0.939891 B 2.000000 4.000000 18.000000 C[purple]
40.109765 -29.173568 -60.202875 0.353307 0.879275 0.319453 -0.935508 0.332070 0.120646 -0.000000 -0.341475 0.939891 B 2.000000 4.000000 18.000000 C[purple]
39.985295 27.278656 -42.899529 0.615805 0.740538 0.269048 -0.787898 0.578790 0.210282 0.000000 -0.341475 0.939891 B 2.000000 4.000000 18.000000 C[purple]
40.197692 21.059588 -25.967250 0.547668 0.786402 0.285711 -0.836696 0.514748 0.187015 0.000000 -0.341475 0.939891 B 2.000000 4.000000 18.000000 C[purple]
39.950335 14.893366 -8.882290 0.378417 0.869996 0.316082 -0.925635 0.355670 0.129220 -0.000000 -0.341475 0.939891 B 2.000000 4.000000 18.000000 C[purple]
40.022608 8.686358 8.473884 0.662857 0.703739 0.255678 -0.748746 0.623013 0.226349 0.000000 -0.341475 0.939891 B 2.000000 4.000000 18.000000 C[purple]
40.152776 2.281147 25.769080 0.550021 0.784950 0.285183 -0.835151 0.516960 0.187819 0.000000 -0.341475 0.939891 B 2.000000 4.000000 18.000000 C[purple]
40.133629 -3.963385 42.958537 0.475118 0.827030 0.300472 -0.879922 0.446559 0.162241 0.000000 -0.341475 0.939891 B 2.000000 4.000000 18.000000 C[purple]
40.076608 -10.087126 59.949456 0.244542 0.911355 0.331108 -0.969639 0.229842 0.083505 0.000000 -0.341475 0.939891 B 2.000000 4.000000 18.000000 C[purple]
41.337709 27.205904 77.538252 -0.982894 0.173101 0.062890 -0.184172 -0.923813 -0.335634 0.000000 -0.341475 0.939891 B 2.000000 4.000000 18.000000 C[purple]
41.350155 20.833802 -76.876275 -0.972835 0.217583 0.079051 -0.231498 -0.914359 -0.332199 0.000000 -0.341475 0.939891 B 2.000000 4.000000 18.000000 C[purple]
41.174307 14.442534 -59.565414 -0.895318 0.418653 0.152102 -0.445427 -0.841501 -0.305729 -0.000000 -0.341475 0.939891 B 2.000000 4.000000 18.000000 C[purple]
41.390951 8.275983 -42.377017 -0.835130 0.516989 0.187829 -0.550052 -0.784931 -0.285176 -0.000000 -0.341475 0.939891 B 2.000000 4.000000 18.000000 C[purple]
41.374484 2.506903 -25.154993 -0.820771 0.536919 0.195070 -0.571257 -0.771435 -0.280273 0.000000 -0.341475 0.939891 B 2.000000 4.000000 18.000000 C[purple]
41.423595 -3.636606 -8.139482 -0.946249 0.303998 0.110447 -0.323440 -0.889370 -0.323121 0.000000 -0.341475 0.939891 B 2.000000 4.000000 18.000000 C[purple]
41.508262 -10.335584 8.974961 -0.936740 0.328986 0.119525 -0.350026 -0.880433 -0.319874 0.000000 -0.341475 0.939891 B 2.000000 4.000000 18.000000 C[purple]
41.387908 -16.457393 26.272870 -0.950928 0.290814 0.105657 -0.309413 -0.893768 -0.324718 -0.000000 -0.341475 0.939891 B 2.000000 4.000000 18.000000 C[purple]
41.037906 -22.712256 43.259203 -0.946259 0.303971 0.110437 -0.323411 -0.889380 -0.323124 -0.000000 -0.341475 0.939891 B 2.000000 4.000000 18.000000 C[purple]
41.396497 -28.912178 60.554662 -0.948293 0.298319 0.108384 -0.317398 -0.891291 -0.323819 -0.000000 -0.341475 0.939891 B 2.000000 4.000000 18.000000 C[purple]
-27.588174 -1.181020 -77.557495 0.653897 0.711106 0.258355 -0.756583 0.614592 0.223290 0.000000 -0.341475 0.939891 B 2.000000 4.000000 18.000000 C[purple]
-27.548033 -7.107050 -60.363556 0.708912 0.662902 0.240841 -0.705297 0.666300 0.242076 -0.000000 -0.341475 0.939891 B 2.000000 4.000000 18.000000 C[purple]
-27.326339 -13.370930 -43.308725 0.574711 0.769166 0.279449 -0.818357 0.540165 0.196250 -0.000000 -0.341475 0.939891 B 2.000000 4.000000 18.000000 C[purple]
-27.393880 -19.544660 -25.934682 0.584032 0.762938 0.277186 -0.811730 0.548927 0.199433 0.000000 -0.341475 0.939891 B 2.000000 4.000000 18.000000 C[purple]
-27.765245 -25.701873 -8.876898 0.468511 0.830354 0.301679 -0.883458 0.440349 0.159985 0.000000 -0.341475 0.939891 B 2.000000 4.000000 18.000000 C[purple]
-27.992688 30.363609 8.220605 0.349519 0.880611 0.319938 -0.936929 0.328510 0.119352 0.000000 -0.341475 0.939891 B 2.000000 4.000000 18.000000 C[purple]
-28.128991 24.294434 25.435995 0.617565 0.739242 0.268577 -0.786520 0.580444 0.210883 -0.000000 -0.341475 0.939891 B 2.000000 4.000000 18.000000 C[purple]
-27.778524 17.807988 42.640817 0.749187 0.622545 0.226179 -0.662359 0.704154 0.255829 0.000000 -0.341475 0.939891 B 2.000000 4.000000 18.000000 C[purple]
-27.613016 11.471430 59.639521 0.519995 0.802826 0.291678 -0.854170 0.488738 0.177565 0.000000 -0.341475 0.939891 B 2.000000 4.000000 18.000000 C[purple]
-27.618472 5.349712 77.113287 0.576095 0.768250 0.279116 -0.817383 0.541466 0.196722 0.000000 -0.341475 0.939891 B 2.000000 4.000000 18.000000 C[purple]
36.825220 27.421999 78.086688 -0.678253 -0.690658 -0.250926 0.734828 -0.637484 -0.231607 -0.000000 -0.341475 0.939891 B 2.000000 4.000000 18.000000 C[purple]
36.819005 21.086636 -76.413863 -0.680446 -0.688751 -0.250233 0.732799 -0.639544 -0.232355 -0.000000 -0.341475 0.939891 B 2.000000 4.000000 18.000000 C[purple]
37.070213 14.611650 -59.197422 -0.749721 -0.621977 -0.225973 0.661754 -0.704655 -0.256011 0.000000 -0.341475 0.939891 B 2.000000 4.000000 18.000000 C[purple]
36.987587 8.701634 -41.952315 -0.655221 -0.710028 -0.257963 0.755437 -0.615836 -0.223742 -0.000000 -0.341475 0.939891 B 2.000000 4.000000 18.000000 C[purple]
36.774955 2.640704 -24.952740 -0.452595 -0.838116 -0.304499 0.891716 -0.425390 -0.154550 0.000000 -0.341475 0.939891 B 2.000000 4.000000 18.000000 C[purple]
37.125250 -3.573826 -7.928017 -0.308724 -0.893979 -0.324795 0.951152 -0.290166 -0.105421 -0.000000 -0.341475 0.939891 B 2.000000 4.000000 18.000000 C[purple]
37.496824 -10.009307 9.249436 -0.515648 -0.805299 -0.292576 0.856801 -0.484653 -0.176081 0.000000 -0.341475 0.939891 B 2.000000 4.000000 18.000000 C[purple]
37.054553 -16.092146 26.438464 -0.522847 -0.801188 -0.291083 0.852427 -0.491419 -0.178539 0.000000 -0.341475 0.939891 B 2.000000 4.000000 18.000000 C[purple]
36.907666 -22.444368 43.651143 -0.476416 -0.826371 -0.300232 0.879220 -0.447779 -0.162684 -0.000000 -0.341475 0.939891 B 2.000000 4.000000 18.000000 C[purple]
37.155146 -28.797919 60.801260 -0.550342 -0.784752 -0.285111 0.834939 -0.517261 -0.187928 -0.000000 -0.341475 0.939891 B 2.000000 4.000000 18.000000 C[purple]
-18.389710 14.028379 -77.603573 -0.335597 0.885382 0.321672 -0.942006 -0.315425 -0.114598 -0.000000 -0.341475 0.939891 B 2.000000 4.000000 18.000000 C[purple]
-18.560412 7.385221 -60.346589 -0.404114 0.859726 0.312351 -0.914709 -0.379823 -0.137995 0.000000 -0.341475 0.939891 B 2.000000 4.000000 18.000000 C[purple]
-18.182701 1.354911 -43.268624 -0.271613 0.904557 0.328638 -0.962407 -0.255286 -0.092749 0.000000 -0.341475 0.939891 B 2.000000 4.000000 18.000000 C[purple]
-18.100152 -4.859566 -25.953770 -0.174558 0.925460 0.336233 -0.984647 -0.164066 -0.059607 0.000000 -0.341475 0.939891 B 2.000000 4.000000 18.000000 C[purple]
-18.209503 -11.454748 -8.897851 -0.077496 0.937064 0.340448 -0.996993 -0.072838 -0.026463 -0.000000 -0.341475 0.939891 B 2.000000 4.000000 18.000000 C[purple]
-18.286587 -17.714392 8.520644 -0.283833 0.901237 0.327432 -0.958874 -0.266772 -0.096922 0.000000 -0.341475 0.939891 B 2.000000 4.000000 18.000000 C[purple]
-18.230425 -24.326374 25.804972 -0.331419 0.886772 0.322177 -0.943484 -0.311497 -0.113171 -0.000000 -0.341475 0.939891 B 2.000000 4.000000 18.000000 C[purple]
-18.262809 -30.351840 43.185760 -0.120421 0.933051 0.338990 -0.992723 -0.113183 -0.041121 -0.000000 -0.341475 0.939891 B 2.000000 4.000000 18.000000 C[purple]
-18.327801 26.087986 60.149035 -0.270145 0.904945 0.328779 -0.962820 -0.253906 -0.092248 0.000000 -0.341475 0.939891 B 2.000000 4.000000 18.000000 C[purple]
-18.125195 20.117169 77.270042 -0.175118 0.925367 0.336199 -0.984547 -0.164592 -0.059799 0.000000 -0.341475 0.939891 B 2.000000 4.000000 18.000000 C[purple]
47.760314 -19.040217 -77.099622 0.702688 -0.668730 -0.242959 0.711498 0.660450 0.239951 -0.000000 -0.341475 0.939891 B 2.000000 4.000000 18.000000 C[purple]
47.378919 -25.563727 -59.901541 0.739838 -0.632344 -0.229739 0.672785 0.695367 0.252637 -0.000000 -0.341475 0.939891 B 2.000000 4.000000 18.000000 C[purple]
47.504782 30.871296 -42.764009 0.921084 -0.365959 -0.132958 0.389364 0.865718 0.314528 -0.000000 -0.341475 0.939891 B 2.000000 4.000000 18.000000 C[purple]
47.423684 24.223401 -25.743887 0.911095 -0.387420 -0.140755 0.412196 0.856330 0.311117 -0.000000 -0.341475 0.939891 B 2.000000 4.000000 18.000000 C[purple]
47.378530 18.139337 -8.689365 0.753837 -0.617566 -0.224370 0.657061 0.708525 0.257417 -0.000000 -0.341475 0.939891 B 2.000000 4.000000 18.000000 C[purple]
47.563027 11.909526 8.635856 0.732463 -0.639884 -0.232479 0.680807 0.688435 0.250118 0.000000 -0.341475 0.939891 B 2.000000 4.000000 18.000000 C[purple]
47.779355 5.658097 26.068154 0.878983 -0.448189 -0.162833 0.476853 0.826148 0.300151 -0.000000 -0.341475 0.939891 B 2.000000 4.000000 18.000000 C[purple]
47.740322 -0.569559 43.231781 0.876273 -0.452853 -0.164528 0.481814 0.823601 0.299226 0.000000 -0.341475 0.939891 B 2.000000 4.000000 18.000000 C[purple]
47.736482 -6.645760 60.517337 0.894176 -0.420804 -0.152884 0.447716 0.840427 0.305339 -0.000000 -0.341475 0.939891 B 2.000000 4.000000 18.000000 C[purple]
48.031611 -12.743110 77.879882 0.787037 -0.579824 -0.210658 0.616906 0.739729 0.268754 0.000000 -0.341475 0.939891 B 2.000000 4.000000 18.000000 C[purple]
-6.125848 29.941694 -77.587422 0.996628 0.077119 0.028018 -0.082051 0.936722 0.340324 0.000000 -0.341475 0.939891 B 2.000000 4.000000 18.000000 C[purple]
-6.020488 23.385023 -60.411616 0.995326 0.090770 0.032978 -0.096575 0.935497 0.339879 -0.000000 -0.341475 0.939891 B 2.000000 4.000000 18.000000 C[purple]
-5.854422 17.231070 -43.293666 0.952048 0.287557 0.104473 -0.305947 0.894822 0.325101 0.000000 -0.341475 0.939891 B 2.000000 4.000000 18.000000 C[purple]
-5.934186 11.129782 -26.294546 0.975258 0.207781 0.075490 -0.221069 0.916636 0.333027 0.000000 -0.341475 0.939891 B 2.000000 4.000000 18.000000 C[purple]
-5.750617 4.996568 -8.763357 0.990509 0.129189 0.046936 -0.137451 0.930970 0.338234 0.000000 -0.341475 0.939891 B 2.000000 4.000000 18.000000 C[purple]
-6.009666 -1.121875 8.344884 0.998650 -0.048830 -0.017741 0.051953 0.938621 0.341014 0.000000 -0.341475 0.939891 B 2.000000 4.000000 18.000000 C[purple]
-6.171221 -7.383515 25.827498 0.989028 -0.138847 -0.050445 0.147726 0.929578 0.337729 0.000000 -0.341475 0.939891 B 2.000000 4.000000 18.000000 C[purple]
-5.874841 -13.513459 42.965494 0.999990 -0.004239 -0.001540 0.004510 0.939881 0.341472 0.000000 -0.341475 0.939891 B 2.000000 4.000000 18.000000 C[purple]
-5.833265 -19.726730 60.314666 0.934394 0.334827 0.121647 -0.356240 0.878229 0.319073 0.000000 -0.341475 0.939891 B 2.000000 4.000000 18.000000 C[purple]
-6.165116 -25.999883 77.243276 0.920352 0.367584 0.133548 -0.391092 0.865030 0.314277 -0.000000 -0.341475 0.939891 B 2.000000 4.000000 18.000000 C[purple]
-32.361188 25.326408 77.371903 0.625041 -0.733671 -0.266553 0.780592 0.587471 0.213436 0.000000 -0.341475 0.939891 B 2.000000 4.000000 18.000000 C[purple]
-32.351777 18.985569 -77.642524 0.642232 -0.720436 -0.261744 0.766510 0.603628 0.219307 0.000000 -0.341475 0.939891 B 2.000000 4.000000 18.000000 C[purple]
-32.370881 12.836163 -60.451121 0.629193 -0.730529 -0.265411 0.777249 0.591373 0.214854 -0.000000 -0.341475 0.939891 B 2.000000 4.000000 18.000000 C[purple]
-32.501284 6.562134 -43.504379 0.771906 -0.597523 -0.217088 0.635737 0.725507 0.263587 -0.000000 -0.341475 0.939891 B 2.000000 4.000000 18.000000 C[purple]
-32.452158 0.139022 -26.033958 0.757468 -0.613628 -0.222940 0.652872 0.711938 0.258657 -0.000000 -0.341475 0.939891 B 2.000000 4.000000 18.000000 C[purple]
-32.501982 -6.104500 -8.930046 0.859649 -0.480176 -0.174455 0.510885 0.807976 0.293549 -0.000000 -0.341475 0.939891 B 2.000000 4.000000 18.000000 C[purple]
-32.419554 -12.211977 8.438825 0.742449 -0.629636 -0.228755 0.669903 0.697821 0.253528 0.000000 -0.341475 0.939891 B 2.000000 4.000000 18.000000 C[purple]
-32.251833 -18.338772 25.845344 0.917972 -0.372803 -0.135445 0.396645 0.862793 0.313465 -0.000000 -0.341475 0.939891 B 2.000000 4.000000 18.000000 C[purple]
-32.301320 -24.711744 43.133260 0.909907 -0.389878 -0.141648 0.414812 0.855213 0.310711 -0.000000 -0.341475 0.939891 B 2.000000 4.000000 18.000000 C[purple]
-32.509810 -31.114681 60.169206 0.797639 -0.566882 -0.205956 0.603136 0.749693 0.272374 -0.000000 -0.341475 0.939891 B 2.000000 4.000000 18.000000 C[purple]
47.869944 -7.034483 77.173652 0.482339 0.823330 0.299127 -0.875985 0.453346 0.164707 0.000000 -0.341475 0.939891 B 2.000000 4.000000 18.000000 C[purple]
47.721802 -13.240865 -77.277721 0.708116 0.663653 0.241114 -0.706096 0.665552 0.241804 -0.000000 -0.341475 0.939891 B 2.000000 4.000000 18.000000 C[purple]
47.478951 -19.455463 -60.262384 0.586112 0.761527 0.276674 -0.810230 0.550882 0.200143 0.000000 -0.341475 0.939891 B 2.000000 4.000000 18.000000 C[purple]
47.425983 -25.543589 -43.144087 0.487899 0.820431 0.298074 -0.872900 0.458571 0.166605 0.000000 -0.341475 0.939891 B 2.000000 4.000000 18.000000 C[purple]
47.699857 30.922509 -26.126830 0.436274 0.845727 0.307264 -0.899814 0.410050 0.148977 0.000000 -0.341475 0.939891 B 2.000000 4.000000 18.000000 C[purple]
47.415146 24.782665 -8.775304 0.556513 0.780898 0.283711 -0.830839 0.523062 0.190036 0.000000 -0.341475 0.939891 B 2.000000 4.000000 18.000000 C[purple]
