-5.202342 -1.832917 -77.327745 0.504497 0.811514 0.294834 -0.863413 0.474172 0.172273 0.000000 -0.341475 0.939891 B 2.000000 4.000000 18.000000 C[purple]
-5.350726 -8.034935 -60.108614 0.663779 0.702972 0.255399 -0.747929 0.623879 0.226664 -0.000000 -0.341475 0.939891 B 2.000000 4.000000 18.000000 C[purple]
-5.501535 -14.581807 -42.877942 0.580333 0.765427 0.278090 -0.814379 0.545450 0.198170 -0.000000 -0.341475 0.939891 B 2.000000 4.000000 18.000000 C[purple]
-5.359059 -21.116026 -25.538425 0.556127 0.781140 0.283799 -0.831097 0.522699 0.189904 -0.000000 -0.341475 0.939891 B 2.000000 4.000000 18.000000 C[purple]
-5.633416 -27.502060 -8.571337 0.464933 0.832128 0.302324 -0.885346 0.436986 0.158763 -0.000000 -0.341475 0.939891 B 2.000000 4.000000 18.000000 C[purple]
-5.724351 28.819640 9.028294 0.475789 0.826690 0.300348 -0.879559 0.447190 0.162470 0.000000 -0.341475 0.939891 B 2.000000 4.000000 18.000000 C[purple]
-5.808685 22.795328 26.049031 0.700301 0.670939 0.243761 -0.713847 0.658207 0.239136 0.000000 -0.341475 0.939891 B 2.000000 4.000000 18.000000 C[purple]
-5.434329 16.715259 43.171818 0.644868 0.718353 0.260988 -0.764294 0.606106 0.220207 0.000000 -0.341475 0.939891 B 2.000000 4.000000 18.000000 C[purple]
-5.422969 10.391291 60.037270 0.710155 0.661726 0.240414 -0.704046 0.667468 0.242500 -0.000000 -0.341475 0.939891 B 2.000000 4.000000 18.000000 C[purple]
-5.377927 4.264580 77.369585 0.567830 0.773667 0.281084 -0.823146 0.533698 0.193900 0.000000 -0.341475 0.939891 B 2.000000 4.000000 18.000000 C[purple]
41.830129 -4.304002 76.880296 -0.022008 -0.939663 -0.341393 0.999758 -0.020685 -0.007515 0.000000 -0.341475 0.939891 B 2.000000 4.000000 18.000000 C[purple]
41.497290 -10.435453 -77.764009 -0.160021 -0.927779 -0.337075 0.987114 -0.150403 -0.054643 -0.000000 -0.341475 0.939891 B 2.000000 4.000000 18.000000 C[purple]
41.668549 -16.763724 -60.210150 -0.237735 -0.912944 -0.331685 0.971330 -0.223445 -0.081181 0.000000 -0.341475 0.939891 B 2.000000 4.000000 18.000000 C[purple]
41.849449 -23.006907 -42.938376 -0.475324 -0.826926 -0.300434 0.879811 -0.446753 -0.162311 0.000000 -0.341475 0.939891 B 2.000000 4.000000 18.000000 C[purple]
41.834768 -29.413993 -25.921045 -0.282360 -0.901645 -0.327580 0.959308 -0.265388 -0.096419 -0.000000 -0.341475 0.939891 B 2.000000 4.000000 18.000000 C[purple]
41.707919 26.592081 -8.736998 -0.270129 -0.904949 -0.328781 0.962824 -0.253892 -0.092243 -0.000000 -0.341475 0.939891 B 2.000000 4.000000 18.000000 C[purple]
41.878388 20.403148 8.667161 -0.048378 -0.938790 -0.341076 0.998829 -0.045470 -0.016520 0.000000 -0.341475 0.939891 B 2.000000 4.000000 18.000000 C[purple]
41.594479 14.372010 25.725849 0.141599 -0.930420 -0.338035 0.989924 0.133087 0.048352 0.000000 -0.341475 0.939891 B 2.000000 4.000000 18.000000 C[purple]
41.376255 8.178303 42.702014 -0.138794 -0.930794 -0.338170 0.990321 -0.130451 -0.047395 0.000000 -0.341475 0.939891 B 2.000000 4.000000 18.000000 C[purple]
41.431877 2.038073 59.821054 0.116390 -0.933503 -0.339155 0.993204 0.109394 0.039744 0.000000 -0.341475 0.939891 B 2.000000 4.000000 18.000000 C[purple]
-49.141402 -24.888282 77.570426 -0.564844 -0.775596 -0.281785 0.825198 -0.530891 -0.192880 0.000000 -0.341475 0.939891 B 2.000000 4.000000 18.000000 C[purple]
-49.318903 -31.051451 -76.939570 -0.769167 -0.600635 -0.218219 0.639047 -0.722933 -0.262652 0.000000 -0.341475 0.939891 B 2.000000 4.000000 18.000000 C[purple]
-49.391365 24.998226 -59.585018 -0.573992 -0.769640 -0.279621 0.818861 -0.539489 -0.196004 -0.000000 -0.341475 0.939891 B 2.000000 4.000000 18.000000 C[purple]
-49.542787 18.477515 -42.404218 -0.522799 -0.801215 -0.291093 0.852456 -0.491374 -0.178523 0.000000 -0.341475 0.939891 B 2.000000 4.000000 18.000000 C[purple]
-49.524549 12.269892 -25.317192 -0.593444 -0.756495 -0.274845 0.804876 -0.557772 -0.202646 0.000000 -0.341475 0.939891 B 2.000000 4.000000 18.000000 C[purple]
-49.453842 6.349022 -8.247945 -0.665484 -0.701546 -0.254881 0.746412 -0.625482 -0.227246 0.000000 -0.341475 0.939891 B 2.000000 4.000000 18.000000 C[purple]
-49.087384 0.015750 8.772900 -0.587503 -0.760580 -0.276329 0.809222 -0.552189 -0.200618 0.000000 -0.341475 0.939891 B 2.000000 4.000000 18.000000 C[purple]
-48.984673 -6.052501 26.119719 -0.640471 -0.721819 -0.262247 0.767982 -0.601973 -0.218705 0.000000 -0.341475 0.939891 B 2.000000 4.000000 18.000000 C[purple]
-49.136835 -12.688965 43.288346 -0.678623 -0.690337 -0.250809 0.734486 -0.637832 -0.231733 -0.000000 -0.341475 0.939891 B 2.000000 4.000000 18.000000 C[purple]
-48.833732 -18.750630 60.341356 -0.686163 -0.683721 -0.248405 0.727447 -0.644919 -0.234308 -0.000000 -0.341475 0.939891 B 2.000000 4.000000 18.000000 C[purple]
32.727226 3.064591 77.091411 0.964429 0.248453 0.090267 -0.264343 0.906458 0.329329 0.000000 -0.341475 0.939891 B 2.000000 4.000000 18.000000 C[purple]
32.796773 -3.359920 -77.676919 0.999988 -0.004674 -0.001698 0.004973 0.939879 0.341471 0.000000 -0.341475 0.939891 B 2.000000 4.000000 18.000000 C[purple]
32.999611 -9.503074 -60.444058 0.994261 -0.100547 -0.036530 0.106977 0.934497 0.339516 -0.000000 -0.341475 0.939891 B 2.000000 4.000000 18.000000 C[purple]
32.911129 -15.941760 -43.307572 1.000000 -0.000532 -0.000193 0.000567 0.939891 0.341475 0.000000 -0.341475 0.939891 B 2.000000 4.000000 18.000000 C[purple]
32.560104 -22.193164 -26.098687 0.996494 0.078632 0.028568 -0.083661 0.936596 0.340278 -0.000000 -0.341475 0.939891 B 2.000000 4.000000 18.000000 C[purple]
32.420854 -28.178165 -8.519061 0.998186 0.056592 0.020561 -0.060211 0.938185 0.340856 0.000000 -0.341475 0.939891 B 2.000000 4.000000 18.000000 C[purple]
32.607435 28.438623 8.737191 0.998666 0.048534 0.017633 -0.051638 0.938637 0.341020 -0.000000 -0.341475 0.939891 B 2.000000 4.000000 18.000000 C[purple]
32.698115 22.009733 25.641853 0.967131 0.238992 0.086829 -0.254277 0.908998 0.330252 0.000000 -0.341475 0.939891 B 2.000000 4.000000 18.000000 C[purple]
33.007557 15.906849 42.832111 0.928049 0.350070 0.127185 -0.372459 0.872264 0.316906 0.000000 -0.341475 0.939891 B 2.000000 4.000000 18.000000 C[purple]
32.928586 9.467928 59.944133 0.989189 0.137834 0.050077 -0.146649 0.929729 0.337784 0.000000 -0.341475 0.939891 B 2.000000 4.000000 18.000000 C[purple]
46.308279 30.184077 -77.420756 0.959651 -0.264290 -0.096020 0.281193 0.901967 0.327697 -0.000000 -0.341475 0.939891 B 2.000000 4.000000 18.000000 C[purple]
46.588327 24.050937 -60.036813 0.959049 -0.266214 -0.096719 0.283239 0.901402 0.327492 0.000000 -0.341475 0.939891 B 2.000000 4.000000 18.000000 C[purple]
46.546172 17.879695 -42.754738 0.970036 -0.228358 -0.082966 0.242963 0.911728 0.331243 -0.000000 -0.341475 0.939891 B 2.000000 4.000000 18.000000 C[purple]
46.427200 11.380827 -25.518518 0.953022 -0.284694 -0.103433 0.302901 0.895736 0.325434 -0.000000 -0.341475 0.939891 B 2.000000 4.000000 18.000000 C[purple]
46.252228 5.458134 -8.362790 0.930874 -0.343379 -0.124754 0.365340 0.874920 0.317871 0.000000 -0.341475 0.939891 B 2.000000 4.000000 18.000000 C[purple]
46.244608 -0.622807 8.642544 0.999742 -0.021348 -0.007756 0.022713 0.939648 0.341387 0.000000 -0.341475 0.939891 B 2.000000 4.000000 18.000000 C[purple]
46.311399 -7.125829 25.543551 0.994024 -0.102604 -0.037277 0.109166 0.934274 0.339435 -0.000000 -0.341475 0.939891 B 2.000000 4.000000 18.000000 C[purple]
46.402940 -13.366736 42.720123 0.974723 -0.209987 -0.076291 0.223417 0.916133 0.332844 -0.000000 -0.341475 0.939891 B 2.000000 4.000000 18.000000 C[purple]
46.096981 -19.477587 59.735151 0.993660 -0.105669 -0.038391 0.112427 0.933932 0.339310 0.000000 -0.341475 0.939891 B 2.000000 4.000000 18.000000 C[purple]
46.066678 -25.822059 77.247637 0.919362 -0.369764 -0.134341 0.393412 0.864100 0.313940 0.000000 -0.341475 0.939891 B 2.000000 4.000000 18.000000 C[purple]
50.115583 19.573004 77.042792 0.355577 0.878466 0.319159 -0.934647 0.334204 0.121421 -0.000000 -0.341475 0.939891 B 2.000000 4.000000 18.000000 C[purple]
49.692940 13.413755 -77.956562 0.350786 0.880166 0.319777 -0.936456 0.329701 0.119785 0.000000 -0.341475 0.939891 B 2.000000 4.000000 18.000000 C[purple]
49.807911 7.330681 -60.511596 0.157953 0.928092 0.337189 -0.987447 0.148459 0.053937 0.000000 -0.341475 0.939891 B 2.000000 4.000000 18.000000 C[purple]
50.034529 1.194822 -43.310360 0.041318 0.939088 0.341184 -0.999146 0.038835 0.014109 0.000000 -0.341475 0.939891 B 2.000000 4.000000 18.000000 C[purple]
50.072603 -5.154817 -26.179712 0.347966 0.881154 0.320136 -0.937507 0.327050 0.118822 0.000000 -0.341475 0.939891 B 2.000000 4.000000 18.000000 C[purple]
50.146397 -11.681895 -9.067869 0.243552 0.911588 0.331193 -0.969888 0.228913 0.083167 -0.000000 -0.341475 0.939891 B 2.000000 4.000000 18.000000 C[purple]
50.194453 -17.887017 8.202834 0.600604 0.751486 0.273025 -0.799547 0.564502 0.205092 0.000000 -0.341475 0.939891 B 2.000000 4.000000 18.000000 C[purple]
50.196153 -24.234432 25.517458 0.362180 0.876080 0.318292 -0.932108 0.340409 0.123675 0.000000 -0.341475 0.939891 B 2.000000 4.000000 18.000000 C[purple]
-49.928825 -30.633924 42.918279 0.206586 0.919616 0.334109 -0.978428 0.194168 0.070544 0.000000 -0.341475 0.939891 B 2.000000 4.000000 18.000000 C[purple]
-50.116737 25.768748 59.897030 0.378572 0.869936 0.316060 -0.925572 0.355816 0.129273 0.000000 -0.341475 0.939891 B 2.000000 4.000000 18.000000 C[purple]
-10.147791 27.660926 -77.566698 0.756566 0.614611 0.223297 -0.653917 0.711090 0.258349 0.000000 -0.341475 0.939891 B 2.000000 4.000000 18.000000 C[purple]
-10.356861 21.303186 -60.110783 0.589368 0.759305 0.275866 -0.807865 0.553941 0.201255 -0.000000 -0.341475 0.939891 B 2.000000 4.000000 18.000000 C[purple]
-9.968363 14.915804 -42.936825 0.613513 0.742217 0.269658 -0.789685 0.576635 0.209500 0.000000 -0.341475 0.939891 B 2.000000 4.000000 18.000000 C[purple]
-9.932121 8.708541 -26.001291 0.779246 0.589047 0.214009 -0.626718 0.732406 0.266093 0.000000 -0.341475 0.939891 B 2.000000 4.000000 18.000000 C[purple]
-10.014331 2.571730 -8.689455 0.963851 0.250426 0.090983 -0.266442 0.905915 0.329131 0.000000 -0.341475 0.939891 B 2.000000 4.000000 18.000000 C[purple]
-10.012116 -3.620873 8.681179 0.792959 0.572652 0.208052 -0.609275 0.745295 0.270776 -0.000000 -0.341475 0.939891 B 2.000000 4.000000 18.000000 C[purple]
-9.741090 -10.059107 25.707791 0.693953 0.676741 0.245869 -0.720021 0.652240 0.236968 -0.000000 -0.341475 0.939891 B 2.000000 4.000000 18.000000 C[purple]
-9.569242 -16.327998 43.001242 0.745789 0.626138 0.227485 -0.666182 0.700961 0.254669 -0.000000 -0.341475 0.939891 B 2.000000 4.000000 18.000000 C[purple]
-9.879928 -22.851258 60.100701 0.718348 0.653866 0.237559 -0.695683 0.675169 0.245298 0.000000 -0.341475 0.939891 B 2.000000 4.000000 18.000000 C[purple]
-10.143588 -28.737273 77.160642 0.764699 0.605654 0.220043 -0.644388 0.718733 0.261126 0.000000 -0.341475 0.939891 B 2.000000 4.000000 18.000000 C[purple]
-9.817312 17.408906 -77.294127 -0.985624 0.158798 0.057693 -0.168953 -0.926379 -0.336566 0.000000 -0.341475 0.939891 B 2.000000 4.000000 18.000000 C[purple]
-9.627891 11.418228 -60.303697 -0.999567 0.027670 0.010053 -0.029440 -0.939483 -0.341327 0.000000 -0.341475 0.939891 B 2.000000 4.000000 18.000000 C[purple]
-9.665829 5.016143 -42.866264 -0.944162 0.309676 0.112510 -0.329481 -0.887409 -0.322408 -0.000000 -0.341475 0.939891 B 2.000000 4.000000 18.000000 C[purple]
-9.533588 -1.205446 -25.352606 -0.973500 0.214941 0.078091 -0.228687 -0.914984 -0.332426 0.000000 -0.341475 0.939891 B 2.000000 4.000000 18.000000 C[purple]
-9.572045 -7.605878 -8.510623 -0.999774 -0.019973 -0.007257 0.021251 -0.939678 -0.341398 0.000000 -0.341475 0.939891 B 2.000000 4.000000 18.000000 C[purple]
-9.490638 -13.724198 8.530559 -0.999632 0.025506 0.009267 -0.027137 -0.939545 -0.341350 0.000000 -0.341475 0.939891 B 2.000000 4.000000 18.000000 C[purple]
-9.496771 -20.055873 25.720046 -0.918850 0.370887 0.134748 -0.394607 -0.863619 -0.313765 0.000000 -0.341475 0.939891 B 2.000000 4.000000 18.000000 C[purple]
-9.601093 -26.570184 42.908388 -0.889438 0.429582 0.156073 -0.457055 -0.835975 -0.303721 -0.000000 -0.341475 0.939891 B 2.000000 4.000000 18.000000 C[purple]
-9.794117 29.723471 60.302277 -0.972005 0.220835 0.080232 -0.234958 -0.913579 -0.331916 0.000000 -0.341475 0.939891 B 2.000000 4.000000 18.000000 C[purple]
-9.624933 23.749252 77.371677 -0.994941 0.094424 0.034306 -0.100463 -0.935136 -0.339748 0.000000 -0.341475 0.939891 B 2.000000 4.000000 18.000000 C[purple]
-37.037001 -30.918203 78.138013 -0.004634 -0.939881 -0.341472 0.999989 -0.004355 -0.001582 -0.000000 -0.341475 0.939891 B 2.000000 4.000000 18.000000 C[purple]
-37.184183 25.252993 -76.645120 0.196090 -0.921644 -0.334846 0.980586 0.184304 0.066960 0.000000 -0.341475 0.939891 B 2.000000 4.000000 18.000000 C[purple]
-37.186088 18.792432 -59.708816 0.195794 -0.921699 -0.334866 0.980645 0.184025 0.066859 -0.000000 -0.341475 0.939891 B 2.000000 4.000000 18.000000 C[purple]
-37.277837 12.710188 -42.593264 0.119653 -0.933138 -0.339022 0.992816 0.112461 0.040859 -0.000000 -0.341475 0.939891 B 2.000000 4.000000 18.000000 C[purple]
-37.113456 6.482408 -25.412476 -0.209812 -0.918970 -0.333875 0.977742 -0.197200 -0.071646 0.000000 -0.341475 0.939891 B 2.000000 4.000000 18.000000 C[purple]
-37.052321 0.115281 -8.247071 0.044671 -0.938952 -0.341135 0.999002 0.041986 0.015254 0.000000 -0.341475 0.939891 B 2.000000 4.000000 18.000000 C[purple]
-37.015873 -5.909518 8.887828 -0.226905 -0.915375 -0.332569 0.973917 -0.213266 -0.077483 0.000000 -0.341475 0.939891 B 2.000000 4.000000 18.000000 C[purple]
-37.167526 -11.901401 25.993001 -0.286237 -0.900565 -0.327188 0.958159 -0.269032 -0.097743 0.000000 -0.341475 0.939891 B 2.000000 4.000000 18.000000 C[purple]
-36.997224 -17.910849 43.066103 -0.232798 -0.914067 -0.332093 0.972525 -0.218805 -0.079495 0.000000 -0.341475 0.939891 B 2.000000 4.000000 18.000000 C[purple]
-37.017009 -24.389519 60.595856 -0.132721 -0.931576 -0.338455 0.991153 -0.124743 -0.045321 0.000000 -0.341475 0.939891 B 2.000000 4.000000 18.000000 C[purple]
21.310991 8.721889 -77.510027 0.024126 0.939617 0.341376 -0.999709 0.022676 0.008239 -0.000000 -0.341475 0.939891 B 2.000000 4.000000 18.000000 C[purple]
21.216938 2.254543 -60.081780 -0.134810 0.931311 0.338358 -0.990871 -0.126707 -0.046034 0.000000 -0.341475 0.939891 B 2.000000 4.000000 18.000000 C[purple]
21.155055 -4.063741 -42.990176 -0.023168 0.939638 0.341384 -0.999732 -0.021775 -0.007911 -0.000000 -0.341475 0.939891 B 2.000000 4.000000 18.000000 C[purple]
20.901379 -10.526476 -25.578335 0.091590 0.935940 0.340040 -0.995797 0.086084 0.031276 0.000000 -0.341475 0.939891 B 2.000000 4.000000 18.000000 C[purple]
20.525192 -16.910663 -8.322441 0.192146 0.922377 0.335112 -0.981366 0.180596 0.065613 -0.000000 -0.341475 0.939891 B 2.000000 4.000000 18.000000 C[purple]
20.793914 -23.090033 8.659235 0.424420 0.851038 0.309194 -0.905465 0.398909 0.144929 0.000000 -0.341475 0.939891 B 2.000000 4.000000 18.000000 C[purple]
20.728992 -28.988148 25.928054 0.376853 0.870595 0.316299 -0.926273 0.354201 0.128686 -0.000000 -0.341475 0.939891 B 2.000000 4.000000 18.000000 C[purple]
21.073327 27.233484 43.047739 0.544195 0.788529 0.286484 -0.838959 0.511484 0.185829 0.000000 -0.341475 0.939891 B 2.000000 4.000000 18.000000 C[purple]
20.924153 21.285099 60.429625 0.635818 0.725444 0.263564 -0.771839 0.597599 0.217116 0.000000 -0.341475 0.939891 B 2.000000 4.000000 18.000000 C[purple]
21.099235 14.991245 77.477922 0.356859 0.878007 0.318992 -0.934158 0.335408 0.121858 -0.000000 -0.341475 0.939891 B 2.000000 4.000000 18.000000 C[purple]
-40.948605 -2.509519 -77.126947 0.799955 0.563990 0.204906 -0.600059 0.751871 0.273165 -0.000000 -0.341475 0.939891 B 2.000000 4.000000 18.000000 C[purple]
-40.814968 -8.643835 -59.812328 0.733231 0.639107 0.232196 -0.679980 0.689157 0.250380 -0.000000 -0.341475 0.939891 B 2.000000 4.000000 18.000000 C[purple]
-40.850664 -15.094857 -42.847384 0.848428 0.497494 0.180746 -0.529310 0.797430 0.289717 0.000000 -0.341475 0.939891 B 2.000000 4.000000 18.000000 C[purple]
-41.059056 -21.109914 -25.371618 0.920787 0.366619 0.133198 -0.390065 0.865439 0.314426 -0.000000 -0.341475 0.939891 B 2.000000 4.000000 18.000000 C[purple]
-40.956122 -27.464362 -8.462700 0.815196 0.544370 0.197777 -0.579185 0.766195 0.278369 -0.000000 -0.341475 0.939891 B 2.000000 4.000000 18.000000 C[purple]
-40.675610 28.516024 8.954384 0.767756 0.602228 0.218798 -0.640742 0.721607 0.262170 -0.000000 -0.341475 0.939891 B 2.000000 4.000000 18.000000 C[purple]
-40.698728 22.448012 26.229804 0.801212 0.562412 0.204332 -0.598380 0.753052 0.273594 0.000000 -0.341475 0.939891 B 2.000000 4.000000 18.000000 C[purple]
-40.625721 16.141813 43.254417 0.859922 0.479744 0.174298 -0.510426 0.808233 0.293642 0.000000 -0.341475 0.939891 B 2.000000 4.000000 18.000000 C[purple]
-40.635689 9.712680 60.224260 0.901519 0.406729 0.147770 -0.432740 0.847329 0.307846 0.000000 -0.341475 0.939891 B 2.000000 4.000000 18.000000 C[purple]
-40.774253 3.616159 77.368929 0.687522 0.682515 0.247967 -0.726164 0.646195 0.234772 -0.000000 -0.341475 0.939891 B 2.000000 4.000000 18.000000 C[purple]
-22.223831 -27.277655 77.394197 -0.732795 -0.639548 -0.232357 0.680449 -0.688748 -0.250232 0.000000 -0.341475 0.939891 B 2.000000 4.000000 18.000000 C[purple]
-22.333075 28.972237 -77.074985 -0.472717 -0.828245 -0.300913 0.881214 -0.444302 -0.161421 0.000000 -0.341475 0.939891 B 2.000000 4.000000 18.000000 C[purple]
-22.534262 22.886787 -59.792344 -0.508221 -0.809459 -0.294088 0.861226 -0.477673 -0.173545 -0.000000 -0.341475 0.939891 B 2.000000 4.000000 18.000000 C[purple]
-22.596237 16.928318 -42.764987 -0.684456 -0.685232 -0.248954 0.729055 -0.643313 -0.233725 0.000000 -0.341475 0.939891 B 2.000000 4.000000 18.000000 C[purple]
-22.453837 10.343165 -25.619953 -0.584300 -0.762756 -0.277120 0.811537 -0.549179 -0.199524 -0.000000 -0.341475 0.939891 B 2.000000 4.000000 18.000000 C[purple]
-22.465832 4.168014 -8.384410 -0.709021 -0.662799 -0.240804 0.705187 -0.666403 -0.242113 -0.000000 -0.341475 0.939891 B 2.000000 4.000000 18.000000 C[purple]
-22.210278 -2.080533 8.796205 -0.626271 -0.732744 -0.266216 0.779605 -0.588627 -0.213856 -0.000000 -0.341475 0.939891 B 2.000000 4.000000 18.000000 C[purple]
-22.185907 -8.486729 26.083481 -0.681863 -0.687511 -0.249782 0.731480 -0.640877 -0.232840 -0.000000 -0.341475 0.939891 B 2.000000 4.000000 18.000000 C[purple]
-22.223695 -14.866657 43.121894 -0.734785 -0.637528 -0.231623 0.678300 -0.690618 -0.250911 -0.000000 -0.341475 0.939891 B 2.000000 4.000000 18.000000 C[purple]
-22.437943 -21.099841 60.323827 -0.531911 -0.795900 -0.289161 0.846800 -0.499938 -0.181635 -0.000000 -0.341475 0.939891 B 2.000000 4.000000 18.000000 C[purple]
-5.690854 8.465845 -76.988438 0.621407 -0.736393 -0.267542 0.783488 0.584055 0.212195 0.000000 -0.341475 0.939891 B 2.000000 4.000000 18.000000 C[purple]
-6.005896 2.015971 -59.732113 0.390496 -0.865268 -0.314364 0.920605 0.367023 0.133345 -0.000000 -0.341475 0.939891 B 2.000000 4.000000 18.000000 C[purple]
-5.613852 -4.097666 -42.587381 0.304012 -0.895404 -0.325313 0.952668 0.285738 0.103813 0.000000 -0.341475 0.939891 B 2.000000 4.000000 18.000000 C[purple]
-5.489673 -10.457631 -25.504795 0.238912 -0.912673 -0.331587 0.971041 0.224551 0.081582 0.000000 -0.341475 0.939891 B 2.000000 4.000000 18.000000 C[purple]
-5.483461 -16.741502 -8.619993 0.494346 -0.817014 -0.296833 0.869265 0.464631 0.168807 0.000000 -0.341475 0.939891 B 2.000000 4.000000 18.000000 C[purple]
-5.359316 -22.893159 8.706353 0.617340 -0.739409 -0.268638 0.786697 0.580232 0.210806 -0.000000 -0.341475 0.939891 B 2.000000 4.000000 18.000000 C[purple]
-5.285712 -29.084799 26.179369 0.434692 -0.846446 -0.307526 0.900579 0.408563 0.148436 0.000000 -0.341475 0.939891 B 2.000000 4.000000 18.000000 C[purple]
-5.256747 27.160523 43.483007 0.553360 -0.782874 -0.284429 0.832942 0.520098 0.188959 0.000000 -0.341475 0.939891 B 2.000000 4.000000 18.000000 C[purple]
-5.340989 20.745011 60.514253 0.574700 -0.769173 -0.279451 0.818364 0.540155 0.196246 -0.000000 -0.341475 0.939891 B 2.000000 4.000000 18.000000 C[purple]
-5.517143 14.510259 77.520064 0.528208 -0.798075 -0.289952 0.849115 0.496458 0.180370 -0.000000 -0.341475 0.939891 B 2.000000 4.000000 18.000000 C[purple]
-44.834421 -19.673453 77.443832 0.866633 0.468955 0.170378 -0.498946 0.814540 0.295934 0.000000 -0.341475 0.939891 B 2.000000 4.000000 18.000000 C[purple]
-45.073114 -25.704911 -77.441549 0.821048 0.536545 0.194934 -0.570859 0.771696 0.280368 0.000000 -0.341475 0.939891 B 2.000000 4.000000 18.000000 C[purple]
-44.818196 30.387144 -60.091429 0.781911 0.585918 0.212872 -0.623390 0.734911 0.267003 -0.000000 -0.341475 0.939891 B 2.000000 4.000000 18.000000 C[purple]
-45.047702 24.213848 -43.090979 0.650118 0.714161 0.259464 -0.759834 0.611039 0.221999 -0.000000 -0.341475 0.939891 B 2.000000 4.000000 18.000000 C[purple]
-44.839717 18.166918 -25.859243 0.738396 0.633831 0.230280 -0.674367 0.694012 0.252144 -0.000000 -0.341475 0.939891 B 2.000000 4.000000 18.000000 C[purple]
-44.806336 11.777694 -8.977770 0.849521 0.495843 0.180147 -0.527554 0.798457 0.290091 -0.000000 -0.341475 0.939891 B 2.000000 4.000000 18.000000 C[purple]
-44.983885 5.363746 8.401493 0.737004 0.635261 0.230799 -0.675889 0.692703 0.251669 0.000000 -0.341475 0.939891 B 2.000000 4.000000 18.000000 C[purple]
-44.780022 -1.241413 25.812188 0.705914 0.665722 0.241866 -0.708298 0.663482 0.241052 0.000000 -0.341475 0.939891 B 2.000000 4.000000 18.000000 C[purple]
-44.836414 -7.181896 43.128737 0.806048 0.556274 0.202102 -0.591850 0.757597 0.275246 0.000000 -0.341475 0.939891 B 2.000000 4.000000 18.000000 C[purple]
-45.059413 -13.368055 60.068496 0.771886 0.597546 0.217097 -0.635761 0.725489 0.263580 0.000000 -0.341475 0.939891 B 2.000000 4.000000 18.000000 C[purple]
42.354810 -15.470036 -77.477195 0.954732 -0.279586 -0.101577 0.297466 0.897344 0.326018 -0.000000 -0.341475 0.939891 B 2.000000 4.000000 18.000000 C[purple]
42.217205 -21.573684 -60.391257 0.999938 0.010470 0.003804 -0.011140 0.939832 0.341454 0.000000 -0.341475 0.939891 B 2.000000 4.000000 18.000000 C[purple]
42.231494 -27.771448 -43.285864 0.925625 -0.355694 -0.129229 0.378442 0.869986 0.316078 0.000000 -0.341475 0.939891 B 2.000000 4.000000 18.000000 C[purple]
41.909733 28.734893 -26.239072 0.948210 -0.298550 -0.108468 0.317644 0.891214 0.323790 0.000000 -0.341475 0.939891 B 2.000000 4.000000 18.000000 C[purple]
41.950182 22.877020 -9.062678 0.948103 -0.298851 -0.108577 0.317964 0.891113 0.323754 -0.000000 -0.341475 0.939891 B 2.000000 4.000000 18.000000 C[purple]
42.003780 16.377392 8.071149 0.902114 -0.405562 -0.147346 0.431499 0.847888 0.308050 0.000000 -0.341475 0.939891 B 2.000000 4.000000 18.000000 C[purple]
42.134347 10.001383 25.396591 0.938632 -0.324186 -0.117781 0.344919 0.882212 0.320520 -0.000000 -0.341475 0.939891 B 2.000000 4.000000 18.000000 C[purple]
42.182709 3.527319 42.572053 0.882150 -0.442659 -0.160824 0.470968 0.829125 0.301233 -0.000000 -0.341475 0.939891 B 2.000000 4.000000 18.000000 C[purple]
42.361330 -2.818447 59.971249 0.835126 -0.516995 -0.187831 0.550058 0.784927 0.285175 0.000000 -0.341475 0.939891 B 2.000000 4.000000 18.000000 C[purple]
42.433122 -9.132174 77.309947 0.860609 -0.478654 -0.173902 0.509266 0.808879 0.293877 0.000000 -0.341475 0.939891 B 2.000000 4.000000 18.000000 C[purple]
45.244290 -11.217989 77.220131 0.924747 -0.357705 -0.129959 0.380582 0.869161 0.315778 0.000000 -0.341475 0.939891 B 2.000000 4.000000 18.000000 C[purple]
45.151813 -17.620427 -77.534229 0.996942 -0.073443 -0.026683 0.078140 0.937017 0.340431 0.000000 -0.341475 0.939891 B 2.000000 4.000000 18.000000 C[purple]
45.116217 -23.527309 -60.293959 0.964632 0.247756 0.090013 -0.263601 0.906648 0.329398 -0.000000 -0.341475 0.939891 B 2.000000 4.000000 18.000000 C[purple]
44.960542 -29.601541 -43.280591 0.940540 0.319266 0.115994 -0.339684 0.884004 0.321171 0.000000 -0.341475 0.939891 B 2.000000 4.000000 18.000000 C[purple]
45.227721 26.865224 -26.027356 0.973346 0.215556 0.078315 -0.229342 0.914839 0.332374 -0.000000 -0.341475 0.939891 B 2.000000 4.000000 18.000000 C[purple]
45.387364 20.669161 -8.763048 0.999993 0.003471 0.001261 -0.003693 0.939884 0.341473 0.000000 -0.341475 0.939891 B 2.000000 4.000000 18.000000 C[purple]
45.488977 14.537435 8.621170 0.999760 -0.020576 -0.007476 0.021892 0.939665 0.341394 -0.000000 -0.341475 0.939891 B 2.000000 4.000000 18.000000 C[purple]
45.399165 7.946502 25.706572 0.989769 -0.134105 -0.048722 0.142682 0.930274 0.337982 -0.000000 -0.341475 0.939891 B 2.000000 4.000000 18.000000 C[purple]
45.574873 1.646013 43.229049 0.972173 -0.220182 -0.079995 0.234263 0.913737 0.331973 -0.000000 -0.341475 0.939891 B 2.000000 4.000000 18.000000 C[purple]
45.280765 -4.873637 60.346331 0.962546 -0.254823 -0.092581 0.271120 0.904688 0.328686 -0.000000 -0.341475 0.939891 B 2.000000 4.000000 18.000000 C[purple]
-19.199826 -24.356711 77.551090 -0.955881 0.276097 0.100310 -0.293754 -0.898424 -0.326410 -0.000000 -0.341475 0.939891 B 2.000000 4.000000 18.000000 C[purple]
-19.006629 -30.455593 -77.364647 -0.950751 0.291326 0.105843 -0.309957 -0.893602 -0.324658 0.000000 -0.341475 0.939891 B 2.000000 4.000000 18.000000 C[purple]
-19.071836 25.516846 -59.961778 -0.968369 0.234522 0.085205 -0.249521 -0.910161 -0.330674 0.000000 -0.341475 0.939891 B 2.000000 4.000000 18.000000 C[purple]
-19.231163 19.640233 -42.762742 -0.971113 0.224279 0.081484 -0.238622 -0.912740 -0.331611 0.000000 -0.341475 0.939891 B 2.000000 4.000000 18.000000 C[purple]
-19.037581 13.412513 -25.756765 -0.946163 0.304233 0.110532 -0.323690 -0.889290 -0.323091 -0.000000 -0.341475 0.939891 B 2.000000 4.000000 18.000000 C[purple]
-19.198470 7.335019 -8.407362 -0.863598 0.473874 0.172165 -0.504180 -0.811688 -0.294898 0.000000 -0.341475 0.939891 B 2.000000 4.000000 18.000000 C[purple]
-19.373712 0.898402 8.692932 -0.860772 0.478396 0.173808 -0.508991 -0.809031 -0.293932 -0.000000 -0.341475 0.939891 B 2.000000 4.000000 18.000000 C[purple]
-19.619922 -5.515775 25.746796 -0.961885 0.257018 0.093378 -0.273455 -0.904067 -0.328460 -0.000000 -0.341475 0.939891 B 2.000000 4.000000 18.000000 C[purple]
-19.459712 -11.653276 43.036834 -0.922462 0.362881 0.131840 -0.386089 -0.867013 -0.314998 0.000000 -0.341475 0.939891 B 2.000000 4.000000 18.000000 C[purple]
-19.267844 -18.104378 60.325760 -0.816777 0.542273 0.197015 -0.576953 -0.767681 -0.278909 0.000000 -0.341475 0.939891 B 2.000000 4.000000 18.000000 C[purple]
-36.728410 -22.553288 -77.235762 -0.405759 0.859041 0.312102 -0.913980 -0.381370 -0.138557 -0.000000 -0.341475 0.939891 B 2.000000 4.000000 18.000000 C[purple]
-36.430183 -28.576186 -60.263172 -0.492197 0.818160 0.297249 -0.870484 -0.462611 -0.168073 -0.000000 -0.341475 0.939891 B 2.000000 4.000000 18.000000 C[purple]
-36.526911 27.695309 -43.195886 -0.058708 0.938270 0.340886 -0.998275 -0.055179 -0.020047 0.000000 -0.341475 0.939891 B 2.000000 4.000000 18.000000 C[purple]
-36.661883 21.100484 -25.927109 -0.082732 0.936669 0.340305 -0.996572 -0.077759 -0.028251 -0.000000 -0.341475 0.939891 B 2.000000 4.000000 18.000000 C[purple]
-36.600604 14.855340 -8.511395 -0.357998 0.877597 0.318843 -0.933722 -0.336479 -0.122248 0.000000 -0.341475 0.939891 B 2.000000 4.000000 18.000000 C[purple]
-36.691252 8.341905 8.900569 -0.402892 0.860233 0.312535 -0.915248 -0.378674 -0.137578 -0.000000 -0.341475 0.939891 B 2.000000 4.000000 18.000000 C[purple]
-36.681135 2.323228 26.203537 -0.438198 0.844847 0.306945 -0.898878 -0.411859 -0.149634 -0.000000 -0.341475 0.939891 B 2.000000 4.000000 18.000000 C[purple]
-37.031051 -3.912754 43.112443 -0.513740 0.806375 0.292967 -0.857946 -0.482859 -0.175430 0.000000 -0.341475 0.939891 B 2.000000 4.000000 18.000000 C[purple]
-36.862767 -10.132773 60.491477 -0.396152 0.862993 0.313538 -0.918185 -0.372340 -0.135276 -0.000000 -0.341475 0.939891 B 2.000000 4.000000 18.000000 C[purple]
-36.943117 -16.549285 77.708905 -0.203045 0.920312 0.334362 -0.979169 -0.190840 -0.069335 -0.000000 -0.341475 0.939891 B 2.000000 4.000000 18.000000 C[purple]
-45.680684 4.298143 77.802617 0.073731 0.937332 0.340546 -0.997278 0.069299 0.025177 -0.000000 -0.341475 0.939891 B 2.000000 4.000000 18.000000 C[purple]
-45.652253 -1.679660 -76.922987 -0.001114 0.939890 0.341475 -0.999999 -0.001047 -0.000381 0.000000 -0.341475 0.939891 B 2.000000 4.000000 18.000000 C[purple]
-45.620497 -8.051260 -59.995187 0.241140 0.912155 0.331399 -0.970490 0.226645 0.082343 -0.000000 -0.341475 0.939891 B 2.000000 4.000000 18.000000 C[purple]
-45.558568 -14.322777 -42.971090 0.011414 0.939829 0.341453 -0.999935 0.010728 0.003898 0.000000 -0.341475 0.939891 B 2.000000 4.000000 18.000000 C[purple]
-45.601395 -20.392844 -26.019829 0.025951 0.939574 0.341360 -0.999663 0.024391 0.008862 -0.000000 -0.341475 0.939891 B 2.000000 4.000000 18.000000 C[purple]
-45.453495 -26.836040 -8.549570 -0.157512 0.928158 0.337213 -0.987517 -0.148044 -0.053786 0.000000 -0.341475 0.939891 B 2.000000 4.000000 18.000000 C[purple]
-45.502531 29.442663 8.657918 0.107370 0.934457 0.339501 -0.994219 0.100916 0.036664 0.000000 -0.341475 0.939891 B 2.000000 4.000000 18.000000 C[purple]
-45.567271 23.190574 25.946487 -0.057305 0.938346 0.340914 -0.998357 -0.053860 -0.019568 -0.000000 -0.341475 0.939891 B 2.000000 4.000000 18.000000 C[purple]
-45.508364 16.907843 42.828273 -0.110613 0.934123 0.339380 -0.993864 -0.103964 -0.037772 0.000000 -0.341475 0.939891 B 2.000000 4.000000 18.000000 C[purple]
-45.462036 10.699789 60.202295 0.077663 0.937052 0.340444 -0.996980 0.072995 0.026520 0.000000 -0.341475 0.939891 B 2.000000 4.000000 18.000000 C[purple]
24.126458 23.022938 77.403137 0.906117 -0.397600 -0.144453 0.423027 0.851651 0.309417 -0.000000 -0.341475 0.939891 B 2.000000 4.000000 18.000000 C[purple]
24.056432 17.047293 -77.239126 0.982724 -0.173951 -0.063199 0.185076 0.923653 0.335576 0.000000 -0.341475 0.939891 B 2.000000 4.000000 18.000000 C[purple]
23.926218 10.636986 -60.095386 0.984970 -0.162345 -0.058982 0.172727 0.925764 0.336343 -0.000000 -0.341475 0.939891 B 2.000000 4.000000 18.000000 C[purple]
24.096433 4.832857 -42.979137 0.986119 -0.156061 -0.056699 0.166041 0.926844 0.336735 0.000000 -0.341475 0.939891 B 2.000000 4.000000 18.000000 C[purple]
24.047427 -1.412112 -25.746715 0.982434 -0.175393 -0.063723 0.186610 0.923381 0.335477 0.000000 -0.341475 0.939891 B 2.000000 4.000000 18.000000 C[purple]
23.949090 -7.671206 -8.853648 0.979952 -0.187259 -0.068034 0.199235 0.921048 0.334629 0.000000 -0.341475 0.939891 B 2.000000 4.000000 18.000000 C[purple]
24.075788 -14.289234 8.642428 0.976008 -0.204646 -0.074351 0.217734 0.917341 0.333283 -0.000000 -0.341475 0.939891 B 2.000000 4.000000 18.000000 C[purple]
24.227538 -20.307849 25.657561 0.931994 -0.340685 -0.123775 0.362473 0.875973 0.318253 -0.000000 -0.341475 0.939891 B 2.000000 4.000000 18.000000 C[purple]
24.090426 -26.522179 43.132567 0.934124 -0.335492 -0.121889 0.356947 0.877975 0.318981 0.000000 -0.341475 0.939891 B 2.000000 4.000000 18.000000 C[purple]
24.163971 29.289382 60.175074 0.950872 -0.290976 -0.105716 0.309585 0.893715 0.324699 0.000000 -0.341475 0.939891 B 2.000000 4.000000 18.000000 C[purple]
-11.542729 -7.901919 -77.243344 0.638453 0.723397 0.262820 -0.769661 0.600076 0.218016 0.000000 -0.341475 0.939891 B 2.000000 4.000000 18.000000 C[purple]
-11.859647 -13.915419 -59.812390 0.517196 0.804422 0.292258 -0.855867 0.486108 0.176610 0.000000 -0.341475 0.939891 B 2.000000 4.000000 18.000000 C[purple]
-11.606742 -20.167078 -42.290647 0.548559 0.785854 0.285512 -0.836112 0.515585 0.187319 0.000000 -0.341475 0.939891 B 2.000000 4.000000 18.000000 C[purple]
-11.616234 -26.181690 -25.296907 0.686786 0.683169 0.248205 -0.726860 0.645504 0.234520 -0.000000 -0.341475 0.939891 B 2.000000 4.000000 18.000000 C[purple]
-11.850526 30.106521 -8.003793 0.405267 0.859246 0.312176 -0.914198 0.380907 0.138389 0.000000 -0.341475 0.939891 B 2.000000 4.000000 18.000000 C[purple]
-11.938783 24.100577 9.053490 0.147818 0.929566 0.337724 -0.989015 0.138933 0.050476 0.000000 -0.341475 0.939891 B 2.000000 4.000000 18.000000 C[purple]
-11.762947 17.686874 26.115634 0.420005 0.852971 0.309896 -0.907522 0.394759 0.143421 -0.000000 -0.341475 0.939891 B 2.000000 4.000000 18.000000 C[purple]
-11.607874 11.413615 43.208362 0.537949 0.792306 0.287856 -0.842977 0.505614 0.183696 0.000000 -0.341475 0.939891 B 2.000000 4.000000 18.000000 C[purple]
-11.481986 4.970196 60.349569 0.737691 0.634557 0.230543 -0.675139 0.693349 0.251903 0.000000 -0.341475 0.939891 B 2.000000 4.000000 18.000000 C[purple]
-11.237744 -1.464567 77.779275 0.683253 0.686291 0.249339 -0.730181 0.642183 0.233314 0.000000 -0.341475 0.939891 B 2.000000 4.000000 18.000000 C[purple]
-47.924640 -20.593919 77.298868 0.612005 0.743316 0.270057 -0.790854 0.575218 0.208985 -0.000000 -0.341475 0.939891 B 2.000000 4.000000 18.000000 C[purple]
-48.100924 -27.228336 -77.575440 0.600799 0.751349 0.272976 -0.799400 0.564685 0.205158 0.000000 -0.341475 0.939891 B 2.000000 4.000000 18.000000 C[purple]
-48.208481 29.214664 -60.177324 0.798794 0.565443 0.205433 -0.601605 0.750779 0.272769 0.000000 -0.341475 0.939891 B 2.000000 4.000000 18.000000 C[purple]
-48.057743 22.959160 -43.009258 0.608633 0.745758 0.270944 -0.793452 0.572048 0.207833 0.000000 -0.341475 0.939891 B 2.000000 4.000000 18.000000 C[purple]
-48.102242 16.679395 -25.705902 0.846045 0.501066 0.182044 -0.533111 0.795190 0.288904 0.000000 -0.341475 0.939891 B 2.000000 4.000000 18.000000 C[purple]
-48.069869 10.511968 -8.643558 0.820925 0.536711 0.194995 -0.571036 0.771580 0.280326 -0.000000 -0.341475 0.939891 B 2.000000 4.000000 18.000000 C[purple]
-48.293287 4.075413 8.639035 0.821245 0.536279 0.194838 -0.570576 0.771881 0.280435 0.000000 -0.341475 0.939891 B 2.000000 4.000000 18.000000 C[purple]
-48.159550 -2.089778 25.559310 0.918480 0.371695 0.135042 -0.395467 0.863271 0.313638 -0.000000 -0.341475 0.939891 B 2.000000 4.000000 18.000000 C[purple]
-48.009304 -8.057587 42.568396 0.909506 0.390703 0.141948 -0.415690 0.854837 0.310574 -0.000000 -0.341475 0.939891 B 2.000000 4.000000 18.000000 C[purple]
-47.857748 -14.255350 60.032125 0.795240 0.569850 0.207035 -0.606294 0.747439 0.271555 0.000000 -0.341475 0.939891 B 2.000000 4.000000 18.000000 C[purple]
-45.280394 -11.005835 -77.467911 0.715860 -0.656273 -0.238433 0.698244 0.672830 0.244449 -0.000000 -0.341475 0.939891 B 2.000000 4.000000 18.000000 C[purple]
-45.183634 -17.114767 -60.514790 0.591146 -0.758083 -0.275422 0.806565 0.555612 0.201862 0.000000 -0.341475 0.939891 B 2.000000 4.000000 18.000000 C[purple]
-45.051846 -23.688717 -43.544596 0.540004 -0.791071 -0.287407 0.841663 0.507544 0.184398 -0.000000 -0.341475 0.939891 B 2.000000 4.000000 18.000000 C[purple]
-45.035243 -30.165078 -26.411103 0.408884 -0.857732 -0.311626 0.912586 0.384306 0.139624 0.000000 -0.341475 0.939891 B 2.000000 4.000000 18.000000 C[purple]
-45.026476 25.844814 -8.887263 0.312848 -0.892711 -0.324334 0.949803 0.294043 0.106830 0.000000 -0.341475 0.939891 B 2.000000 4.000000 18.000000 C[purple]
-45.189232 19.765209 8.129976 0.350245 -0.880356 -0.319846 0.936658 0.329192 0.119600 -0.000000 -0.341475 0.939891 B 2.000000 4.000000 18.000000 C[purple]
-44.993331 13.914842 25.338504 0.348258 -0.881052 -0.320099 0.937399 0.327325 0.118922 -0.000000 -0.341475 0.939891 B 2.000000 4.000000 18.000000 C[purple]
-45.385718 7.715519 42.726524 0.434911 -0.846347 -0.307490 0.900474 0.408769 0.148511 0.000000 -0.341475 0.939891 B 2.000000 4.000000 18.000000 C[purple]
-45.251630 1.562488 60.051813 0.526812 -0.798890 -0.290248 0.849982 0.495145 0.179893 0.000000 -0.341475 0.939891 B 2.000000 4.000000 18.000000 C[purple]
-45.312056 -4.779035 77.319032 0.794048 -0.571318 -0.207568 0.607856 0.746318 0.271148 0.000000 -0.341475 0.939891 B 2.000000 4.000000 18.000000 C[purple]
-46.952052 -1.597261 77.545743 -0.242325 0.911877 0.331298 -0.970195 -0.227759 -0.082748 -0.000000 -0.341475 0.939891 B 2.000000 4.000000 18.000000 C[purple]
-46.760555 -7.835811 -77.012353 -0.569503 0.772580 0.280689 -0.821989 -0.535271 -0.194471 -0.000000 -0.341475 0.939891 B 2.000000 4.000000 18.000000 C[purple]
-46.853136 -14.234011 -60.063078 -0.565827 0.774962 0.281555 -0.824524 -0.531816 -0.193216 0.000000 -0.341475 0.939891 B 2.000000 4.000000 18.000000 C[purple]
-46.990000 -20.557944 -43.155885 -0.588633 0.759808 0.276049 -0.808401 -0.553251 -0.201004 -0.000000 -0.341475 0.939891 B 2.000000 4.000000 18.000000 C[purple]
-46.816872 -26.633636 -26.065022 -0.593214 0.756654 0.274903 -0.805045 -0.557556 -0.202568 -0.000000 -0.341475 0.939891 B 2.000000 4.000000 18.000000 C[purple]
-46.717231 29.490767 -8.629596 -0.517620 0.804180 0.292170 -0.855610 -0.486506 -0.176755 0.000000 -0.341475 0.939891 B 2.000000 4.000000 18.000000 C[purple]
-46.456923 23.360367 8.555197 -0.154446 0.928613 0.337378 -0.988001 -0.145163 -0.052740 0.000000 -0.341475 0.939891 B 2.000000 4.000000 18.000000 C[purple]
-46.307850 16.986801 25.639581 -0.422320 0.851961 0.309529 -0.906447 -0.396935 -0.144212 -0.000000 -0.341475 0.939891 B 2.000000 4.000000 18.000000 C[purple]
-46.604230 10.656289 42.658733 -0.400947 0.861035 0.312826 -0.916101 -0.376846 -0.136913 0.000000 -0.341475 0.939891 B 2.000000 4.000000 18.000000 C[purple]
-46.852179 4.540157 60.090342 -0.269578 0.905095 0.328834 -0.962979 -0.253373 -0.092054 0.000000 -0.341475 0.939891 B 2.000000 4.000000 18.000000 C[purple]
23.721605 -6.869622 77.758872 0.184323 0.923786 0.335624 -0.982866 0.173244 0.062942 0.000000 -0.341475 0.939891 B 2.000000 4.000000 18.000000 C[purple]
23.347137 -13.293850 -76.962584 0.289524 0.899636 0.326850 -0.957171 0.272121 0.098865 -0.000000 -0.341475 0.939891 B 2.000000 4.000000 18.000000 C[purple]
23.515286 -19.432853 -59.970792 0.256966 0.908330 0.330009 -0.966420 0.241520 0.087748 0.000000 -0.341475 0.939891 B 2.000000 4.000000 18.000000 C[purple]
23.594787 -25.540840 -42.504615 0.346512 0.881660 0.320320 -0.938046 0.325683 0.118325 -0.000000 -0.341475 0.939891 B 2.000000 4.000000 18.000000 C[purple]
23.354283 30.807698 -25.481615 0.560285 0.778511 0.282844 -0.828300 0.526607 0.191324 0.000000 -0.341475 0.939891 B 2.000000 4.000000 18.000000 C[purple]
23.291460 24.927988 -8.420816 0.670447 0.697359 0.253360 -0.741958 0.630147 0.228941 0.000000 -0.341475 0.939891 B 2.000000 4.000000 18.000000 C[purple]
23.375075 18.384061 8.825177 0.527860 0.798279 0.290026 -0.849331 0.496131 0.180251 0.000000 -0.341475 0.939891 B 2.000000 4.000000 18.000000 C[purple]
23.598674 12.278362 25.772814 0.506254 0.810547 0.294483 -0.862385 0.475823 0.172873 -0.000000 -0.341475 0.939891 B 2.000000 4.000000 18.000000 C[purple]
23.678388 5.855165 43.241291 0.282043 0.901733 0.327612 -0.959402 0.265090 0.096311 -0.000000 -0.341475 0.939891 B 2.000000 4.000000 18.000000 C[purple]
24.046001 -0.443678 60.614079 0.114705 0.933687 0.339222 -0.993400 0.107811 0.039169 0.000000 -0.341475 0.939891 B 2.000000 4.000000 18.000000 C[purple]
35.848492 13.093561 76.869834 0.906022 0.397790 0.144523 -0.423230 0.851562 0.309384 -0.000000 -0.341475 0.939891 B 2.000000 4.000000 18.000000 C[purple]
35.908892 6.962393 -77.569916 0.917825 0.373123 0.135561 -0.396985 0.862655 0.313415 0.000000 -0.341475 0.939891 B 2.000000 4.000000 18.000000 C[purple]
35.720455 1.011736 -60.239305 0.965345 0.245289 0.089117 -0.260976 0.907319 0.329642 -0.000000 -0.341475 0.939891 B 2.000000 4.000000 18.000000 C[purple]
35.600232 -5.364201 -43.166920 0.936131 0.330515 0.120081 -0.351652 0.879861 0.319666 -0.000000 -0.341475 0.939891 B 2.000000 4.000000 18.000000 C[purple]
35.465896 -11.849049 -26.072405 0.918726 0.371159 0.134847 -0.394896 0.863502 0.313722 -0.000000 -0.341475 0.939891 B 2.000000 4.000000 18.000000 C[purple]
35.700201 -18.172156 -8.933051 0.827097 0.528274 0.191929 -0.562059 0.777381 0.282433 0.000000 -0.341475 0.939891 B 2.000000 4.000000 18.000000 C[purple]
