19.823653 -8.147337 77.625056 0.757856 -0.613206 -0.222786 0.652422 0.712302 0.258789 0.000000 -0.341475 0.939891 B 2.000000 4.000000 18.000000 C[purple]
19.661922 -14.310033 -77.447652 0.899176 -0.411283 -0.149425 0.437586 0.845128 0.307047 -0.000000 -0.341475 0.939891 B 2.000000 4.000000 18.000000 C[purple]
19.386933 -20.603213 -60.185894 0.901462 -0.406840 -0.147811 0.432859 0.847276 0.307827 0.000000 -0.341475 0.939891 B 2.000000 4.000000 18.000000 C[purple]
19.669176 -26.553662 -43.174429 0.934029 -0.335727 -0.121974 0.357198 0.877885 0.318948 0.000000 -0.341475 0.939891 B 2.000000 4.000000 18.000000 C[purple]
19.714420 30.056461 -26.137597 0.983777 -0.168610 -0.061259 0.179394 0.924643 0.335936 -0.000000 -0.341475 0.939891 B 2.000000 4.000000 18.000000 C[purple]
20.066239 23.909568 -8.851074 0.963671 -0.251038 -0.091206 0.267093 0.905745 0.329070 0.000000 -0.341475 0.939891 B 2.000000 4.000000 18.000000 C[purple]
19.999956 17.291799 8.566742 0.960313 -0.262159 -0.095246 0.278925 0.902589 0.327923 -0.000000 -0.341475 0.939891 B 2.000000 4.000000 18.000000 C[purple]
19.902998 11.021831 25.702892 0.970489 -0.226649 -0.082345 0.241144 0.912154 0.331398 -0.000000 -0.341475 0.939891 B 2.000000 4.000000 18.000000 C[purple]
20.025136 4.880145 43.126533 0.850591 -0.494220 -0.179557 0.525827 0.799463 0.290456 -0.000000 -0.341475 0.939891 B 2.000000 4.000000 18.000000 C[purple]
19.709585 -1.512240 60.152934 0.741977 -0.630126 -0.228934 0.670425 0.697377 0.253367 0.000000 -0.341475 0.939891 B 2.000000 4.000000 18.000000 C[purple]
-23.601551 -22.074165 77.122929 -0.663388 0.703298 0.255518 -0.748276 -0.623512 -0.226531 -0.000000 -0.341475 0.939891 B 2.000000 4.000000 18.000000 C[purple]
-23.884312 -28.569721 -77.740467 -0.713877 0.658178 0.239125 -0.700271 -0.670966 -0.243771 0.000000 -0.341475 0.939891 B 2.000000 4.000000 18.000000 C[purple]
-23.513897 27.941750 -60.559123 -0.723168 0.649157 0.235848 -0.690672 -0.679699 -0.246944 0.000000 -0.341475 0.939891 B 2.000000 4.000000 18.000000 C[purple]
-23.618800 21.911003 -42.956781 -0.738621 0.633600 0.230196 -0.674121 -0.694223 -0.252221 -0.000000 -0.341475 0.939891 B 2.000000 4.000000 18.000000 C[purple]
-23.634776 15.200209 -25.891290 -0.755969 0.615259 0.223532 -0.654607 -0.710529 -0.258145 0.000000 -0.341475 0.939891 B 2.000000 4.000000 18.000000 C[purple]
-23.649236 8.811576 -8.527764 -0.682501 0.686951 0.249579 -0.730884 -0.641477 -0.233057 0.000000 -0.341475 0.939891 B 2.000000 4.000000 18.000000 C[purple]
-23.611345 2.735760 8.617273 -0.444569 0.841902 0.305875 -0.895745 -0.417846 -0.151809 -0.000000 -0.341475 0.939891 B 2.000000 4.000000 18.000000 C[purple]
-23.548807 -3.515349 25.910928 -0.697017 0.673953 0.244857 -0.717055 -0.655120 -0.238014 0.000000 -0.341475 0.939891 B 2.000000 4.000000 18.000000 C[purple]
-23.907684 -9.694306 42.915778 -0.634840 0.726201 0.263839 -0.772644 -0.596680 -0.216782 0.000000 -0.341475 0.939891 B 2.000000 4.000000 18.000000 C[purple]
-23.884729 -16.140533 60.064167 -0.790381 0.575792 0.209193 -0.612616 -0.742871 -0.269896 -0.000000 -0.341475 0.939891 B 2.000000 4.000000 18.000000 C[purple]
-17.012891 -15.745840 77.700340 0.526795 0.798900 0.290252 -0.849993 0.495129 0.179887 -0.000000 -0.341475 0.939891 B 2.000000 4.000000 18.000000 C[purple]
-16.897458 -21.866000 -77.187713 0.237933 0.912899 0.331669 -0.971282 0.223631 0.081248 0.000000 -0.341475 0.939891 B 2.000000 4.000000 18.000000 C[purple]
-16.719251 -28.355010 -59.790057 0.482033 0.823488 0.299185 -0.876153 0.453058 0.164602 0.000000 -0.341475 0.939891 B 2.000000 4.000000 18.000000 C[purple]
-16.704845 28.031104 -42.642442 0.315087 0.892015 0.324082 -0.949063 0.296148 0.107595 0.000000 -0.341475 0.939891 B 2.000000 4.000000 18.000000 C[purple]
-16.719922 22.057574 -25.616036 0.441786 0.843195 0.306345 -0.897120 0.415231 0.150859 -0.000000 -0.341475 0.939891 B 2.000000 4.000000 18.000000 C[purple]
-16.942859 15.800250 -8.528316 0.556582 0.780855 0.283695 -0.830793 0.523126 0.190059 0.000000 -0.341475 0.939891 B 2.000000 4.000000 18.000000 C[purple]
-17.151866 9.338732 8.965364 0.436241 0.845742 0.307270 -0.899830 0.410019 0.148966 0.000000 -0.341475 0.939891 B 2.000000 4.000000 18.000000 C[purple]
-17.254284 3.048805 26.161393 0.421406 0.852361 0.309674 -0.906872 0.396076 0.143900 -0.000000 -0.341475 0.939891 B 2.000000 4.000000 18.000000 C[purple]
-17.280332 -3.107377 43.418169 0.454030 0.837430 0.304250 -0.890986 0.426738 0.155040 0.000000 -0.341475 0.939891 B 2.000000 4.000000 18.000000 C[purple]
-17.200261 -9.361426 60.727983 0.420472 0.852768 0.309822 -0.907305 0.395198 0.143581 -0.000000 -0.341475 0.939891 B 2.000000 4.000000 18.000000 C[purple]
10.329356 19.722129 -77.137316 -0.324338 0.889082 0.323016 -0.945941 -0.304842 -0.110753 0.000000 -0.341475 0.939891 B 2.000000 4.000000 18.000000 C[purple]
10.595757 13.380878 -60.137285 -0.354650 0.878797 0.319279 -0.934999 -0.333332 -0.121104 0.000000 -0.341475 0.939891 B 2.000000 4.000000 18.000000 C[purple]
10.480899 7.119330 -43.223154 -0.214562 0.918001 0.333523 -0.976710 -0.201665 -0.073268 0.000000 -0.341475 0.939891 B 2.000000 4.000000 18.000000 C[purple]
10.540134 0.894658 -25.798187 0.077348 0.937075 0.340452 -0.997004 0.072698 0.026412 0.000000 -0.341475 0.939891 B 2.000000 4.000000 18.000000 C[purple]
10.643902 -5.388715 -8.445984 -0.371056 0.872792 0.317098 -0.928611 -0.348752 -0.126706 0.000000 -0.341475 0.939891 B 2.000000 4.000000 18.000000 C[purple]
10.214650 -11.465463 8.695079 -0.400115 0.861377 0.312950 -0.916465 -0.376064 -0.136629 -0.000000 -0.341475 0.939891 B 2.000000 4.000000 18.000000 C[purple]
10.292464 -17.842280 26.287684 -0.257030 0.908314 0.330003 -0.966403 -0.241580 -0.087769 -0.000000 -0.341475 0.939891 B 2.000000 4.000000 18.000000 C[purple]
10.638123 -23.918699 43.296821 -0.107069 0.934488 0.339512 -0.994252 -0.100633 -0.036561 0.000000 -0.341475 0.939891 B 2.000000 4.000000 18.000000 C[purple]
10.454469 -29.885716 60.287649 -0.111299 0.934051 0.339354 -0.993787 -0.104608 -0.038006 0.000000 -0.341475 0.939891 B 2.000000 4.000000 18.000000 C[purple]
10.203525 26.339023 77.510504 -0.255639 0.908660 0.330129 -0.966772 -0.240273 -0.087295 0.000000 -0.341475 0.939891 B 2.000000 4.000000 18.000000 C[purple]
-24.016912 22.826603 -77.257643 0.286593 -0.900465 -0.327151 0.958052 0.269366 0.097865 0.000000 -0.341475 0.939891 B 2.000000 4.000000 18.000000 C[purple]
-24.082050 16.819318 -60.223040 0.470887 -0.829165 -0.301247 0.882193 0.442583 0.160796 -0.000000 -0.341475 0.939891 B 2.000000 4.000000 18.000000 C[purple]
-24.080462 10.593513 -43.237664 0.657600 -0.708083 -0.257256 0.753367 0.618072 0.224554 -0.000000 -0.341475 0.939891 B 2.000000 4.000000 18.000000 C[purple]
-23.742878 4.453748 -26.032610 0.521021 -0.802238 -0.291464 0.853544 0.489703 0.177916 0.000000 -0.341475 0.939891 B 2.000000 4.000000 18.000000 C[purple]
-23.707371 -1.816667 -8.551134 0.617870 -0.739017 -0.268495 0.786280 0.580730 0.210987 0.000000 -0.341475 0.939891 B 2.000000 4.000000 18.000000 C[purple]
-23.688123 -7.932803 8.652235 0.500940 -0.813458 -0.295541 0.865482 0.470829 0.171059 -0.000000 -0.341475 0.939891 B 2.000000 4.000000 18.000000 C[purple]
-23.941998 -13.942874 25.920501 0.528111 -0.798132 -0.289973 0.849175 0.496367 0.180337 0.000000 -0.341475 0.939891 B 2.000000 4.000000 18.000000 C[purple]
-23.816088 -20.045440 43.205188 0.527846 -0.798287 -0.290029 0.849340 0.496118 0.180246 -0.000000 -0.341475 0.939891 B 2.000000 4.000000 18.000000 C[purple]
-23.656409 -26.483496 60.561091 0.343219 -0.882797 -0.320733 0.939255 0.322588 0.117201 0.000000 -0.341475 0.939891 B 2.000000 4.000000 18.000000 C[purple]
-23.983901 29.478665 77.598317 0.313507 -0.892507 -0.324260 0.949586 0.294662 0.107055 0.000000 -0.341475 0.939891 B 2.000000 4.000000 18.000000 C[purple]
45.865350 -30.779175 -77.053623 -0.638146 -0.723636 -0.262907 0.769915 -0.599788 -0.217911 0.000000 -0.341475 0.939891 B 2.000000 4.000000 18.000000 C[purple]
46.102508 25.412613 -59.869361 -0.509901 -0.808525 -0.293748 0.860233 -0.479251 -0.174119 0.000000 -0.341475 0.939891 B 2.000000 4.000000 18.000000 C[purple]
46.230767 19.289230 -42.542874 -0.542435 -0.789600 -0.286873 0.840098 -0.509830 -0.185228 0.000000 -0.341475 0.939891 B 2.000000 4.000000 18.000000 C[purple]
46.207999 13.013200 -25.340088 -0.758918 -0.612043 -0.222364 0.651186 -0.713300 -0.259152 -0.000000 -0.341475 0.939891 B 2.000000 4.000000 18.000000 C[purple]
45.843339 6.647250 -8.297887 -0.722586 -0.649729 -0.236056 0.691281 -0.679152 -0.246745 0.000000 -0.341475 0.939891 B 2.000000 4.000000 18.000000 C[purple]
45.903116 0.594221 8.969345 -0.549927 -0.785009 -0.285205 0.835213 -0.516871 -0.187787 0.000000 -0.341475 0.939891 B 2.000000 4.000000 18.000000 C[purple]
46.013893 -6.029275 26.136632 -0.675457 -0.693074 -0.251804 0.737399 -0.634856 -0.230652 0.000000 -0.341475 0.939891 B 2.000000 4.000000 18.000000 C[purple]
46.093352 -12.178086 43.529686 -0.727430 -0.644936 -0.234314 0.686182 -0.683705 -0.248399 0.000000 -0.341475 0.939891 B 2.000000 4.000000 18.000000 C[purple]
46.089754 -18.166531 60.538441 -0.690660 -0.679710 -0.246948 0.723179 -0.649145 -0.235843 0.000000 -0.341475 0.939891 B 2.000000 4.000000 18.000000 C[purple]
45.968043 -24.391915 77.871514 -0.756446 -0.614742 -0.223344 0.654056 -0.710976 -0.258308 0.000000 -0.341475 0.939891 B 2.000000 4.000000 18.000000 C[purple]
-46.105319 -3.341332 -77.401107 0.248510 0.910406 0.330763 -0.968629 0.233572 0.084860 0.000000 -0.341475 0.939891 B 2.000000 4.000000 18.000000 C[purple]
-45.951093 -9.563747 -60.162674 0.428423 0.849265 0.308550 -0.903579 0.402670 0.146296 0.000000 -0.341475 0.939891 B 2.000000 4.000000 18.000000 C[purple]
-45.989012 -15.670901 -42.699679 0.486771 0.821023 0.298289 -0.873530 0.457511 0.166220 -0.000000 -0.341475 0.939891 B 2.000000 4.000000 18.000000 C[purple]
-45.923148 -22.138739 -25.749661 0.450635 0.839048 0.304838 -0.892708 0.423548 0.153881 -0.000000 -0.341475 0.939891 B 2.000000 4.000000 18.000000 C[purple]
-45.810524 -28.160701 -8.559830 0.224137 0.915978 0.332787 -0.974558 0.210664 0.076537 -0.000000 -0.341475 0.939891 B 2.000000 4.000000 18.000000 C[purple]
-45.796640 27.984603 8.476300 0.049721 0.938728 0.341053 -0.998763 0.046732 0.016978 0.000000 -0.341475 0.939891 B 2.000000 4.000000 18.000000 C[purple]
-45.871192 21.529356 25.618128 0.236519 0.913223 0.331787 -0.971627 0.222302 0.080765 -0.000000 -0.341475 0.939891 B 2.000000 4.000000 18.000000 C[purple]
-45.733431 15.372738 42.980315 0.384314 0.867709 0.315251 -0.923202 0.361213 0.131234 -0.000000 -0.341475 0.939891 B 2.000000 4.000000 18.000000 C[purple]
-45.804066 8.891101 60.125052 0.375170 0.871237 0.316533 -0.926956 0.352618 0.128111 -0.000000 -0.341475 0.939891 B 2.000000 4.000000 18.000000 C[purple]
-46.020538 2.606730 77.606858 0.394118 0.863816 0.313836 -0.919060 0.370427 0.134581 -0.000000 -0.341475 0.939891 B 2.000000 4.000000 18.000000 C[purple]
28.031180 -14.164320 -77.322837 0.235426 0.913472 0.331877 -0.971892 0.221275 0.080392 0.000000 -0.341475 0.939891 B 2.000000 4.000000 18.000000 C[purple]
28.264935 -20.584081 -60.166572 0.421879 0.852154 0.309599 -0.906652 0.396520 0.144061 0.000000 -0.341475 0.939891 B 2.000000 4.000000 18.000000 C[purple]
28.440538 -26.738610 -42.774069 0.289520 0.899637 0.326851 -0.957172 0.272117 0.098864 0.000000 -0.341475 0.939891 B 2.000000 4.000000 18.000000 C[purple]
28.386214 29.245837 -25.606514 0.329167 0.887512 0.322446 -0.944272 0.309381 0.112402 -0.000000 -0.341475 0.939891 B 2.000000 4.000000 18.000000 C[purple]
28.344533 22.931343 -8.173166 0.008279 0.939859 0.341464 -0.999966 0.007781 0.002827 0.000000 -0.341475 0.939891 B 2.000000 4.000000 18.000000 C[purple]
28.358469 17.002990 9.319532 0.040566 0.939117 0.341194 -0.999177 0.038127 0.013852 -0.000000 -0.341475 0.939891 B 2.000000 4.000000 18.000000 C[purple]
28.307571 10.782762 26.216480 0.182556 0.924096 0.335737 -0.983195 0.171583 0.062338 0.000000 -0.341475 0.939891 B 2.000000 4.000000 18.000000 C[purple]
28.415179 4.378677 43.135521 0.373241 0.871969 0.316799 -0.927734 0.350806 0.127453 0.000000 -0.341475 0.939891 B 2.000000 4.000000 18.000000 C[purple]
28.201706 -1.695623 60.288520 0.083329 0.936622 0.340288 -0.996522 0.078320 0.028455 0.000000 -0.341475 0.939891 B 2.000000 4.000000 18.000000 C[purple]
27.937793 -8.005699 77.485139 0.375247 0.871208 0.316522 -0.926925 0.352691 0.128138 0.000000 -0.341475 0.939891 B 2.000000 4.000000 18.000000 C[purple]
-49.902002 21.715766 76.880241 0.454295 -0.837303 -0.304204 0.890851 0.426988 0.155131 -0.000000 -0.341475 0.939891 B 2.000000 4.000000 18.000000 C[purple]
-49.899338 15.352047 -78.084703 0.325259 -0.888784 -0.322908 0.945625 0.305708 0.111068 -0.000000 -0.341475 0.939891 B 2.000000 4.000000 18.000000 C[purple]
-50.157812 8.954503 -60.899245 0.547796 -0.786324 -0.285682 0.836612 0.514869 0.187059 0.000000 -0.341475 0.939891 B 2.000000 4.000000 18.000000 C[purple]
-50.030404 2.666962 -43.943571 0.359164 -0.877176 -0.318690 0.933274 0.337575 0.122646 0.000000 -0.341475 0.939891 B 2.000000 4.000000 18.000000 C[purple]
50.072980 -3.742046 -26.585389 0.387907 -0.866296 -0.314737 0.921699 0.364590 0.132461 0.000000 -0.341475 0.939891 B 2.000000 4.000000 18.000000 C[purple]
50.100330 -9.967147 -9.682806 0.210791 -0.918772 -0.333803 0.977531 0.198121 0.071980 0.000000 -0.341475 0.939891 B 2.000000 4.000000 18.000000 C[purple]
50.165975 -16.120433 7.638691 0.209986 -0.918935 -0.333862 0.977704 0.197364 0.071705 0.000000 -0.341475 0.939891 B 2.000000 4.000000 18.000000 C[purple]
-50.234508 -22.164404 24.994486 0.356528 -0.878126 -0.319035 0.934285 0.335097 0.121745 0.000000 -0.341475 0.939891 B 2.000000 4.000000 18.000000 C[purple]
50.155848 -28.634423 42.393427 0.505047 -0.811212 -0.294725 0.863092 0.474689 0.172461 0.000000 -0.341475 0.939891 B 2.000000 4.000000 18.000000 C[purple]
-49.952794 27.663554 59.448748 0.378155 -0.870097 -0.316118 0.925742 0.355424 0.129130 0.000000 -0.341475 0.939891 B 2.000000 4.000000 18.000000 C[purple]
-1.243331 2.561033 77.576743 0.409256 0.857575 0.311569 -0.912420 0.384655 0.139751 0.000000 -0.341475 0.939891 B 2.000000 4.000000 18.000000 C[purple]
-1.225982 -3.663262 -77.094698 0.703349 0.668116 0.242736 -0.710845 0.661071 0.240176 0.000000 -0.341475 0.939891 B 2.000000 4.000000 18.000000 C[purple]
-1.122830 -9.638293 -59.918969 0.775985 0.592837 0.215386 -0.630751 0.729341 0.264980 0.000000 -0.341475 0.939891 B 2.000000 4.000000 18.000000 C[purple]
-0.909397 -15.833719 -42.948258 0.840909 0.508647 0.184798 -0.541176 0.790363 0.287150 -0.000000 -0.341475 0.939891 B 2.000000 4.000000 18.000000 C[purple]
-1.062476 -22.354405 -25.748884 0.807531 0.554371 0.201411 -0.589825 0.758991 0.275752 -0.000000 -0.341475 0.939891 B 2.000000 4.000000 18.000000 C[purple]
-0.981507 -28.450206 -8.645551 0.731733 0.640621 0.232747 -0.681591 0.687749 0.249869 -0.000000 -0.341475 0.939891 B 2.000000 4.000000 18.000000 C[purple]
-0.803042 27.777484 8.459058 0.453191 0.837831 0.304396 -0.891414 0.425950 0.154754 0.000000 -0.341475 0.939891 B 2.000000 4.000000 18.000000 C[purple]
-1.055113 21.427481 25.624608 0.335023 0.885574 0.321742 -0.942210 0.314885 0.114402 0.000000 -0.341475 0.939891 B 2.000000 4.000000 18.000000 C[purple]
-0.741283 15.366837 42.792613 0.248899 0.910312 0.330729 -0.968530 0.233937 0.084993 0.000000 -0.341475 0.939891 B 2.000000 4.000000 18.000000 C[purple]
-1.052811 8.824313 60.082856 0.285690 0.900718 0.327243 -0.958322 0.268517 0.097556 -0.000000 -0.341475 0.939891 B 2.000000 4.000000 18.000000 C[purple]
3.720082 2.056298 77.209671 0.831983 0.521452 0.189451 -0.554801 0.781973 0.284102 0.000000 -0.341475 0.939891 B 2.000000 4.000000 18.000000 C[purple]
3.490084 -4.264736 -77.315445 0.724447 0.647895 0.235389 -0.689330 0.680901 0.247381 0.000000 -0.341475 0.939891 B 2.000000 4.000000 18.000000 C[purple]
3.694657 -10.672345 -60.367141 0.779823 0.588372 0.213764 -0.626000 0.732948 0.266290 0.000000 -0.341475 0.939891 B 2.000000 4.000000 18.000000 C[purple]
3.602939 -16.747844 -43.177810 0.758704 0.612278 0.222449 -0.651436 0.713099 0.259079 -0.000000 -0.341475 0.939891 B 2.000000 4.000000 18.000000 C[purple]
3.877981 -23.050429 -25.875221 0.634989 0.726085 0.263797 -0.772521 0.596821 0.216833 0.000000 -0.341475 0.939891 B 2.000000 4.000000 18.000000 C[purple]
3.936514 -29.487018 -8.598326 0.565241 0.775340 0.281692 -0.824926 0.531265 0.193016 -0.000000 -0.341475 0.939891 B 2.000000 4.000000 18.000000 C[purple]
3.976166 26.688394 8.890183 0.390194 0.865388 0.314408 -0.920733 0.366740 0.133242 0.000000 -0.341475 0.939891 B 2.000000 4.000000 18.000000 C[purple]
4.057628 20.091003 25.913254 0.473569 0.827815 0.300757 -0.880757 0.445103 0.161712 -0.000000 -0.341475 0.939891 B 2.000000 4.000000 18.000000 C[purple]
3.948551 14.059374 43.037201 0.686658 0.683282 0.248246 -0.726980 0.645384 0.234477 0.000000 -0.341475 0.939891 B 2.000000 4.000000 18.000000 C[purple]
3.765717 8.079775 60.205925 0.780367 0.587734 0.213532 -0.625322 0.733460 0.266476 -0.000000 -0.341475 0.939891 B 2.000000 4.000000 18.000000 C[purple]
31.060042 -17.879363 77.758269 0.647979 0.715875 0.260087 -0.761658 0.609030 0.221269 0.000000 -0.341475 0.939891 B 2.000000 4.000000 18.000000 C[purple]
31.065206 -24.172057 -76.968683 0.734481 0.637838 0.231735 -0.678630 0.690331 0.250807 0.000000 -0.341475 0.939891 B 2.000000 4.000000 18.000000 C[purple]
31.285015 -30.395968 -60.060608 0.796438 0.568371 0.206497 -0.604720 0.748565 0.271964 0.000000 -0.341475 0.939891 B 2.000000 4.000000 18.000000 C[purple]
31.291960 26.104958 -43.037419 0.721936 0.650366 0.236287 -0.691960 0.678541 0.246523 -0.000000 -0.341475 0.939891 B 2.000000 4.000000 18.000000 C[purple]
31.263665 19.677329 -25.492859 0.528719 0.797776 0.289843 -0.848797 0.496938 0.180545 0.000000 -0.341475 0.939891 B 2.000000 4.000000 18.000000 C[purple]
30.994438 13.344285 -8.495557 0.462307 0.833420 0.302793 -0.886720 0.434518 0.157867 -0.000000 -0.341475 0.939891 B 2.000000 4.000000 18.000000 C[purple]
30.616785 7.127247 8.683268 0.392482 0.864473 0.314075 -0.919760 0.368891 0.134023 0.000000 -0.341475 0.939891 B 2.000000 4.000000 18.000000 C[purple]
30.777929 1.108694 25.979689 0.392446 0.864488 0.314081 -0.919775 0.368856 0.134011 0.000000 -0.341475 0.939891 B 2.000000 4.000000 18.000000 C[purple]
30.836056 -5.049029 43.231839 0.604648 0.748616 0.271983 -0.796493 0.568303 0.206472 -0.000000 -0.341475 0.939891 B 2.000000 4.000000 18.000000 C[purple]
31.165084 -11.315953 60.303094 0.589750 0.759042 0.275771 -0.807586 0.554301 0.201385 0.000000 -0.341475 0.939891 B 2.000000 4.000000 18.000000 C[purple]
-32.440615 -27.152946 77.664345 0.813273 0.546906 0.198699 -0.581883 0.764387 0.277713 -0.000000 -0.341475 0.939891 B 2.000000 4.000000 18.000000 C[purple]
-32.408370 29.453312 -77.228134 0.859201 0.480884 0.174712 -0.511638 0.807555 0.293396 0.000000 -0.341475 0.939891 B 2.000000 4.000000 18.000000 C[purple]
-32.461634 23.128846 -59.830055 0.686097 0.683780 0.248427 -0.727510 0.644857 0.234285 0.000000 -0.341475 0.939891 B 2.000000 4.000000 18.000000 C[purple]
-32.631294 16.719134 -42.681367 0.840377 0.509423 0.185081 -0.542003 0.789862 0.286968 0.000000 -0.341475 0.939891 B 2.000000 4.000000 18.000000 C[purple]
-32.759968 10.394300 -25.753293 0.926169 0.354441 0.128773 -0.377109 0.870498 0.316264 -0.000000 -0.341475 0.939891 B 2.000000 4.000000 18.000000 C[purple]
-32.802022 4.198237 -8.286634 0.773343 0.595879 0.216491 -0.633988 0.726858 0.264078 -0.000000 -0.341475 0.939891 B 2.000000 4.000000 18.000000 C[purple]
-32.547157 -2.247815 8.541029 0.753228 0.618222 0.224609 -0.657760 0.707952 0.257209 0.000000 -0.341475 0.939891 B 2.000000 4.000000 18.000000 C[purple]
-32.288505 -8.296974 25.899622 0.792890 0.572737 0.208083 -0.609365 0.745230 0.270752 0.000000 -0.341475 0.939891 B 2.000000 4.000000 18.000000 C[purple]
-32.390714 -14.673868 42.796634 0.826163 0.529563 0.192398 -0.563431 0.776503 0.282114 -0.000000 -0.341475 0.939891 B 2.000000 4.000000 18.000000 C[purple]
-32.090201 -21.125253 60.199462 0.825276 0.530784 0.192841 -0.564730 0.775669 0.281811 0.000000 -0.341475 0.939891 B 2.000000 4.000000 18.000000 C[purple]
-28.043908 -4.460091 -77.220817 0.511938 0.807387 0.293335 -0.859022 0.481166 0.174814 0.000000 -0.341475 0.939891 B 2.000000 4.000000 18.000000 C[purple]
-28.211914 -10.776115 -60.035334 0.679268 0.689777 0.250606 -0.733891 0.638437 0.231953 0.000000 -0.341475 0.939891 B 2.000000 4.000000 18.000000 C[purple]
-28.142463 -17.259014 -42.912999 0.847587 0.498759 0.181206 -0.530657 0.796639 0.289430 0.000000 -0.341475 0.939891 B 2.000000 4.000000 18.000000 C[purple]
-28.031548 -23.770993 -25.492000 0.768572 0.601307 0.218463 -0.639763 0.722374 0.262449 0.000000 -0.341475 0.939891 B 2.000000 4.000000 18.000000 C[purple]
-27.765146 -29.840166 -8.492460 0.809460 0.551880 0.200506 -0.587175 0.760804 0.276411 -0.000000 -0.341475 0.939891 B 2.000000 4.000000 18.000000 C[purple]
-28.028624 26.573519 8.824760 0.772755 0.596553 0.216736 -0.634705 0.726305 0.263877 -0.000000 -0.341475 0.939891 B 2.000000 4.000000 18.000000 C[purple]
-28.086076 20.545654 25.859732 0.857186 0.484050 0.175862 -0.515007 0.805661 0.292708 0.000000 -0.341475 0.939891 B 2.000000 4.000000 18.000000 C[purple]
-28.072945 14.381952 43.136347 0.903099 0.403620 0.146641 -0.429433 0.848814 0.308386 -0.000000 -0.341475 0.939891 B 2.000000 4.000000 18.000000 C[purple]
-28.186528 8.194597 60.523511 0.731010 0.641350 0.233011 -0.682366 0.687070 0.249622 0.000000 -0.341475 0.939891 B 2.000000 4.000000 18.000000 C[purple]
-27.935001 1.845697 77.493875 0.727889 0.644478 0.234148 -0.685694 0.684137 0.248556 0.000000 -0.341475 0.939891 B 2.000000 4.000000 18.000000 C[purple]
9.125498 -30.855399 -77.509953 0.974445 0.211124 0.076704 -0.224626 0.915872 0.332749 0.000000 -0.341475 0.939891 B 2.000000 4.000000 18.000000 C[purple]
9.003566 25.396090 -60.249828 0.995765 -0.086410 -0.031394 0.091936 0.935910 0.340029 0.000000 -0.341475 0.939891 B 2.000000 4.000000 18.000000 C[purple]
8.856337 18.939365 -43.069304 0.973070 -0.216655 -0.078714 0.230511 0.914579 0.332279 0.000000 -0.341475 0.939891 B 2.000000 4.000000 18.000000 C[purple]
8.896387 12.787677 -25.739150 0.998252 0.055551 0.020182 -0.059103 0.938248 0.340878 -0.000000 -0.341475 0.939891 B 2.000000 4.000000 18.000000 C[purple]
9.057971 6.449944 -8.844802 0.996966 -0.073162 -0.026581 0.077841 0.937039 0.340439 0.000000 -0.341475 0.939891 B 2.000000 4.000000 18.000000 C[purple]
9.171933 0.458043 8.437708 0.993926 0.103432 0.037578 -0.110046 0.934182 0.339401 0.000000 -0.341475 0.939891 B 2.000000 4.000000 18.000000 C[purple]
9.180334 -5.702529 25.609559 0.995475 -0.089312 -0.032448 0.095023 0.935638 0.339930 0.000000 -0.341475 0.939891 B 2.000000 4.000000 18.000000 C[purple]
9.322090 -11.800071 42.632191 0.990107 -0.131883 -0.047915 0.140317 0.930592 0.338097 -0.000000 -0.341475 0.939891 B 2.000000 4.000000 18.000000 C[purple]
9.062915 -17.952932 59.894268 0.999850 0.016265 0.005909 -0.017305 0.939750 0.341424 -0.000000 -0.341475 0.939891 B 2.000000 4.000000 18.000000 C[purple]
8.965534 -24.539331 77.310659 0.999938 0.010488 0.003811 -0.011159 0.939832 0.341454 0.000000 -0.341475 0.939891 B 2.000000 4.000000 18.000000 C[purple]
46.247336 -12.279423 -77.297602 0.923205 0.361207 0.131231 -0.384307 0.867712 0.315252 -0.000000 -0.341475 0.939891 B 2.000000 4.000000 18.000000 C[purple]
45.891221 -18.345657 -60.266742 0.906647 0.396530 0.144065 -0.421890 0.852149 0.309598 0.000000 -0.341475 0.939891 B 2.000000 4.000000 18.000000 C[purple]
45.737874 -24.390474 -42.918332 0.703685 0.667804 0.242622 -0.710512 0.661387 0.240291 -0.000000 -0.341475 0.939891 B 2.000000 4.000000 18.000000 C[purple]
45.917654 -30.658279 -25.573931 0.703367 0.668100 0.242730 -0.710827 0.661088 0.240182 -0.000000 -0.341475 0.939891 B 2.000000 4.000000 18.000000 C[purple]
46.149486 25.360645 -8.674315 0.746775 0.625100 0.227108 -0.665077 0.701886 0.255005 0.000000 -0.341475 0.939891 B 2.000000 4.000000 18.000000 C[purple]
46.134017 18.890272 8.696087 0.531346 0.796233 0.289283 -0.847155 0.499407 0.181442 0.000000 -0.341475 0.939891 B 2.000000 4.000000 18.000000 C[purple]
46.186583 12.695463 25.922507 0.814652 0.545089 0.198038 -0.579949 0.765684 0.278184 -0.000000 -0.341475 0.939891 B 2.000000 4.000000 18.000000 C[purple]
46.090953 6.184559 42.853151 0.885433 0.436829 0.158706 -0.464766 0.832211 0.302354 0.000000 -0.341475 0.939891 B 2.000000 4.000000 18.000000 C[purple]
45.840527 0.189437 60.289529 0.902181 0.405429 0.147298 -0.431358 0.847952 0.308073 0.000000 -0.341475 0.939891 B 2.000000 4.000000 18.000000 C[purple]
46.079645 -6.363463 77.402187 0.883186 0.440830 0.160160 -0.469022 0.830099 0.301586 0.000000 -0.341475 0.939891 B 2.000000 4.000000 18.000000 C[purple]
16.127664 -28.104268 -77.176677 0.407980 -0.858111 -0.311764 0.912991 0.383457 0.139315 -0.000000 -0.341475 0.939891 B 2.000000 4.000000 18.000000 C[purple]
16.296859 28.250708 -59.973503 0.411856 -0.856474 -0.311169 0.911249 0.387100 0.140639 -0.000000 -0.341475 0.939891 B 2.000000 4.000000 18.000000 C[purple]
16.177092 22.146348 -42.824222 0.377224 -0.870453 -0.316248 0.926122 0.354550 0.128813 0.000000 -0.341475 0.939891 B 2.000000 4.000000 18.000000 C[purple]
16.423375 16.004362 -25.682328 0.211266 -0.918676 -0.333768 0.977429 0.198567 0.072142 -0.000000 -0.341475 0.939891 B 2.000000 4.000000 18.000000 C[purple]
16.413565 9.846142 -8.364916 0.370403 -0.873037 -0.317187 0.928871 0.348139 0.126484 0.000000 -0.341475 0.939891 B 2.000000 4.000000 18.000000 C[purple]
16.351979 4.046195 8.706893 0.358865 -0.877284 -0.318730 0.933390 0.337294 0.122543 -0.000000 -0.341475 0.939891 B 2.000000 4.000000 18.000000 C[purple]
16.351625 -2.506993 26.008627 0.546978 -0.786826 -0.285865 0.837147 0.514100 0.186780 -0.000000 -0.341475 0.939891 B 2.000000 4.000000 18.000000 C[purple]
16.325267 -8.933761 43.499553 0.522068 -0.801637 -0.291246 0.852904 0.490686 0.178273 -0.000000 -0.341475 0.939891 B 2.000000 4.000000 18.000000 C[purple]
16.425159 -15.280718 60.521707 0.283787 -0.901249 -0.327436 0.958887 0.266729 0.096906 0.000000 -0.341475 0.939891 B 2.000000 4.000000 18.000000 C[purple]
16.078309 -21.602215 77.533409 0.203295 -0.920263 -0.334345 0.979117 0.191075 0.069420 -0.000000 -0.341475 0.939891 B 2.000000 4.000000 18.000000 C[purple]
-37.745909 20.016427 -77.660514 0.956906 0.272943 0.099164 -0.290398 0.899387 0.326760 -0.000000 -0.341475 0.939891 B 2.000000 4.000000 18.000000 C[purple]
-37.809735 14.014021 -60.633944 0.891989 0.424885 0.154367 -0.452058 0.838372 0.304592 0.000000 -0.341475 0.939891 B 2.000000 4.000000 18.000000 C[purple]
-37.998014 7.793857 -43.120949 0.865480 0.470832 0.171060 -0.500943 0.813457 0.295540 0.000000 -0.341475 0.939891 B 2.000000 4.000000 18.000000 C[purple]
-38.140699 1.462513 -25.739547 0.909803 0.390093 0.141726 -0.415040 0.855115 0.310675 0.000000 -0.341475 0.939891 B 2.000000 4.000000 18.000000 C[purple]
-38.230619 -4.494677 -8.656116 0.966513 0.241191 0.087628 -0.256616 0.908417 0.330041 0.000000 -0.341475 0.939891 B 2.000000 4.000000 18.000000 C[purple]
-37.928321 -10.787930 8.389608 0.925951 0.354944 0.128956 -0.377644 0.870293 0.316189 -0.000000 -0.341475 0.939891 B 2.000000 4.000000 18.000000 C[purple]
-37.672375 -17.208048 25.447028 0.984406 0.165338 0.060070 -0.175912 0.925234 0.336150 0.000000 -0.341475 0.939891 B 2.000000 4.000000 18.000000 C[purple]
-37.877977 -23.527728 42.639716 0.965723 0.243972 0.088639 -0.259575 0.907674 0.329771 0.000000 -0.341475 0.939891 B 2.000000 4.000000 18.000000 C[purple]
-37.913131 -30.141149 60.090255 0.952349 0.286678 0.104154 -0.305012 0.895104 0.325204 0.000000 -0.341475 0.939891 B 2.000000 4.000000 18.000000 C[purple]
-37.553878 25.958585 77.274936 0.971261 0.223711 0.081277 -0.238018 0.912879 0.331662 0.000000 -0.341475 0.939891 B 2.000000 4.000000 18.000000 C[purple]
44.646126 21.512403 77.619051 -0.821902 0.535389 0.194514 -0.569629 -0.772498 -0.280659 0.000000 -0.341475 0.939891 B 2.000000 4.000000 18.000000 C[purple]
44.876531 15.544358 -77.094111 -0.885292 0.437083 0.158798 -0.465035 -0.832078 -0.302305 0.000000 -0.341475 0.939891 B 2.000000 4.000000 18.000000 C[purple]
44.592965 9.451086 -60.130218 -0.874452 0.455953 0.165654 -0.485113 -0.821889 -0.298604 0.000000 -0.341475 0.939891 B 2.000000 4.000000 18.000000 C[purple]
44.462516 2.955128 -42.839900 -0.835133 0.516985 0.187828 -0.550048 -0.784934 -0.285177 -0.000000 -0.341475 0.939891 B 2.000000 4.000000 18.000000 C[purple]
44.279038 -3.415188 -25.879416 -0.913316 0.382772 0.139067 -0.407252 -0.858417 -0.311875 0.000000 -0.341475 0.939891 B 2.000000 4.000000 18.000000 C[purple]
44.229118 -9.389292 -8.744759 -0.967611 0.237270 0.086204 -0.252444 -0.909449 -0.330416 -0.000000 -0.341475 0.939891 B 2.000000 4.000000 18.000000 C[purple]
44.090388 -15.660678 8.226724 -0.824092 0.532407 0.193431 -0.566456 -0.774556 -0.281407 -0.000000 -0.341475 0.939891 B 2.000000 4.000000 18.000000 C[purple]
44.169964 -21.828388 25.866478 -0.877213 0.451242 0.163943 -0.480101 -0.824485 -0.299547 0.000000 -0.341475 0.939891 B 2.000000 4.000000 18.000000 C[purple]
44.414203 -27.963418 42.850623 -0.827702 0.527437 0.191625 -0.561168 -0.777949 -0.282640 0.000000 -0.341475 0.939891 B 2.000000 4.000000 18.000000 C[purple]
44.544873 27.949209 60.321488 -0.865386 0.470984 0.171115 -0.501105 -0.813369 -0.295508 0.000000 -0.341475 0.939891 B 2.000000 4.000000 18.000000 C[purple]
-7.115271 11.331251 -77.424142 0.999384 0.032972 0.011979 -0.035081 0.939312 0.341265 -0.000000 -0.341475 0.939891 B 2.000000 4.000000 18.000000 C[purple]
-7.196364 5.066714 -60.197601 0.910883 0.387860 0.140915 -0.412665 0.856131 0.311044 -0.000000 -0.341475 0.939891 B 2.000000 4.000000 18.000000 C[purple]
-7.128050 -1.281813 -43.260934 0.991992 0.118712 0.043130 -0.126305 0.932364 0.338741 0.000000 -0.341475 0.939891 B 2.000000 4.000000 18.000000 C[purple]
-7.524720 -7.443538 -26.127085 0.998539 0.050793 0.018454 -0.054042 0.938517 0.340976 0.000000 -0.341475 0.939891 B 2.000000 4.000000 18.000000 C[purple]
-7.151650 -13.552742 -8.703940 0.999568 0.027613 0.010032 -0.029379 0.939485 0.341328 0.000000 -0.341475 0.939891 B 2.000000 4.000000 18.000000 C[purple]
-7.478402 -19.708894 8.279435 0.994270 0.100471 0.036502 -0.106896 0.934505 0.339519 0.000000 -0.341475 0.939891 B 2.000000 4.000000 18.000000 C[purple]
-7.267470 -25.951354 25.472499 0.999144 0.038886 0.014128 -0.041373 0.939086 0.341183 0.000000 -0.341475 0.939891 B 2.000000 4.000000 18.000000 C[purple]
-7.213255 30.349522 42.998340 0.953691 0.282708 0.102712 -0.300789 0.896365 0.325662 0.000000 -0.341475 0.939891 B 2.000000 4.000000 18.000000 C[purple]
-7.065840 23.917558 60.045608 0.990691 0.127949 0.046486 -0.136132 0.931141 0.338297 -0.000000 -0.341475 0.939891 B 2.000000 4.000000 18.000000 C[purple]
-7.209716 18.018831 77.237358 0.999858 -0.015859 -0.005762 0.016873 0.939757 0.341427 0.000000 -0.341475 0.939891 B 2.000000 4.000000 18.000000 C[purple]
23.623358 -20.948009 77.627511 0.687591 -0.682453 -0.247945 0.726098 0.646261 0.234795 -0.000000 -0.341475 0.939891 B 2.000000 4.000000 18.000000 C[purple]
23.603138 -27.465177 -77.463643 0.717972 -0.654232 -0.237692 0.696072 0.674815 0.245170 0.000000 -0.341475 0.939891 B 2.000000 4.000000 18.000000 C[purple]
23.598311 29.002588 -60.324880 0.497402 -0.815374 -0.296237 0.867520 0.467503 0.169850 0.000000 -0.341475 0.939891 B 2.000000 4.000000 18.000000 C[purple]
23.580877 22.423012 -43.160682 0.335199 -0.885516 -0.321720 0.942147 0.315050 0.114462 0.000000 -0.341475 0.939891 B 2.000000 4.000000 18.000000 C[purple]
23.544418 15.853349 -26.044805 0.287558 -0.900193 -0.327053 0.957763 0.270273 0.098194 0.000000 -0.341475 0.939891 B 2.000000 4.000000 18.000000 C[purple]
23.740582 9.799004 -9.064834 0.507514 -0.809851 -0.294230 0.861643 0.477008 0.173304 -0.000000 -0.341475 0.939891 B 2.000000 4.000000 18.000000 C[purple]
23.618068 3.686413 8.077545 0.490854 -0.818872 -0.297508 0.871242 0.461350 0.167615 0.000000 -0.341475 0.939891 B 2.000000 4.000000 18.000000 C[purple]
23.547041 -2.252196 25.339148 0.494390 -0.816991 -0.296824 0.869240 0.464672 0.168822 0.000000 -0.341475 0.939891 B 2.000000 4.000000 18.000000 C[purple]
23.713261 -8.555542 42.973165 0.420817 -0.852618 -0.309768 0.907146 0.395522 0.143699 0.000000 -0.341475 0.939891 B 2.000000 4.000000 18.000000 C[purple]
23.610461 -14.644676 60.451473 0.495703 -0.816288 -0.296569 0.868492 0.465906 0.169270 -0.000000 -0.341475 0.939891 B 2.000000 4.000000 18.000000 C[purple]
-48.952808 10.982625 -77.219647 -0.451960 -0.838418 -0.304609 0.892038 -0.424793 -0.154333 -0.000000 -0.341475 0.939891 B 2.000000 4.000000 18.000000 C[purple]
-48.949100 4.862851 -59.922930 -0.643223 -0.719654 -0.261460 0.765679 -0.604559 -0.219645 -0.000000 -0.341475 0.939891 B 2.000000 4.000000 18.000000 C[purple]
-48.716189 -1.183602 -42.666155 -0.665700 -0.701365 -0.254816 0.746219 -0.625685 -0.227320 -0.000000 -0.341475 0.939891 B 2.000000 4.000000 18.000000 C[purple]
-48.664440 -7.277997 -25.727366 -0.668614 -0.698912 -0.253925 0.743610 -0.628424 -0.228315 0.000000 -0.341475 0.939891 B 2.000000 4.000000 18.000000 C[purple]
-48.478386 -13.378448 -8.729234 -0.547837 -0.786299 -0.285673 0.836585 -0.514907 -0.187073 0.000000 -0.341475 0.939891 B 2.000000 4.000000 18.000000 C[purple]
-48.438656 -19.790882 8.726005 -0.659758 -0.706307 -0.256611 0.751478 -0.620100 -0.225291 0.000000 -0.341475 0.939891 B 2.000000 4.000000 18.000000 C[purple]
-48.466669 -26.353876 25.631081 -0.723225 -0.649101 -0.235827 0.690613 -0.679752 -0.246963 -0.000000 -0.341475 0.939891 B 2.000000 4.000000 18.000000 C[purple]
-48.254150 29.945129 42.753287 -0.562351 -0.777194 -0.282365 0.826898 -0.528549 -0.192029 -0.000000 -0.341475 0.939891 B 2.000000 4.000000 18.000000 C[purple]
-48.487144 23.497664 60.043518 -0.544251 -0.788495 -0.286471 0.838922 -0.511537 -0.185848 -0.000000 -0.341475 0.939891 B 2.000000 4.000000 18.000000 C[purple]
-48.730342 17.241089 77.424229 -0.379712 -0.869497 -0.315900 0.925105 -0.356888 -0.129662 -0.000000 -0.341475 0.939891 B 2.000000 4.000000 18.000000 C[purple]
-13.061157 2.185055 -77.751342 0.943134 0.312432 0.113511 -0.332413 0.886443 0.322057 0.000000 -0.341475 0.939891 B 2.000000 4.000000 18.000000 C[purple]
-13.011867 -4.272727 -60.399447 0.888210 0.431821 0.156886 -0.459437 0.834821 0.303302 -0.000000 -0.341475 0.939891 B 2.000000 4.000000 18.000000 C[purple]
-13.323140 -10.384648 -43.215119 0.954112 0.281449 0.102254 -0.299449 0.896761 0.325806 0.000000 -0.341475 0.939891 B 2.000000 4.000000 18.000000 C[purple]
-13.381151 -16.328131 -25.868112 0.893461 0.422143 0.153370 -0.449140 0.839756 0.305095 -0.000000 -0.341475 0.939891 B 2.000000 4.000000 18.000000 C[purple]
-13.586570 -22.752667 -8.648594 0.893561 0.421957 0.153303 -0.448942 0.839849 0.305129 -0.000000 -0.341475 0.939891 B 2.000000 4.000000 18.000000 C[purple]
-13.283625 -28.851203 8.502851 0.857336 0.483816 0.175777 -0.514757 0.805802 0.292759 0.000000 -0.341475 0.939891 B 2.000000 4.000000 18.000000 C[purple]
-13.124119 27.027829 25.839735 0.853228 0.490189 0.178092 -0.521538 0.801941 0.291356 0.000000 -0.341475 0.939891 B 2.000000 4.000000 18.000000 C[purple]
-13.133452 20.672603 43.234191 0.867033 0.468302 0.170141 -0.498251 0.814916 0.296070 0.000000 -0.341475 0.939891 B 2.000000 4.000000 18.000000 C[purple]
-12.871783 14.702076 60.373132 0.921952 0.364024 0.132255 -0.387305 0.866534 0.314824 -0.000000 -0.341475 0.939891 B 2.000000 4.000000 18.000000 C[purple]
-12.718679 8.187320 77.245336 0.958408 0.268246 0.097458 -0.285401 0.900799 0.327273 0.000000 -0.341475 0.939891 B 2.000000 4.000000 18.000000 C[purple]
9.771233 -10.741988 77.768187 0.963130 -0.252866 -0.091870 0.269038 0.905237 0.328885 0.000000 -0.341475 0.939891 B 2.000000 4.000000 18.000000 C[purple]
9.759588 -16.724132 -76.710843 0.960243 -0.262386 -0.095328 0.279166 0.902523 0.327899 0.000000 -0.341475 0.939891 B 2.000000 4.000000 18.000000 C[purple]
9.974338 -23.240165 -59.850809 0.965681 -0.244118 -0.088691 0.259730 0.907635 0.329756 -0.000000 -0.341475 0.939891 B 2.000000 4.000000 18.000000 C[purple]
9.940498 -29.357478 -42.917477 0.952710 -0.285614 -0.103767 0.303879 0.895444 0.325327 0.000000 -0.341475 0.939891 B 2.000000 4.000000 18.000000 C[purple]
10.086323 27.250508 -25.639589 0.994135 -0.101650 -0.036931 0.108150 0.934378 0.339472 -0.000000 -0.341475 0.939891 B 2.000000 4.000000 18.000000 C[purple]
9.895871 21.116587 -8.638037 0.966695 -0.240547 -0.087394 0.255930 0.908588 0.330103 0.000000 -0.341475 0.939891 B 2.000000 4.000000 18.000000 C[purple]
10.107079 14.808677 8.577931 0.993449 -0.107406 -0.039022 0.114275 0.933734 0.339238 0.000000 -0.341475 0.939891 B 2.000000 4.000000 18.000000 C[purple]
10.191336 8.635062 25.562889 0.957191 -0.272057 -0.098842 0.289456 0.899655 0.326857 -0.000000 -0.341475 0.939891 B 2.000000 4.000000 18.000000 C[purple]
9.927907 2.288394 42.984053 0.988275 -0.143509 -0.052139 0.152687 0.928870 0.337471 -0.000000 -0.341475 0.939891 B 2.000000 4.000000 18.000000 C[purple]
9.848318 -4.136036 60.346110 0.994112 -0.101842 -0.037000 0.108355 0.934357 0.339465 0.000000 -0.341475 0.939891 B 2.000000 4.000000 18.000000 C[purple]
-21.514146 -14.730693 -77.454551 0.927951 -0.350300 -0.127269 0.372703 0.872172 0.316872 0.000000 -0.341475 0.939891 B 2.000000 4.000000 18.000000 C[purple]
-21.423090 -21.175917 -60.141275 0.949738 -0.294230 -0.106898 0.313047 0.892650 0.324312 0.000000 -0.341475 0.939891 B 2.000000 4.000000 18.000000 C[purple]
-21.666903 -27.461382 -42.926457 0.940637 -0.319012 -0.115902 0.339414 0.884096 0.321204 -0.000000 -0.341475 0.939891 B 2.000000 4.000000 18.000000 C[purple]
-21.926646 28.637974 -25.704831 0.881365 -0.444038 -0.161325 0.472436 0.828387 0.300964 -0.000000 -0.341475 0.939891 B 2.000000 4.000000 18.000000 C[purple]
-21.895267 22.534416 -8.547571 0.994414 -0.099207 -0.036043 0.105552 0.934640 0.339568 -0.000000 -0.341475 0.939891 B 2.000000 4.000000 18.000000 C[purple]
-21.645645 16.199678 8.358871 0.982679 -0.174179 -0.063282 0.185318 0.923610 0.335561 0.000000 -0.341475 0.939891 B 2.000000 4.000000 18.000000 C[purple]
-21.780670 10.316041 25.496859 0.989838 -0.133649 -0.048557 0.142197 0.930340 0.338005 -0.000000 -0.341475 0.939891 B 2.000000 4.000000 18.000000 C[purple]
-21.952844 4.155188 42.810430 0.972594 -0.218533 -0.079396 0.232509 0.914132 0.332117 0.000000 -0.341475 0.939891 B 2.000000 4.000000 18.000000 C[purple]
-21.824709 -2.260946 60.060217 0.969074 -0.231938 -0.084266 0.246772 0.910823 0.330915 0.000000 -0.341475 0.939891 B 2.000000 4.000000 18.000000 C[purple]
-21.569668 -8.769271 77.084685 0.987589 -0.147619 -0.053632 0.157060 0.928226 0.337237 0.000000 -0.341475 0.939891 B 2.000000 4.000000 18.000000 C[purple]
-28.824551 14.248897 77.444990 0.478485 0.825314 0.299848 -0.878096 0.449724 0.163391 -0.000000 -0.341475 0.939891 B 2.000000 4.000000 18.000000 C[purple]
-28.745928 8.142779 -77.529180 0.571318 0.771395 0.280259 -0.820729 0.536977 0.195091 0.000000 -0.341475 0.939891 B 2.000000 4.000000 18.000000 C[purple]
-28.640528 2.177959 -60.423993 0.467063 0.831074 0.301941 -0.884224 0.438988 0.159491 -0.000000 -0.341475 0.939891 B 2.000000 4.000000 18.000000 C[purple]
-28.776324 -4.229812 -43.356331 0.544579 0.788295 0.286399 -0.838709 0.511845 0.185960 0.000000 -0.341475 0.939891 B 2.000000 4.000000 18.000000 C[purple]
-28.557510 -10.613352 -26.060888 0.384648 0.867579 0.315203 -0.923063 0.361527 0.131348 -0.000000 -0.341475 0.939891 B 2.000000 4.000000 18.000000 C[purple]
-28.463053 -16.747647 -8.608419 0.516417 0.804864 0.292418 -0.856337 0.485375 0.176344 -0.000000 -0.341475 0.939891 B 2.000000 4.000000 18.000000 C[purple]
-28.262154 -23.210965 8.801093 0.262260 0.906992 0.329523 -0.964997 0.246495 0.089555 -0.000000 -0.341475 0.939891 B 2.000000 4.000000 18.000000 C[purple]
