40.951848 5.510111 77.412528 0.947622 0.300195 0.109065 -0.319393 0.890661 0.323590 -0.000000 -0.341475 0.939891 B 2.000000 4.000000 18.000000 C[purple]
41.132058 -0.799491 -77.206164 0.946658 0.302871 0.110037 -0.322240 0.889755 0.323260 0.000000 -0.341475 0.939891 B 2.000000 4.000000 18.000000 C[purple]
41.060892 -7.352546 -59.939578 0.934792 0.333846 0.121291 -0.355196 0.878602 0.319208 0.000000 -0.341475 0.939891 B 2.000000 4.000000 18.000000 C[purple]
41.175348 -13.448307 -42.745984 0.818483 0.539996 0.196188 -0.574530 0.769285 0.279492 0.000000 -0.341475 0.939891 B 2.000000 4.000000 18.000000 C[purple]
41.320951 -19.751846 -25.726625 0.907362 0.395082 0.143539 -0.420349 0.852822 0.309842 0.000000 -0.341475 0.939891 B 2.000000 4.000000 18.000000 C[purple]
41.240397 -26.093024 -8.813665 0.804571 0.558160 0.202787 -0.593857 0.756209 0.274741 -0.000000 -0.341475 0.939891 B 2.000000 4.000000 18.000000 C[purple]
41.256170 30.234293 8.403545 0.684598 0.685106 0.248909 -0.728921 0.643447 0.233773 -0.000000 -0.341475 0.939891 B 2.000000 4.000000 18.000000 C[purple]
41.266989 23.987995 25.615429 0.942927 0.312982 0.113711 -0.332998 0.886249 0.321987 -0.000000 -0.341475 0.939891 B 2.000000 4.000000 18.000000 C[purple]
41.444708 17.979839 42.745741 0.958299 0.268589 0.097582 -0.285766 0.900697 0.327236 -0.000000 -0.341475 0.939891 B 2.000000 4.000000 18.000000 C[purple]
41.329303 11.799589 60.296972 0.921053 0.366028 0.132983 -0.389437 0.865689 0.314517 0.000000 -0.341475 0.939891 B 2.000000 4.000000 18.000000 C[purple]
-2.994912 6.224350 -76.892506 0.729910 -0.642456 -0.233413 0.683544 0.686035 0.249246 -0.000000 -0.341475 0.939891 B 2.000000 4.000000 18.000000 C[purple]
-2.875092 0.202384 -59.816554 0.907908 -0.393973 -0.143136 0.419169 0.853335 0.310028 0.000000 -0.341475 0.939891 B 2.000000 4.000000 18.000000 C[purple]
-3.029954 -6.193809 -42.630493 0.894304 -0.420563 -0.152796 0.447459 0.840548 0.305383 0.000000 -0.341475 0.939891 B 2.000000 4.000000 18.000000 C[purple]
-2.755109 -12.553591 -25.316898 0.953410 -0.283544 -0.103016 0.301678 0.896101 0.325566 0.000000 -0.341475 0.939891 B 2.000000 4.000000 18.000000 C[purple]
-2.936241 -19.023892 -8.185511 0.947954 -0.299267 -0.108728 0.318407 0.890973 0.323703 -0.000000 -0.341475 0.939891 B 2.000000 4.000000 18.000000 C[purple]
-3.099487 -25.359293 8.675028 0.921408 -0.365239 -0.132696 0.388597 0.866022 0.314638 0.000000 -0.341475 0.939891 B 2.000000 4.000000 18.000000 C[purple]
-2.885045 31.182345 25.788286 0.972057 -0.220633 -0.080159 0.234743 0.913628 0.331934 0.000000 -0.341475 0.939891 B 2.000000 4.000000 18.000000 C[purple]
-2.743135 25.006123 43.166662 0.999821 -0.017775 -0.006458 0.018912 0.939723 0.341414 0.000000 -0.341475 0.939891 B 2.000000 4.000000 18.000000 C[purple]
-2.832682 18.600900 60.522234 0.943916 -0.310339 -0.112751 0.330187 0.887178 0.322324 0.000000 -0.341475 0.939891 B 2.000000 4.000000 18.000000 C[purple]
-3.094706 12.400260 77.609517 0.918359 -0.371961 -0.135139 0.395749 0.863157 0.313597 -0.000000 -0.341475 0.939891 B 2.000000 4.000000 18.000000 C[purple]
-23.892258 15.174024 -77.526573 -0.569003 -0.772905 -0.280807 0.822335 -0.534801 -0.194301 0.000000 -0.341475 0.939891 B 2.000000 4.000000 18.000000 C[purple]
-23.838213 8.673330 -60.274882 -0.551288 -0.784165 -0.284898 0.834315 -0.518150 -0.188251 0.000000 -0.341475 0.939891 B 2.000000 4.000000 18.000000 C[purple]
-23.644189 2.565678 -43.176192 -0.558951 -0.779358 -0.283152 0.829201 -0.525353 -0.190868 -0.000000 -0.341475 0.939891 B 2.000000 4.000000 18.000000 C[purple]
-23.872605 -3.880040 -25.834719 -0.668465 -0.699038 -0.253970 0.743744 -0.628284 -0.228264 0.000000 -0.341475 0.939891 B 2.000000 4.000000 18.000000 C[purple]
-23.997595 -10.088366 -8.630388 -0.792417 -0.573315 -0.208293 0.609980 -0.744785 -0.270591 0.000000 -0.341475 0.939891 B 2.000000 4.000000 18.000000 C[purple]
-24.056548 -16.496806 8.415844 -0.825027 -0.531125 -0.192965 0.565093 -0.775436 -0.281727 -0.000000 -0.341475 0.939891 B 2.000000 4.000000 18.000000 C[purple]
-24.172078 -22.426901 25.617418 -0.792597 -0.573094 -0.208213 0.609746 -0.744955 -0.270652 0.000000 -0.341475 0.939891 B 2.000000 4.000000 18.000000 C[purple]
-23.882917 -28.707028 42.678556 -0.692077 -0.678435 -0.246485 0.721823 -0.650477 -0.236327 -0.000000 -0.341475 0.939891 B 2.000000 4.000000 18.000000 C[purple]
-24.092684 27.797114 59.799464 -0.835100 -0.517032 -0.187845 0.550098 -0.784903 -0.285166 -0.000000 -0.341475 0.939891 B 2.000000 4.000000 18.000000 C[purple]
-23.832031 21.346248 77.325907 -0.788278 -0.578333 -0.210117 0.615320 -0.740895 -0.269177 0.000000 -0.341475 0.939891 B 2.000000 4.000000 18.000000 C[purple]
-10.284419 -10.158073 77.505409 0.998562 -0.050390 -0.018307 0.053613 0.938539 0.340984 -0.000000 -0.341475 0.939891 B 2.000000 4.000000 18.000000 C[purple]
-10.538859 -16.096782 -77.289795 0.986332 -0.154863 -0.056264 0.164767 0.927045 0.336808 0.000000 -0.341475 0.939891 B 2.000000 4.000000 18.000000 C[purple]
-10.649473 -22.651738 -59.948615 0.967303 -0.238377 -0.086606 0.253622 0.909159 0.330310 -0.000000 -0.341475 0.939891 B 2.000000 4.000000 18.000000 C[purple]
-10.871290 -28.991865 -43.023633 0.958167 -0.269007 -0.097734 0.286210 0.900572 0.327190 0.000000 -0.341475 0.939891 B 2.000000 4.000000 18.000000 C[purple]
-11.131536 27.484122 -25.910404 0.988867 -0.139855 -0.050811 0.148799 0.929427 0.337674 0.000000 -0.341475 0.939891 B 2.000000 4.000000 18.000000 C[purple]
-10.995772 21.216139 -8.826855 0.994071 0.102198 0.037130 -0.108734 0.934318 0.339451 0.000000 -0.341475 0.939891 B 2.000000 4.000000 18.000000 C[purple]
-11.155920 14.714672 8.579512 0.995737 -0.086694 -0.031497 0.092238 0.935884 0.340020 -0.000000 -0.341475 0.939891 B 2.000000 4.000000 18.000000 C[purple]
-10.719745 8.420590 25.785216 0.992550 -0.114518 -0.041606 0.121842 0.932888 0.338931 -0.000000 -0.341475 0.939891 B 2.000000 4.000000 18.000000 C[purple]
-10.633441 2.284749 43.118333 0.998829 -0.045468 -0.016519 0.048376 0.938790 0.341076 -0.000000 -0.341475 0.939891 B 2.000000 4.000000 18.000000 C[purple]
-10.567976 -3.856577 60.257844 0.986656 -0.153034 -0.055599 0.162821 0.927349 0.336919 -0.000000 -0.341475 0.939891 B 2.000000 4.000000 18.000000 C[purple]
-43.698147 21.482170 77.643548 0.037764 0.939220 0.341232 -0.999287 0.035494 0.012895 -0.000000 -0.341475 0.939891 B 2.000000 4.000000 18.000000 C[purple]
-43.985845 15.332863 -77.407438 0.039731 0.939149 0.341206 -0.999210 0.037343 0.013567 -0.000000 -0.341475 0.939891 B 2.000000 4.000000 18.000000 C[purple]
-43.519937 9.012832 -60.189965 0.136268 0.931123 0.338290 -0.990672 0.128077 0.046532 0.000000 -0.341475 0.939891 B 2.000000 4.000000 18.000000 C[purple]
-43.639758 2.917563 -42.734623 0.151011 0.929112 0.337559 -0.988532 0.141934 0.051567 0.000000 -0.341475 0.939891 B 2.000000 4.000000 18.000000 C[purple]
-43.457821 -3.570078 -25.301522 0.104647 0.934730 0.339601 -0.994509 0.098357 0.035734 0.000000 -0.341475 0.939891 B 2.000000 4.000000 18.000000 C[purple]
-43.163475 -9.805862 -8.302729 0.117451 0.933385 0.339112 -0.993079 0.110392 0.040107 -0.000000 -0.341475 0.939891 B 2.000000 4.000000 18.000000 C[purple]
-42.964947 -16.267303 8.660784 -0.027169 0.939544 0.341349 -0.999631 -0.025536 -0.009277 -0.000000 -0.341475 0.939891 B 2.000000 4.000000 18.000000 C[purple]
-43.366455 -22.585269 26.104332 0.048056 0.938805 0.341081 -0.998845 0.045167 0.016410 0.000000 -0.341475 0.939891 B 2.000000 4.000000 18.000000 C[purple]
-43.757096 -28.707806 43.326179 -0.002626 0.939887 0.341474 -0.999997 -0.002469 -0.000897 -0.000000 -0.341475 0.939891 B 2.000000 4.000000 18.000000 C[purple]
-43.830736 27.636115 60.557394 -0.175890 0.925238 0.336152 -0.984410 -0.165317 -0.060062 -0.000000 -0.341475 0.939891 B 2.000000 4.000000 18.000000 C[purple]
2.058619 -22.212471 -77.244864 -0.423415 -0.851480 -0.309355 0.905936 -0.397964 -0.144586 0.000000 -0.341475 0.939891 B 2.000000 4.000000 18.000000 C[purple]
2.295763 -28.760776 -60.072978 -0.429618 -0.848731 -0.308356 0.903011 -0.403794 -0.146704 0.000000 -0.341475 0.939891 B 2.000000 4.000000 18.000000 C[purple]
2.385676 27.593507 -42.950856 -0.722744 -0.649573 -0.235999 0.691116 -0.679301 -0.246799 0.000000 -0.341475 0.939891 B 2.000000 4.000000 18.000000 C[purple]
2.465317 21.557413 -25.856990 -0.810453 -0.550591 -0.200037 0.585803 -0.761738 -0.276750 -0.000000 -0.341475 0.939891 B 2.000000 4.000000 18.000000 C[purple]
2.733663 15.182368 -8.753455 -0.601475 -0.750871 -0.272802 0.798892 -0.565321 -0.205389 0.000000 -0.341475 0.939891 B 2.000000 4.000000 18.000000 C[purple]
2.575259 9.053858 8.655424 -0.586766 -0.761083 -0.276512 0.809757 -0.551496 -0.200366 -0.000000 -0.341475 0.939891 B 2.000000 4.000000 18.000000 C[purple]
2.387351 2.767191 26.285646 -0.626097 -0.732875 -0.266264 0.779745 -0.588463 -0.213797 0.000000 -0.341475 0.939891 B 2.000000 4.000000 18.000000 C[purple]
2.016137 -3.361709 43.395687 -0.614776 -0.741293 -0.269322 0.788701 -0.577823 -0.209931 0.000000 -0.341475 0.939891 B 2.000000 4.000000 18.000000 C[purple]
1.961235 -9.604887 60.502431 -0.763612 -0.606864 -0.220482 0.645675 -0.717712 -0.260755 0.000000 -0.341475 0.939891 B 2.000000 4.000000 18.000000 C[purple]
2.048035 -15.909936 77.640177 -0.577622 -0.767237 -0.278748 0.816305 -0.542901 -0.197244 -0.000000 -0.341475 0.939891 B 2.000000 4.000000 18.000000 C[purple]
-25.997638 -8.843924 77.871696 -0.014338 0.939794 0.341440 -0.999897 -0.013476 -0.004896 0.000000 -0.341475 0.939891 B 2.000000 4.000000 18.000000 C[purple]
-25.926516 -15.394596 -77.002131 0.075262 0.937225 0.340507 -0.997164 0.070738 0.025700 0.000000 -0.341475 0.939891 B 2.000000 4.000000 18.000000 C[purple]
-25.955956 -21.694325 -59.829460 0.143652 0.930142 0.337934 -0.989628 0.135017 0.049053 0.000000 -0.341475 0.939891 B 2.000000 4.000000 18.000000 C[purple]
-25.928746 -28.073677 -42.955510 0.160884 0.927647 0.337027 -0.986973 0.151213 0.054938 -0.000000 -0.341475 0.939891 B 2.000000 4.000000 18.000000 C[purple]
-26.170707 28.053483 -25.774855 -0.126724 0.932313 0.338722 -0.991938 -0.119107 -0.043273 0.000000 -0.341475 0.939891 B 2.000000 4.000000 18.000000 C[purple]
-26.155673 22.073888 -8.477768 -0.048524 0.938784 0.341073 -0.998822 -0.045607 -0.016570 0.000000 -0.341475 0.939891 B 2.000000 4.000000 18.000000 C[purple]
-26.201009 15.733194 8.539383 0.252165 0.909518 0.330440 -0.967684 0.237007 0.086108 -0.000000 -0.341475 0.939891 B 2.000000 4.000000 18.000000 C[purple]
-25.906391 9.641347 25.702443 0.154594 0.928591 0.337370 -0.987978 0.145302 0.052790 -0.000000 -0.341475 0.939891 B 2.000000 4.000000 18.000000 C[purple]
-25.815216 3.409042 43.314040 0.156886 0.928252 0.337247 -0.987617 0.147456 0.053573 0.000000 -0.341475 0.939891 B 2.000000 4.000000 18.000000 C[purple]
-26.062827 -2.711551 60.603751 0.020668 0.939690 0.341402 -0.999786 0.019426 0.007058 -0.000000 -0.341475 0.939891 B 2.000000 4.000000 18.000000 C[purple]
-43.346167 8.554634 -77.383370 -0.170452 -0.926136 -0.336478 0.985366 -0.160206 -0.058205 -0.000000 -0.341475 0.939891 B 2.000000 4.000000 18.000000 C[purple]
-43.732223 2.287122 -60.031055 -0.099387 -0.935237 -0.339785 0.995049 -0.093413 -0.033938 0.000000 -0.341475 0.939891 B 2.000000 4.000000 18.000000 C[purple]
-43.695759 -3.641881 -42.733091 0.023560 -0.939630 -0.341381 0.999722 0.022144 0.008045 -0.000000 -0.341475 0.939891 B 2.000000 4.000000 18.000000 C[purple]
-43.647420 -9.987671 -25.732744 0.026059 -0.939572 -0.341359 0.999660 0.024493 0.008899 -0.000000 -0.341475 0.939891 B 2.000000 4.000000 18.000000 C[purple]
-43.457416 -16.483014 -8.695572 0.060953 -0.938143 -0.340840 0.998141 0.057289 0.020814 0.000000 -0.341475 0.939891 B 2.000000 4.000000 18.000000 C[purple]
-43.882654 -22.928911 8.491452 0.025829 -0.939577 -0.341361 0.999666 0.024276 0.008820 0.000000 -0.341475 0.939891 B 2.000000 4.000000 18.000000 C[purple]
-43.625819 -29.279718 25.562536 -0.085842 -0.936421 -0.340215 0.996309 -0.080682 -0.029313 0.000000 -0.341475 0.939891 B 2.000000 4.000000 18.000000 C[purple]
-43.666246 27.027808 42.530289 0.089294 -0.936136 -0.340111 0.996005 0.083927 0.030492 0.000000 -0.341475 0.939891 B 2.000000 4.000000 18.000000 C[purple]
-43.457219 21.004451 59.820399 0.302428 -0.895878 -0.325485 0.953172 0.284249 0.103272 0.000000 -0.341475 0.939891 B 2.000000 4.000000 18.000000 C[purple]
-43.257740 14.851124 77.156554 0.169310 -0.926321 -0.336545 0.985563 0.159133 0.057815 -0.000000 -0.341475 0.939891 B 2.000000 4.000000 18.000000 C[purple]
-31.034708 1.114633 77.592324 0.896785 -0.415870 -0.151091 0.442466 0.842880 0.306230 0.000000 -0.341475 0.939891 B 2.000000 4.000000 18.000000 C[purple]
-31.225525 -5.306959 -77.061260 0.973600 -0.214540 -0.077945 0.228260 0.915078 0.332460 0.000000 -0.341475 0.939891 B 2.000000 4.000000 18.000000 C[purple]
-31.312248 -11.752846 -60.017498 0.985785 -0.157911 -0.057371 0.168010 0.926530 0.336621 -0.000000 -0.341475 0.939891 B 2.000000 4.000000 18.000000 C[purple]
-31.336370 -18.116055 -42.629280 0.840214 -0.509660 -0.185167 0.542255 0.789709 0.286912 -0.000000 -0.341475 0.939891 B 2.000000 4.000000 18.000000 C[purple]
-31.449119 -24.234052 -25.597003 0.874661 -0.455598 -0.165525 0.484735 0.822086 0.298675 -0.000000 -0.341475 0.939891 B 2.000000 4.000000 18.000000 C[purple]
-31.307754 -30.706287 -8.552486 0.888856 -0.430646 -0.156460 0.458187 0.835427 0.303522 0.000000 -0.341475 0.939891 B 2.000000 4.000000 18.000000 C[purple]
-31.357408 25.522598 8.462230 0.979440 -0.189608 -0.068887 0.201734 0.920567 0.334455 -0.000000 -0.341475 0.939891 B 2.000000 4.000000 18.000000 C[purple]
-31.161457 19.408145 25.605663 0.967783 -0.236652 -0.085979 0.251787 0.909610 0.330474 -0.000000 -0.341475 0.939891 B 2.000000 4.000000 18.000000 C[purple]
-30.880654 13.061030 42.721028 0.920462 -0.367340 -0.133460 0.390833 0.865133 0.314315 -0.000000 -0.341475 0.939891 B 2.000000 4.000000 18.000000 C[purple]
-30.889707 7.108620 60.033736 0.906012 -0.397810 -0.144530 0.423252 0.851552 0.309381 0.000000 -0.341475 0.939891 B 2.000000 4.000000 18.000000 C[purple]
-22.465697 -18.243343 -77.154566 0.575236 0.768819 0.279323 -0.817987 0.540659 0.196429 -0.000000 -0.341475 0.939891 B 2.000000 4.000000 18.000000 C[purple]
-22.442786 -24.569760 -60.300784 0.526763 0.798919 0.290258 -0.850012 0.495099 0.179876 -0.000000 -0.341475 0.939891 B 2.000000 4.000000 18.000000 C[purple]
-22.312528 -30.660428 -42.979587 0.704009 0.667502 0.242513 -0.710191 0.661692 0.240402 0.000000 -0.341475 0.939891 B 2.000000 4.000000 18.000000 C[purple]
-22.418928 25.623926 -26.054876 0.773947 0.595186 0.216239 -0.633250 0.727426 0.264284 -0.000000 -0.341475 0.939891 B 2.000000 4.000000 18.000000 C[purple]
-22.594198 19.430126 -8.517397 0.612006 0.743316 0.270057 -0.790853 0.575219 0.208985 0.000000 -0.341475 0.939891 B 2.000000 4.000000 18.000000 C[purple]
-22.594878 12.760779 8.571020 0.561942 0.777455 0.282460 -0.827176 0.528164 0.191889 -0.000000 -0.341475 0.939891 B 2.000000 4.000000 18.000000 C[purple]
-22.547382 6.479734 25.622294 0.478805 0.825150 0.299789 -0.877921 0.450024 0.163500 0.000000 -0.341475 0.939891 B 2.000000 4.000000 18.000000 C[purple]
-22.690573 -0.019287 43.021340 0.584630 0.762533 0.277039 -0.811300 0.549488 0.199637 0.000000 -0.341475 0.939891 B 2.000000 4.000000 18.000000 C[purple]
-22.643810 -6.088864 60.353560 0.563927 0.776185 0.281999 -0.825825 0.530029 0.192567 -0.000000 -0.341475 0.939891 B 2.000000 4.000000 18.000000 C[purple]
-22.382009 -12.164127 77.655375 0.519597 0.803053 0.291760 -0.854411 0.488365 0.177430 -0.000000 -0.341475 0.939891 B 2.000000 4.000000 18.000000 C[purple]
35.936422 0.399951 77.078540 0.995859 -0.085445 -0.031043 0.090910 0.935999 0.340061 0.000000 -0.341475 0.939891 B 2.000000 4.000000 18.000000 C[purple]
35.943924 -6.166652 -77.663380 0.958744 -0.267182 -0.097071 0.284270 0.901115 0.327388 0.000000 -0.341475 0.939891 B 2.000000 4.000000 18.000000 C[purple]
35.944644 -12.090198 -60.459831 0.986656 -0.153033 -0.055599 0.162820 0.927349 0.336919 0.000000 -0.341475 0.939891 B 2.000000 4.000000 18.000000 C[purple]
36.054693 -18.245837 -43.108303 0.949421 -0.295132 -0.107226 0.314007 0.892352 0.324204 -0.000000 -0.341475 0.939891 B 2.000000 4.000000 18.000000 C[purple]
36.282760 -24.519935 -25.726819 0.841852 -0.507266 -0.184297 0.539708 0.791249 0.287472 0.000000 -0.341475 0.939891 B 2.000000 4.000000 18.000000 C[purple]
36.485192 -30.581988 -8.485054 0.960231 -0.262425 -0.095342 0.279207 0.902512 0.327895 0.000000 -0.341475 0.939891 B 2.000000 4.000000 18.000000 C[purple]
36.237289 25.388177 8.641706 0.984380 -0.165477 -0.060120 0.176060 0.925209 0.336141 0.000000 -0.341475 0.939891 B 2.000000 4.000000 18.000000 C[purple]
35.904999 19.354938 25.650249 0.970720 -0.225773 -0.082027 0.240212 0.912371 0.331477 0.000000 -0.341475 0.939891 B 2.000000 4.000000 18.000000 C[purple]
35.920583 13.019294 42.598538 0.999984 -0.005259 -0.001911 0.005595 0.939876 0.341470 0.000000 -0.341475 0.939891 B 2.000000 4.000000 18.000000 C[purple]
35.856759 6.318373 59.920058 0.991314 -0.123615 -0.044911 0.131520 0.931726 0.338509 -0.000000 -0.341475 0.939891 B 2.000000 4.000000 18.000000 C[purple]
-32.938416 -26.338204 -77.335897 0.641079 -0.721343 -0.262074 0.767475 0.602544 0.218913 0.000000 -0.341475 0.939891 B 2.000000 4.000000 18.000000 C[purple]
-33.069745 29.698640 -60.122912 0.814461 -0.545342 -0.198130 0.580218 0.765504 0.278118 -0.000000 -0.341475 0.939891 B 2.000000 4.000000 18.000000 C[purple]
-33.376589 23.155538 -42.888257 0.811611 -0.549082 -0.199489 0.584198 0.762826 0.277145 0.000000 -0.341475 0.939891 B 2.000000 4.000000 18.000000 C[purple]
-33.387363 17.174752 -25.521900 0.659711 -0.706346 -0.256625 0.751520 0.620056 0.225275 0.000000 -0.341475 0.939891 B 2.000000 4.000000 18.000000 C[purple]
-33.002635 11.152642 -8.474358 0.607535 -0.746549 -0.271232 0.794293 0.571016 0.207458 -0.000000 -0.341475 0.939891 B 2.000000 4.000000 18.000000 C[purple]
-33.203474 4.825588 8.812950 0.834947 -0.517250 -0.187924 0.550330 0.784759 0.285114 -0.000000 -0.341475 0.939891 B 2.000000 4.000000 18.000000 C[purple]
-33.257896 -1.298008 26.106618 0.930241 -0.344892 -0.125304 0.366949 0.874325 0.317654 -0.000000 -0.341475 0.939891 B 2.000000 4.000000 18.000000 C[purple]
-33.185039 -7.773685 43.288203 0.956804 -0.273257 -0.099278 0.290733 0.899291 0.326725 -0.000000 -0.341475 0.939891 B 2.000000 4.000000 18.000000 C[purple]
-33.063177 -13.760516 60.464594 0.858402 -0.482143 -0.175169 0.512978 0.806804 0.293123 0.000000 -0.341475 0.939891 B 2.000000 4.000000 18.000000 C[purple]
-32.973855 -20.103822 77.437196 0.918181 -0.372348 -0.135279 0.396161 0.862990 0.313536 0.000000 -0.341475 0.939891 B 2.000000 4.000000 18.000000 C[purple]
-36.452100 13.096856 77.753712 0.999103 -0.039797 -0.014459 0.042342 0.939048 0.341169 -0.000000 -0.341475 0.939891 B 2.000000 4.000000 18.000000 C[purple]
-36.586859 6.731218 -77.045969 0.969043 0.232050 0.084307 -0.246890 0.910795 0.330905 -0.000000 -0.341475 0.939891 B 2.000000 4.000000 18.000000 C[purple]
-36.633573 0.885538 -59.986707 0.944318 0.309256 0.112357 -0.329034 0.887556 0.322461 -0.000000 -0.341475 0.939891 B 2.000000 4.000000 18.000000 C[purple]
-36.637595 -5.338870 -42.817126 0.995121 0.092733 0.033691 -0.098664 0.935305 0.339809 0.000000 -0.341475 0.939891 B 2.000000 4.000000 18.000000 C[purple]
-36.619489 -11.858528 -25.517743 0.992247 0.116813 0.042440 -0.124283 0.932604 0.338828 0.000000 -0.341475 0.939891 B 2.000000 4.000000 18.000000 C[purple]
-36.679124 -17.924513 -8.391322 0.999956 -0.008843 -0.003213 0.009409 0.939849 0.341460 -0.000000 -0.341475 0.939891 B 2.000000 4.000000 18.000000 C[purple]
-36.951147 -24.249312 8.744653 0.986854 -0.151897 -0.055186 0.161612 0.927535 0.336987 0.000000 -0.341475 0.939891 B 2.000000 4.000000 18.000000 C[purple]
-36.768915 -30.558301 25.652599 0.980180 -0.186199 -0.067649 0.198107 0.921263 0.334708 -0.000000 -0.341475 0.939891 B 2.000000 4.000000 18.000000 C[purple]
-36.645566 25.644909 43.131156 0.996395 0.079738 0.028970 -0.084837 0.936502 0.340244 -0.000000 -0.341475 0.939891 B 2.000000 4.000000 18.000000 C[purple]
-36.503067 19.335000 60.651205 0.967002 0.239455 0.086997 -0.254769 0.908876 0.330207 -0.000000 -0.341475 0.939891 B 2.000000 4.000000 18.000000 C[purple]
46.711879 4.695222 76.568469 0.499630 -0.814170 -0.295799 0.866239 0.469597 0.170611 -0.000000 -0.341475 0.939891 B 2.000000 4.000000 18.000000 C[purple]
46.465860 -1.664813 -78.040382 0.435154 -0.846236 -0.307450 0.900356 0.408997 0.148594 -0.000000 -0.341475 0.939891 B 2.000000 4.000000 18.000000 C[purple]
46.363566 -7.684085 -60.859064 0.344553 -0.882338 -0.320566 0.938767 0.323842 0.117656 0.000000 -0.341475 0.939891 B 2.000000 4.000000 18.000000 C[purple]
46.387858 -14.120260 -43.335805 0.247533 -0.910641 -0.330848 0.968879 0.232654 0.084526 0.000000 -0.341475 0.939891 B 2.000000 4.000000 18.000000 C[purple]
46.357585 -20.521958 -25.777595 0.371088 -0.872780 -0.317093 0.928598 0.348782 0.126717 -0.000000 -0.341475 0.939891 B 2.000000 4.000000 18.000000 C[purple]
46.251076 -26.444959 -8.678433 0.344843 -0.882238 -0.320529 0.938660 0.324115 0.117755 0.000000 -0.341475 0.939891 B 2.000000 4.000000 18.000000 C[purple]
46.581957 29.955441 8.602597 0.563897 -0.776204 -0.282006 0.825845 0.530002 0.192557 0.000000 -0.341475 0.939891 B 2.000000 4.000000 18.000000 C[purple]
46.815394 23.770823 25.636618 0.604367 -0.748817 -0.272056 0.796706 0.568039 0.206376 -0.000000 -0.341475 0.939891 B 2.000000 4.000000 18.000000 C[purple]
47.013624 17.288532 42.613556 0.522383 -0.801455 -0.291180 0.852711 0.490982 0.178381 0.000000 -0.341475 0.939891 B 2.000000 4.000000 18.000000 C[purple]
46.866501 10.745412 59.591708 0.575190 -0.768850 -0.279334 0.818020 0.540615 0.196413 0.000000 -0.341475 0.939891 B 2.000000 4.000000 18.000000 C[purple]
-25.092491 -21.287687 -77.319611 0.448036 -0.840277 -0.305284 0.894016 0.421105 0.152993 -0.000000 -0.341475 0.939891 B 2.000000 4.000000 18.000000 C[purple]
-24.690163 -27.355305 -60.002474 0.425624 -0.850507 -0.309001 0.904900 0.400040 0.145340 -0.000000 -0.341475 0.939891 B 2.000000 4.000000 18.000000 C[purple]
-24.982656 28.989866 -42.699294 0.282977 -0.901474 -0.327518 0.959127 0.265968 0.096630 -0.000000 -0.341475 0.939891 B 2.000000 4.000000 18.000000 C[purple]
-25.015869 22.349832 -25.450192 0.397001 -0.862649 -0.313412 0.917818 0.373137 0.135566 0.000000 -0.341475 0.939891 B 2.000000 4.000000 18.000000 C[purple]
-24.986532 16.106541 -8.422164 0.031392 -0.939427 -0.341307 0.999507 0.029505 0.010719 0.000000 -0.341475 0.939891 B 2.000000 4.000000 18.000000 C[purple]
-25.422818 9.957765 8.581690 0.081069 -0.936797 -0.340351 0.996709 0.076196 0.027683 -0.000000 -0.341475 0.939891 B 2.000000 4.000000 18.000000 C[purple]
-25.588546 3.838850 25.691046 0.397229 -0.862556 -0.313379 0.917719 0.373352 0.135644 0.000000 -0.341475 0.939891 B 2.000000 4.000000 18.000000 C[purple]
-25.446852 -2.571475 42.728974 0.355841 -0.878372 -0.319125 0.934546 0.334452 0.121511 0.000000 -0.341475 0.939891 B 2.000000 4.000000 18.000000 C[purple]
-25.466769 -9.048989 59.853297 0.520253 -0.802678 -0.291624 0.854012 0.488981 0.177654 0.000000 -0.341475 0.939891 B 2.000000 4.000000 18.000000 C[purple]
-25.160367 -15.213761 77.107093 0.436265 -0.845731 -0.307266 0.899818 0.410042 0.148974 -0.000000 -0.341475 0.939891 B 2.000000 4.000000 18.000000 C[purple]
9.847804 -13.054977 76.960605 0.008533 -0.939856 -0.341463 0.999964 0.008020 0.002914 0.000000 -0.341475 0.939891 B 2.000000 4.000000 18.000000 C[purple]
10.058492 -19.452532 -77.727272 0.303064 -0.895688 -0.325416 0.952970 0.284847 0.103489 -0.000000 -0.341475 0.939891 B 2.000000 4.000000 18.000000 C[purple]
9.835244 -25.762966 -60.343329 0.134120 -0.931399 -0.338390 0.990965 0.126058 0.045799 0.000000 -0.341475 0.939891 B 2.000000 4.000000 18.000000 C[purple]
10.242457 30.412300 -43.248303 0.182550 -0.924097 -0.335737 0.983197 0.171577 0.062336 0.000000 -0.341475 0.939891 B 2.000000 4.000000 18.000000 C[purple]
9.988751 24.281938 -25.821442 0.089895 -0.936085 -0.340093 0.995951 0.084491 0.030697 -0.000000 -0.341475 0.939891 B 2.000000 4.000000 18.000000 C[purple]
9.933350 17.815068 -8.611499 -0.119408 -0.933166 -0.339032 0.992845 -0.112230 -0.040775 -0.000000 -0.341475 0.939891 B 2.000000 4.000000 18.000000 C[purple]
9.840098 11.884495 8.608748 -0.263941 -0.906561 -0.329366 0.964539 -0.248076 -0.090129 -0.000000 -0.341475 0.939891 B 2.000000 4.000000 18.000000 C[purple]
10.061229 5.741853 25.715807 -0.093809 -0.935746 -0.339970 0.995590 -0.088170 -0.032033 0.000000 -0.341475 0.939891 B 2.000000 4.000000 18.000000 C[purple]
9.830437 -0.614119 42.801837 -0.265043 -0.906277 -0.329263 0.964237 -0.249111 -0.090506 0.000000 -0.341475 0.939891 B 2.000000 4.000000 18.000000 C[purple]
9.746256 -6.835433 59.847056 0.058525 -0.938280 -0.340890 0.998286 0.055007 0.019985 -0.000000 -0.341475 0.939891 B 2.000000 4.000000 18.000000 C[purple]
2.235896 23.670848 77.498778 0.834213 -0.518295 -0.188304 0.551442 0.784069 0.284863 0.000000 -0.341475 0.939891 B 2.000000 4.000000 18.000000 C[purple]
2.360571 17.372771 -77.227698 0.759564 -0.611336 -0.222107 0.650433 0.713907 0.259372 0.000000 -0.341475 0.939891 B 2.000000 4.000000 18.000000 C[purple]
2.301627 10.975042 -60.065458 0.523752 -0.800665 -0.290893 0.851871 0.492270 0.178849 -0.000000 -0.341475 0.939891 B 2.000000 4.000000 18.000000 C[purple]
2.273889 4.722841 -42.853967 0.381510 -0.868802 -0.315648 0.924365 0.358578 0.130276 0.000000 -0.341475 0.939891 B 2.000000 4.000000 18.000000 C[purple]
2.192993 -1.512719 -25.584238 0.492797 -0.817840 -0.297133 0.870144 0.463176 0.168278 0.000000 -0.341475 0.939891 B 2.000000 4.000000 18.000000 C[purple]
2.248496 -7.991286 -8.020942 0.476619 -0.826267 -0.300194 0.879110 0.447970 0.162754 -0.000000 -0.341475 0.939891 B 2.000000 4.000000 18.000000 C[purple]
2.052036 -14.101471 9.165622 0.622043 -0.735918 -0.267369 0.782983 0.584653 0.212412 0.000000 -0.341475 0.939891 B 2.000000 4.000000 18.000000 C[purple]
1.836669 -20.480039 26.140077 0.793658 -0.571795 -0.207741 0.608364 0.745952 0.271015 0.000000 -0.341475 0.939891 B 2.000000 4.000000 18.000000 C[purple]
1.937198 -26.634157 43.212104 0.756744 -0.614418 -0.223226 0.653712 0.711256 0.258409 0.000000 -0.341475 0.939891 B 2.000000 4.000000 18.000000 C[purple]
2.028831 29.765437 60.423828 0.681184 -0.688105 -0.249998 0.732112 0.640239 0.232608 0.000000 -0.341475 0.939891 B 2.000000 4.000000 18.000000 C[purple]
-13.285436 -15.015144 -77.385236 0.957085 -0.272388 -0.098963 0.289809 0.899555 0.326821 0.000000 -0.341475 0.939891 B 2.000000 4.000000 18.000000 C[purple]
-13.640431 -21.022826 -60.176086 0.949060 -0.296156 -0.107598 0.315096 0.892013 0.324081 0.000000 -0.341475 0.939891 B 2.000000 4.000000 18.000000 C[purple]
-13.486758 -27.286664 -42.910947 0.997493 -0.066513 -0.024165 0.070767 0.937534 0.340619 0.000000 -0.341475 0.939891 B 2.000000 4.000000 18.000000 C[purple]
-13.492927 28.853170 -25.656341 0.993845 -0.104121 -0.037829 0.110780 0.934106 0.339374 0.000000 -0.341475 0.939891 B 2.000000 4.000000 18.000000 C[purple]
-13.298510 22.274744 -8.197939 0.994688 -0.096748 -0.035150 0.102936 0.934898 0.339661 0.000000 -0.341475 0.939891 B 2.000000 4.000000 18.000000 C[purple]
-13.229713 15.966448 8.925515 0.999991 -0.003899 -0.001417 0.004148 0.939883 0.341472 0.000000 -0.341475 0.939891 B 2.000000 4.000000 18.000000 C[purple]
-13.327646 9.889249 26.038049 0.996653 -0.076830 -0.027913 0.081744 0.936745 0.340333 -0.000000 -0.341475 0.939891 B 2.000000 4.000000 18.000000 C[purple]
-13.228475 3.536201 43.033233 0.974772 0.209786 0.076218 -0.223202 0.916179 0.332861 0.000000 -0.341475 0.939891 B 2.000000 4.000000 18.000000 C[purple]
-13.335360 -2.274415 60.232414 0.972456 0.219074 0.079593 -0.233084 0.914003 0.332070 -0.000000 -0.341475 0.939891 B 2.000000 4.000000 18.000000 C[purple]
-13.327801 -8.619024 77.200482 0.986144 -0.155920 -0.056648 0.165891 0.926868 0.336744 0.000000 -0.341475 0.939891 B 2.000000 4.000000 18.000000 C[purple]
-0.510134 -24.578153 77.337058 -0.768226 0.601698 0.218605 -0.640179 -0.722048 -0.262330 0.000000 -0.341475 0.939891 B 2.000000 4.000000 18.000000 C[purple]
-0.825731 -30.878382 -77.550967 -0.861621 0.477044 0.173317 -0.507553 -0.809829 -0.294222 -0.000000 -0.341475 0.939891 B 2.000000 4.000000 18.000000 C[purple]
-0.985200 25.429584 -60.313548 -0.940710 0.318822 0.115833 -0.339212 -0.884164 -0.321229 0.000000 -0.341475 0.939891 B 2.000000 4.000000 18.000000 C[purple]
-1.150837 19.147469 -42.805584 -0.966034 0.242884 0.088243 -0.258417 -0.907966 -0.329877 0.000000 -0.341475 0.939891 B 2.000000 4.000000 18.000000 C[purple]
-1.159762 13.017876 -25.863659 -0.829285 0.525235 0.190825 -0.558825 -0.779438 -0.283181 0.000000 -0.341475 0.939891 B 2.000000 4.000000 18.000000 C[purple]
-1.152755 6.722628 -8.613344 -0.814270 0.545594 0.198222 -0.580486 -0.765325 -0.278053 0.000000 -0.341475 0.939891 B 2.000000 4.000000 18.000000 C[purple]
-1.141531 0.377622 8.670417 -0.887411 0.433270 0.157413 -0.460979 -0.834069 -0.303029 0.000000 -0.341475 0.939891 B 2.000000 4.000000 18.000000 C[purple]
-1.112002 -5.904995 25.857207 -0.743086 0.628971 0.228514 -0.669196 -0.698420 -0.253746 0.000000 -0.341475 0.939891 B 2.000000 4.000000 18.000000 C[purple]
-0.994798 -12.352826 42.846267 -0.771504 0.597982 0.217255 -0.636225 -0.725129 -0.263450 -0.000000 -0.341475 0.939891 B 2.000000 4.000000 18.000000 C[purple]
-0.836352 -18.436615 59.872246 -0.687928 0.682153 0.247836 -0.725779 -0.646577 -0.234910 0.000000 -0.341475 0.939891 B 2.000000 4.000000 18.000000 C[purple]
25.965856 26.339697 77.453169 0.840922 -0.508627 -0.184791 0.541156 0.790375 0.287154 0.000000 -0.341475 0.939891 B 2.000000 4.000000 18.000000 C[purple]
25.959148 20.013726 -77.432469 0.789254 -0.577155 -0.209689 0.614067 0.741813 0.269511 0.000000 -0.341475 0.939891 B 2.000000 4.000000 18.000000 C[purple]
26.158394 13.839579 -60.199632 0.706608 -0.665071 -0.241630 0.707605 0.664135 0.241289 0.000000 -0.341475 0.939891 B 2.000000 4.000000 18.000000 C[purple]
26.150184 7.792414 -43.023876 0.456261 -0.836358 -0.303861 0.889846 0.428835 0.155802 -0.000000 -0.341475 0.939891 B 2.000000 4.000000 18.000000 C[purple]
26.159864 1.527003 -25.439829 0.551422 -0.784082 -0.284868 0.834227 0.518276 0.188297 -0.000000 -0.341475 0.939891 B 2.000000 4.000000 18.000000 C[purple]
25.847894 -4.767797 -8.463467 0.616869 -0.739756 -0.268764 0.787066 0.579789 0.210646 -0.000000 -0.341475 0.939891 B 2.000000 4.000000 18.000000 C[purple]
26.006584 -11.180147 8.669077 0.641487 -0.721022 -0.261957 0.767134 0.602928 0.219052 -0.000000 -0.341475 0.939891 B 2.000000 4.000000 18.000000 C[purple]
26.079402 -17.351838 25.636254 0.684160 -0.685493 -0.249049 0.729332 0.643035 0.233624 0.000000 -0.341475 0.939891 B 2.000000 4.000000 18.000000 C[purple]
25.909911 -23.656889 43.066308 0.764122 -0.606297 -0.220276 0.645072 0.718191 0.260929 -0.000000 -0.341475 0.939891 B 2.000000 4.000000 18.000000 C[purple]
25.744363 -30.163722 60.294743 0.669195 -0.698420 -0.253746 0.743087 0.628970 0.228514 0.000000 -0.341475 0.939891 B 2.000000 4.000000 18.000000 C[purple]
-7.865180 -23.623135 77.234394 0.912659 -0.384154 -0.139569 0.408722 0.857800 0.311651 0.000000 -0.341475 0.939891 B 2.000000 4.000000 18.000000 C[purple]
-7.765333 -29.733566 -77.509373 0.678686 -0.690283 -0.250789 0.734429 0.637890 0.231754 0.000000 -0.341475 0.939891 B 2.000000 4.000000 18.000000 C[purple]
-8.098644 26.440374 -60.565566 0.699401 -0.671768 -0.244063 0.714730 0.657360 0.238828 0.000000 -0.341475 0.939891 B 2.000000 4.000000 18.000000 C[purple]
-8.121032 20.242680 -43.379503 0.792258 -0.573509 -0.208364 0.610187 0.744636 0.270537 0.000000 -0.341475 0.939891 B 2.000000 4.000000 18.000000 C[purple]
-7.849983 14.167337 -26.042154 0.902359 -0.405079 -0.147171 0.430985 0.848119 0.308133 0.000000 -0.341475 0.939891 B 2.000000 4.000000 18.000000 C[purple]
-7.778098 7.737392 -8.705496 0.736133 -0.636153 -0.231123 0.676837 0.691884 0.251371 -0.000000 -0.341475 0.939891 B 2.000000 4.000000 18.000000 C[purple]
-7.862785 1.628432 8.288634 0.886818 -0.434342 -0.157802 0.462120 0.833512 0.302826 0.000000 -0.341475 0.939891 B 2.000000 4.000000 18.000000 C[purple]
-7.442173 -4.666001 25.443512 0.910201 -0.389271 -0.141427 0.414166 0.855490 0.310811 0.000000 -0.341475 0.939891 B 2.000000 4.000000 18.000000 C[purple]
-7.593189 -10.827373 42.571422 0.801768 -0.561712 -0.204078 0.597635 0.753575 0.273784 0.000000 -0.341475 0.939891 B 2.000000 4.000000 18.000000 C[purple]
-7.801548 -17.131386 59.736029 0.940803 -0.318580 -0.115744 0.338954 0.884252 0.321261 0.000000 -0.341475 0.939891 B 2.000000 4.000000 18.000000 C[purple]
-27.966480 -6.530981 -77.486262 0.930573 0.344101 0.125017 -0.366107 0.874637 0.317768 0.000000 -0.341475 0.939891 B 2.000000 4.000000 18.000000 C[purple]
-27.924144 -12.856711 -60.572904 0.831518 0.522107 0.189689 -0.555497 0.781536 0.283943 0.000000 -0.341475 0.939891 B 2.000000 4.000000 18.000000 C[purple]
-28.100817 -19.329896 -43.212930 0.910779 0.388076 0.140993 -0.412895 0.856033 0.311009 0.000000 -0.341475 0.939891 B 2.000000 4.000000 18.000000 C[purple]
-28.206588 -25.409113 -25.985227 0.960247 0.262371 0.095323 -0.279150 0.902528 0.327901 0.000000 -0.341475 0.939891 B 2.000000 4.000000 18.000000 C[purple]
-27.952777 30.652153 -8.834816 0.912237 0.385038 0.139890 -0.409663 0.857403 0.311507 -0.000000 -0.341475 0.939891 B 2.000000 4.000000 18.000000 C[purple]
-27.650552 24.573938 8.146601 0.933884 0.336081 0.122103 -0.357575 0.877749 0.318899 0.000000 -0.341475 0.939891 B 2.000000 4.000000 18.000000 C[purple]
-27.506211 18.221946 25.327284 0.926447 0.353799 0.128540 -0.376426 0.870759 0.316359 -0.000000 -0.341475 0.939891 B 2.000000 4.000000 18.000000 C[purple]
-27.664196 11.899078 42.569169 0.996038 0.083585 0.030367 -0.088930 0.936167 0.340122 -0.000000 -0.341475 0.939891 B 2.000000 4.000000 18.000000 C[purple]
-27.668861 6.000690 59.933443 0.964691 0.247552 0.089939 -0.263384 0.906704 0.329418 0.000000 -0.341475 0.939891 B 2.000000 4.000000 18.000000 C[purple]
-27.770089 -0.082711 77.420422 0.955943 0.275908 0.100241 -0.293553 0.898482 0.326431 0.000000 -0.341475 0.939891 B 2.000000 4.000000 18.000000 C[purple]
2.357771 -4.248440 -77.069859 0.782467 -0.585263 -0.212634 0.622692 0.735433 0.267193 0.000000 -0.341475 0.939891 B 2.000000 4.000000 18.000000 C[purple]
2.356735 -10.723086 -60.061129 0.793977 -0.571405 -0.207599 0.607948 0.746251 0.271124 -0.000000 -0.341475 0.939891 B 2.000000 4.000000 18.000000 C[purple]
2.069514 -17.250765 -42.766955 0.734148 -0.638176 -0.231858 0.678990 0.690019 0.250693 0.000000 -0.341475 0.939891 B 2.000000 4.000000 18.000000 C[purple]
2.001229 -23.250808 -25.593186 0.643042 -0.719798 -0.261512 0.765831 0.604389 0.219583 -0.000000 -0.341475 0.939891 B 2.000000 4.000000 18.000000 C[purple]
2.016517 -29.429122 -8.599264 0.445914 -0.841274 -0.305646 0.895076 0.419110 0.152269 -0.000000 -0.341475 0.939891 B 2.000000 4.000000 18.000000 C[purple]
2.244120 26.937675 8.839897 0.608649 -0.745746 -0.270940 0.793440 0.572064 0.207839 0.000000 -0.341475 0.939891 B 2.000000 4.000000 18.000000 C[purple]
2.542644 20.473038 26.102051 0.632730 -0.727825 -0.264429 0.774372 0.594697 0.216062 0.000000 -0.341475 0.939891 B 2.000000 4.000000 18.000000 C[purple]
2.723159 14.306513 43.106082 0.709188 -0.662642 -0.240747 0.705020 0.666559 0.242170 0.000000 -0.341475 0.939891 B 2.000000 4.000000 18.000000 C[purple]
2.670581 8.158091 60.423708 0.571276 -0.771423 -0.280269 0.820758 0.536937 0.195077 -0.000000 -0.341475 0.939891 B 2.000000 4.000000 18.000000 C[purple]
2.518574 1.807743 77.837914 0.793171 -0.572393 -0.207958 0.609000 0.745494 0.270848 0.000000 -0.341475 0.939891 B 2.000000 4.000000 18.000000 C[purple]
36.469323 19.910397 77.366127 0.989161 -0.138009 -0.050140 0.146835 0.929703 0.337774 -0.000000 -0.341475 0.939891 B 2.000000 4.000000 18.000000 C[purple]
36.480321 13.731412 -77.665648 0.989598 -0.135211 -0.049124 0.143858 0.930114 0.337923 0.000000 -0.341475 0.939891 B 2.000000 4.000000 18.000000 C[purple]
36.754213 7.443686 -60.478005 0.993229 -0.109191 -0.039671 0.116174 0.933527 0.339163 -0.000000 -0.341475 0.939891 B 2.000000 4.000000 18.000000 C[purple]
36.515469 1.157278 -43.123190 0.994275 0.100428 0.036487 -0.106851 0.934510 0.339520 -0.000000 -0.341475 0.939891 B 2.000000 4.000000 18.000000 C[purple]
36.216633 -4.890803 -25.822857 0.988686 0.140985 0.051222 -0.150002 0.929257 0.337612 0.000000 -0.341475 0.939891 B 2.000000 4.000000 18.000000 C[purple]
36.339561 -10.975262 -8.758779 0.992930 0.111565 0.040533 -0.118700 0.933246 0.339061 0.000000 -0.341475 0.939891 B 2.000000 4.000000 18.000000 C[purple]
36.208889 -16.944476 8.635044 0.999563 -0.027792 -0.010097 0.029569 0.939480 0.341326 -0.000000 -0.341475 0.939891 B 2.000000 4.000000 18.000000 C[purple]
36.149835 -23.373430 26.001722 0.958863 -0.266805 -0.096934 0.283868 0.901227 0.327428 0.000000 -0.341475 0.939891 B 2.000000 4.000000 18.000000 C[purple]
36.246453 -29.795658 43.050980 0.998224 -0.055992 -0.020343 0.059573 0.938221 0.340869 0.000000 -0.341475 0.939891 B 2.000000 4.000000 18.000000 C[purple]
36.354439 26.353791 60.028685 0.994259 0.100567 0.036537 -0.106998 0.934495 0.339515 -0.000000 -0.341475 0.939891 B 2.000000 4.000000 18.000000 C[purple]
48.950602 23.334101 77.602693 -0.963020 -0.253235 -0.092004 0.269431 -0.905133 -0.328848 -0.000000 -0.341475 0.939891 B 2.000000 4.000000 18.000000 C[purple]
48.592151 17.120015 -77.116842 -0.948091 -0.298885 -0.108589 0.317999 -0.891102 -0.323750 0.000000 -0.341475 0.939891 B 2.000000 4.000000 18.000000 C[purple]
48.844600 10.965929 -59.844532 -0.902772 -0.404265 -0.146875 0.430119 -0.848507 -0.308274 -0.000000 -0.341475 0.939891 B 2.000000 4.000000 18.000000 C[purple]
49.032956 4.574934 -42.871686 -0.966839 -0.240035 -0.087208 0.255386 -0.908723 -0.330152 0.000000 -0.341475 0.939891 B 2.000000 4.000000 18.000000 C[purple]
49.020441 -1.839758 -25.280232 -0.928057 -0.350052 -0.127179 0.372439 -0.872272 -0.316909 0.000000 -0.341475 0.939891 B 2.000000 4.000000 18.000000 C[purple]
49.293392 -8.031376 -8.069566 -0.964499 -0.248211 -0.090178 0.264085 -0.906524 -0.329353 -0.000000 -0.341475 0.939891 B 2.000000 4.000000 18.000000 C[purple]
49.036391 -14.394717 8.816104 -0.986495 -0.153946 -0.055931 0.163791 -0.927198 -0.336864 0.000000 -0.341475 0.939891 B 2.000000 4.000000 18.000000 C[purple]
49.019275 -20.582669 26.010799 -0.975727 -0.205828 -0.074780 0.218991 -0.917077 -0.333187 0.000000 -0.341475 0.939891 B 2.000000 4.000000 18.000000 C[purple]
49.226537 -26.882865 43.059441 -0.993469 -0.107244 -0.038963 0.114102 -0.933752 -0.339245 0.000000 -0.341475 0.939891 B 2.000000 4.000000 18.000000 C[purple]
48.929244 29.731097 60.271326 -0.995115 -0.092784 -0.033710 0.098718 -0.935300 -0.339807 0.000000 -0.341475 0.939891 B 2.000000 4.000000 18.000000 C[purple]
25.825986 6.300675 77.484846 0.620337 0.737190 0.267831 -0.784335 0.583049 0.211830 0.000000 -0.341475 0.939891 B 2.000000 4.000000 18.000000 C[purple]
26.073448 -0.138314 -77.147511 0.520106 0.802762 0.291655 -0.854102 0.488843 0.177603 0.000000 -0.341475 0.939891 B 2.000000 4.000000 18.000000 C[purple]
25.853332 -6.278553 -60.216243 0.438128 0.844880 0.306957 -0.898913 0.411792 0.149610 -0.000000 -0.341475 0.939891 B 2.000000 4.000000 18.000000 C[purple]
26.049923 -12.387937 -42.922767 0.504872 0.811308 0.294760 -0.863194 0.474525 0.172401 0.000000 -0.341475 0.939891 B 2.000000 4.000000 18.000000 C[purple]
26.265302 -18.378574 -25.588031 0.489534 0.819570 0.297761 -0.871984 0.460109 0.167164 0.000000 -0.341475 0.939891 B 2.000000 4.000000 18.000000 C[purple]
26.107175 -24.559222 -8.466259 0.787644 0.579096 0.210394 -0.616131 0.740299 0.268961 -0.000000 -0.341475 0.939891 B 2.000000 4.000000 18.000000 C[purple]
25.996833 -31.011412 8.881147 0.888309 0.431641 0.156821 -0.459246 0.834914 0.303336 0.000000 -0.341475 0.939891 B 2.000000 4.000000 18.000000 C[purple]
