-5.671568 27.518483 77.400151 -0.797334 0.567260 0.206094 -0.603538 -0.749407 -0.272270 0.000000 -0.341475 0.939891 B 2.000000 4.000000 18.000000 C[purple]
-5.794517 21.056092 -77.464534 -0.711380 0.660563 0.239992 -0.702808 -0.668619 -0.242919 -0.000000 -0.341475 0.939891 B 2.000000 4.000000 18.000000 C[purple]
-5.736364 14.770706 -60.506748 -0.789640 0.576689 0.209519 -0.613571 -0.742175 -0.269643 -0.000000 -0.341475 0.939891 B 2.000000 4.000000 18.000000 C[purple]
-5.508984 8.711198 -43.143435 -0.657337 0.708298 0.257335 -0.753597 -0.617825 -0.224464 -0.000000 -0.341475 0.939891 B 2.000000 4.000000 18.000000 C[purple]
-5.235632 2.659236 -25.796381 -0.481053 0.823994 0.299369 -0.876692 -0.452137 -0.164268 -0.000000 -0.341475 0.939891 B 2.000000 4.000000 18.000000 C[purple]
-5.632094 -3.701579 -8.571743 -0.462402 0.833373 0.302776 -0.886670 -0.434608 -0.157899 0.000000 -0.341475 0.939891 B 2.000000 4.000000 18.000000 C[purple]
-5.525892 -10.115569 8.880765 -0.219797 0.916906 0.333125 -0.975546 -0.206586 -0.075055 0.000000 -0.341475 0.939891 B 2.000000 4.000000 18.000000 C[purple]
-5.508218 -16.253563 26.089642 -0.569971 0.772275 0.280578 -0.821665 -0.535711 -0.194631 0.000000 -0.341475 0.939891 B 2.000000 4.000000 18.000000 C[purple]
-5.653786 -22.680261 43.194393 -0.654609 0.710527 0.258144 -0.755967 -0.615261 -0.223533 0.000000 -0.341475 0.939891 B 2.000000 4.000000 18.000000 C[purple]
-5.952042 -28.924278 60.129791 -0.781387 0.586536 0.213097 -0.624047 -0.734419 -0.266825 -0.000000 -0.341475 0.939891 B 2.000000 4.000000 18.000000 C[purple]
36.097820 5.977268 -76.923918 -0.449280 -0.839690 -0.305071 0.893391 -0.422274 -0.153418 0.000000 -0.341475 0.939891 B 2.000000 4.000000 18.000000 C[purple]
35.869450 -0.064883 -59.937680 -0.390573 -0.865237 -0.314353 0.920572 -0.367096 -0.133371 0.000000 -0.341475 0.939891 B 2.000000 4.000000 18.000000 C[purple]
35.714371 -6.497019 -42.675438 -0.223662 -0.916080 -0.332825 0.974667 -0.210218 -0.076375 0.000000 -0.341475 0.939891 B 2.000000 4.000000 18.000000 C[purple]
35.786575 -12.807466 -25.254043 -0.487694 -0.820538 -0.298113 0.873015 -0.458379 -0.166535 0.000000 -0.341475 0.939891 B 2.000000 4.000000 18.000000 C[purple]
36.040921 -19.048114 -7.985399 -0.490333 -0.819148 -0.297608 0.871535 -0.460860 -0.167437 0.000000 -0.341475 0.939891 B 2.000000 4.000000 18.000000 C[purple]
35.864847 -25.267741 9.135625 -0.687168 -0.682829 -0.248081 0.726498 -0.645863 -0.234651 0.000000 -0.341475 0.939891 B 2.000000 4.000000 18.000000 C[purple]
35.921202 30.870436 26.039188 -0.479230 -0.824932 -0.299709 0.877690 -0.450424 -0.163645 0.000000 -0.341475 0.939891 B 2.000000 4.000000 18.000000 C[purple]
35.505593 24.725107 43.135674 -0.561104 -0.777990 -0.282655 0.827745 -0.527376 -0.191603 0.000000 -0.341475 0.939891 B 2.000000 4.000000 18.000000 C[purple]
35.658436 18.477516 60.260839 -0.627780 -0.731602 -0.265801 0.778390 -0.590045 -0.214372 0.000000 -0.341475 0.939891 B 2.000000 4.000000 18.000000 C[purple]
35.998016 12.316976 77.542555 -0.540958 -0.790495 -0.287198 0.841050 -0.508441 -0.184724 0.000000 -0.341475 0.939891 B 2.000000 4.000000 18.000000 C[purple]
11.379700 -19.894262 -77.213355 0.555701 -0.781409 -0.283897 0.831382 0.522298 0.189758 0.000000 -0.341475 0.939891 B 2.000000 4.000000 18.000000 C[purple]
11.340949 -26.147448 -60.051727 0.210319 -0.918868 -0.333838 0.977633 0.197677 0.071819 -0.000000 -0.341475 0.939891 B 2.000000 4.000000 18.000000 C[purple]
11.590972 29.994560 -42.927150 0.445820 -0.841317 -0.305662 0.895123 0.419022 0.152237 0.000000 -0.341475 0.939891 B 2.000000 4.000000 18.000000 C[purple]
11.408615 23.879903 -25.515876 0.504268 -0.811640 -0.294880 0.863547 0.473956 0.172195 0.000000 -0.341475 0.939891 B 2.000000 4.000000 18.000000 C[purple]
11.429676 17.745469 -8.290858 0.459367 -0.834855 -0.303314 0.888247 0.431754 0.156862 -0.000000 -0.341475 0.939891 B 2.000000 4.000000 18.000000 C[purple]
11.400112 11.343159 8.898038 0.438428 -0.844742 -0.306907 0.898766 0.412074 0.149712 0.000000 -0.341475 0.939891 B 2.000000 4.000000 18.000000 C[purple]
11.547591 4.930669 25.762699 0.531040 -0.796413 -0.289348 0.847347 0.499120 0.181337 -0.000000 -0.341475 0.939891 B 2.000000 4.000000 18.000000 C[purple]
11.534403 -1.375852 43.134485 0.535691 -0.793657 -0.288347 0.844414 0.503491 0.182925 -0.000000 -0.341475 0.939891 B 2.000000 4.000000 18.000000 C[purple]
11.665813 -7.271958 60.306036 0.561489 -0.777745 -0.282566 0.827484 0.527738 0.191735 -0.000000 -0.341475 0.939891 B 2.000000 4.000000 18.000000 C[purple]
11.327743 -13.744487 77.535290 0.482821 -0.823080 -0.299036 0.875719 0.453799 0.164872 -0.000000 -0.341475 0.939891 B 2.000000 4.000000 18.000000 C[purple]
-28.854368 19.647530 -77.438521 -0.463359 -0.832903 -0.302605 0.886171 -0.435507 -0.158226 -0.000000 -0.341475 0.939891 B 2.000000 4.000000 18.000000 C[purple]
-28.766370 13.181516 -60.026584 -0.658559 -0.707295 -0.256970 0.752529 -0.618974 -0.224882 0.000000 -0.341475 0.939891 B 2.000000 4.000000 18.000000 C[purple]
-28.633451 6.800646 -42.836453 -0.300174 -0.896547 -0.325728 0.953885 -0.282131 -0.102502 0.000000 -0.341475 0.939891 B 2.000000 4.000000 18.000000 C[purple]
-28.743014 0.680419 -25.602088 -0.371737 -0.872536 -0.317005 0.928338 -0.349392 -0.126939 -0.000000 -0.341475 0.939891 B 2.000000 4.000000 18.000000 C[purple]
-29.104171 -5.344169 -8.410431 -0.245476 -0.911133 -0.331027 0.969403 -0.230721 -0.083824 -0.000000 -0.341475 0.939891 B 2.000000 4.000000 18.000000 C[purple]
-29.272218 -11.658165 8.474379 -0.066932 -0.937783 -0.340710 0.997758 -0.062908 -0.022855 0.000000 -0.341475 0.939891 B 2.000000 4.000000 18.000000 C[purple]
-29.257915 -17.980083 25.511057 -0.290367 -0.899396 -0.326763 0.956915 -0.272913 -0.099153 0.000000 -0.341475 0.939891 B 2.000000 4.000000 18.000000 C[purple]
-29.006695 -23.933436 42.650703 -0.328293 -0.887798 -0.322549 0.944576 -0.308559 -0.112104 -0.000000 -0.341475 0.939891 B 2.000000 4.000000 18.000000 C[purple]
-29.237413 -30.317499 59.991907 -0.435823 -0.845932 -0.307339 0.900032 -0.409626 -0.148823 0.000000 -0.341475 0.939891 B 2.000000 4.000000 18.000000 C[purple]
-29.081111 25.752613 77.436729 -0.360598 -0.876656 -0.318501 0.932721 -0.338923 -0.123135 -0.000000 -0.341475 0.939891 B 2.000000 4.000000 18.000000 C[purple]
-49.635689 20.353643 -76.730953 0.798536 -0.565764 -0.205550 0.601947 0.750537 0.272680 -0.000000 -0.341475 0.939891 B 2.000000 4.000000 18.000000 C[purple]
-49.642053 14.068972 -59.833843 0.703213 -0.668242 -0.242782 0.710979 0.660944 0.240130 -0.000000 -0.341475 0.939891 B 2.000000 4.000000 18.000000 C[purple]
-49.697653 8.071049 -42.830967 0.539321 -0.791482 -0.287557 0.842101 0.506902 0.184165 -0.000000 -0.341475 0.939891 B 2.000000 4.000000 18.000000 C[purple]
-49.513697 1.699173 -25.538930 0.626542 -0.732539 -0.266142 0.779387 0.588881 0.213949 -0.000000 -0.341475 0.939891 B 2.000000 4.000000 18.000000 C[purple]
-49.805813 -4.830523 -8.150259 0.742393 -0.629694 -0.228777 0.669965 0.697768 0.253509 0.000000 -0.341475 0.939891 B 2.000000 4.000000 18.000000 C[purple]
-49.529843 -11.462074 9.040082 0.754948 -0.616366 -0.223935 0.655785 0.709568 0.257796 -0.000000 -0.341475 0.939891 B 2.000000 4.000000 18.000000 C[purple]
-49.522591 -17.720744 26.502818 0.863768 -0.473602 -0.172066 0.503890 0.811847 0.294955 0.000000 -0.341475 0.939891 B 2.000000 4.000000 18.000000 C[purple]
-49.555934 -23.618698 43.525794 0.934910 -0.333554 -0.121185 0.354886 0.878713 0.319249 -0.000000 -0.341475 0.939891 B 2.000000 4.000000 18.000000 C[purple]
-49.990394 -29.780061 60.589182 0.939279 -0.322528 -0.117179 0.343154 0.882820 0.320741 0.000000 -0.341475 0.939891 B 2.000000 4.000000 18.000000 C[purple]
-49.621448 26.516461 77.960128 0.947149 -0.301512 -0.109544 0.320795 0.890216 0.323428 0.000000 -0.341475 0.939891 B 2.000000 4.000000 18.000000 C[purple]
1.261776 -0.032989 -77.476730 0.971435 0.223042 0.081034 -0.237306 0.913043 0.331721 -0.000000 -0.341475 0.939891 B 2.000000 4.000000 18.000000 C[purple]
1.200317 -6.029789 -60.152667 0.996215 -0.081695 -0.029681 0.086919 0.936334 0.340183 0.000000 -0.341475 0.939891 B 2.000000 4.000000 18.000000 C[purple]
1.140794 -12.423888 -42.981431 0.972555 0.218686 0.079452 -0.232672 0.914096 0.332104 -0.000000 -0.341475 0.939891 B 2.000000 4.000000 18.000000 C[purple]
0.981522 -18.717509 -25.639902 0.980992 0.182382 0.066262 -0.194046 0.922026 0.334985 -0.000000 -0.341475 0.939891 B 2.000000 4.000000 18.000000 C[purple]
1.144352 -24.898902 -8.303247 0.972308 0.219656 0.079804 -0.233704 0.913863 0.332019 0.000000 -0.341475 0.939891 B 2.000000 4.000000 18.000000 C[purple]
0.944975 -30.755741 8.806651 0.953209 0.284139 0.103232 -0.302311 0.895913 0.325498 0.000000 -0.341475 0.939891 B 2.000000 4.000000 18.000000 C[purple]
1.175002 25.342455 26.159975 0.992512 0.114805 0.041710 -0.122147 0.932853 0.338918 0.000000 -0.341475 0.939891 B 2.000000 4.000000 18.000000 C[purple]
0.998612 19.298523 43.314954 0.923066 0.361522 0.131346 -0.384643 0.867581 0.315204 0.000000 -0.341475 0.939891 B 2.000000 4.000000 18.000000 C[purple]
0.984811 12.642822 60.498939 0.912160 0.385199 0.139948 -0.409834 0.857331 0.311480 0.000000 -0.341475 0.939891 B 2.000000 4.000000 18.000000 C[purple]
1.201749 6.160827 77.518454 0.948896 0.296619 0.107766 -0.315589 0.891859 0.324025 0.000000 -0.341475 0.939891 B 2.000000 4.000000 18.000000 C[purple]
29.950677 -5.593151 77.729000 -0.636534 0.724890 0.263363 -0.771249 -0.598272 -0.217361 -0.000000 -0.341475 0.939891 B 2.000000 4.000000 18.000000 C[purple]
30.098759 -11.976742 -77.061519 -0.744117 0.627893 0.228122 -0.668049 -0.699389 -0.254098 0.000000 -0.341475 0.939891 B 2.000000 4.000000 18.000000 C[purple]
30.369408 -18.272224 -59.540860 -0.681748 0.687611 0.249819 -0.731587 -0.640769 -0.232800 0.000000 -0.341475 0.939891 B 2.000000 4.000000 18.000000 C[purple]
30.193567 -24.718480 -42.336396 -0.681687 0.687666 0.249838 -0.731644 -0.640711 -0.232779 0.000000 -0.341475 0.939891 B 2.000000 4.000000 18.000000 C[purple]
30.367271 -30.952699 -25.374446 -0.584980 0.762296 0.276953 -0.811048 -0.549817 -0.199756 0.000000 -0.341475 0.939891 B 2.000000 4.000000 18.000000 C[purple]
30.158085 25.575294 -8.356455 -0.620971 0.736718 0.267660 -0.783834 -0.583645 -0.212046 0.000000 -0.341475 0.939891 B 2.000000 4.000000 18.000000 C[purple]
30.497154 19.516848 8.682122 -0.666952 0.700313 0.254433 -0.745100 -0.626862 -0.227748 0.000000 -0.341475 0.939891 B 2.000000 4.000000 18.000000 C[purple]
30.616862 13.259228 26.053357 -0.893066 0.422880 0.153638 -0.449925 -0.839385 -0.304960 -0.000000 -0.341475 0.939891 B 2.000000 4.000000 18.000000 C[purple]
30.430211 6.930964 43.296332 -0.735407 0.636894 0.231393 -0.677626 -0.691202 -0.251123 0.000000 -0.341475 0.939891 B 2.000000 4.000000 18.000000 C[purple]
30.269526 0.601634 60.570868 -0.688680 0.681482 0.247592 -0.725066 -0.647284 -0.235167 0.000000 -0.341475 0.939891 B 2.000000 4.000000 18.000000 C[purple]
-29.607425 -2.635973 -77.336527 0.879069 -0.448040 -0.162779 0.476694 0.826229 0.300181 -0.000000 -0.341475 0.939891 B 2.000000 4.000000 18.000000 C[purple]
-29.518687 -8.922624 -60.204792 0.913051 -0.383331 -0.139269 0.407846 0.858168 0.311784 0.000000 -0.341475 0.939891 B 2.000000 4.000000 18.000000 C[purple]
-29.302148 -15.151839 -42.723417 0.924491 -0.358289 -0.130171 0.381203 0.868921 0.315691 -0.000000 -0.341475 0.939891 B 2.000000 4.000000 18.000000 C[purple]
-29.578035 -21.603338 -25.730258 0.918540 -0.371564 -0.134995 0.395327 0.863328 0.313659 -0.000000 -0.341475 0.939891 B 2.000000 4.000000 18.000000 C[purple]
-29.390695 -27.484013 -8.513161 0.831448 -0.522205 -0.189724 0.555602 0.781471 0.283919 -0.000000 -0.341475 0.939891 B 2.000000 4.000000 18.000000 C[purple]
-29.762622 28.762510 8.805717 0.805782 -0.556614 -0.202226 0.592212 0.757347 0.275155 0.000000 -0.341475 0.939891 B 2.000000 4.000000 18.000000 C[purple]
-29.609272 22.910936 26.119793 0.849073 -0.496522 -0.180393 0.528276 0.798035 0.289937 0.000000 -0.341475 0.939891 B 2.000000 4.000000 18.000000 C[purple]
-29.640129 16.453639 43.022237 0.764329 -0.606066 -0.220192 0.644826 0.718386 0.261000 0.000000 -0.341475 0.939891 B 2.000000 4.000000 18.000000 C[purple]
-29.647083 9.941182 60.069859 0.714366 -0.657710 -0.238955 0.699773 0.671426 0.243938 0.000000 -0.341475 0.939891 B 2.000000 4.000000 18.000000 C[purple]
-29.616572 3.844828 77.245227 0.907313 -0.395183 -0.143576 0.420456 0.852775 0.309825 -0.000000 -0.341475 0.939891 B 2.000000 4.000000 18.000000 C[purple]
-46.052951 9.688606 -77.559847 -0.494557 -0.816902 -0.296792 0.869145 -0.464829 -0.168879 -0.000000 -0.341475 0.939891 B 2.000000 4.000000 18.000000 C[purple]
-45.889305 3.485312 -60.107513 -0.459168 -0.834951 -0.303349 0.888349 -0.431568 -0.156795 0.000000 -0.341475 0.939891 B 2.000000 4.000000 18.000000 C[purple]
-46.145063 -2.523918 -42.944519 -0.255013 -0.908816 -0.330185 0.966938 -0.239685 -0.087081 -0.000000 -0.341475 0.939891 B 2.000000 4.000000 18.000000 C[purple]
-45.903943 -8.663176 -25.895627 0.047356 -0.938836 -0.341092 0.998878 0.044509 0.016171 -0.000000 -0.341475 0.939891 B 2.000000 4.000000 18.000000 C[purple]
-45.771415 -14.938683 -8.828550 0.215565 -0.917793 -0.333447 0.976489 0.202608 0.073610 -0.000000 -0.341475 0.939891 B 2.000000 4.000000 18.000000 C[purple]
-45.960923 -21.402453 8.244294 0.148274 -0.929501 -0.337701 0.988946 0.139361 0.050632 0.000000 -0.341475 0.939891 B 2.000000 4.000000 18.000000 C[purple]
-45.520582 -27.715264 25.623377 0.055997 -0.938416 -0.340940 0.998431 0.052632 0.019122 0.000000 -0.341475 0.939891 B 2.000000 4.000000 18.000000 C[purple]
-45.909937 28.520328 42.740019 -0.091602 -0.935939 -0.340040 0.995796 -0.086096 -0.031280 0.000000 -0.341475 0.939891 B 2.000000 4.000000 18.000000 C[purple]
-45.699505 22.181894 60.353235 -0.155208 -0.928501 -0.337337 0.987882 -0.145879 -0.053000 -0.000000 -0.341475 0.939891 B 2.000000 4.000000 18.000000 C[purple]
-46.077992 15.951349 77.421698 -0.296159 -0.897726 -0.326156 0.955139 -0.278357 -0.101131 0.000000 -0.341475 0.939891 B 2.000000 4.000000 18.000000 C[purple]
32.611541 -27.868263 -77.637680 0.430539 0.848319 0.308206 -0.902572 0.404660 0.147019 0.000000 -0.341475 0.939891 B 2.000000 4.000000 18.000000 C[purple]
32.562530 28.183668 -60.560364 0.591927 0.757544 0.275226 -0.805992 0.556346 0.202128 -0.000000 -0.341475 0.939891 B 2.000000 4.000000 18.000000 C[purple]
32.680434 22.058038 -43.337023 0.602486 0.750155 0.272542 -0.798130 0.566271 0.205734 -0.000000 -0.341475 0.939891 B 2.000000 4.000000 18.000000 C[purple]
32.797782 15.910325 -25.938461 0.787853 0.578844 0.210302 -0.615863 0.740496 0.269032 0.000000 -0.341475 0.939891 B 2.000000 4.000000 18.000000 C[purple]
32.521181 9.889552 -8.555500 0.729799 0.642567 0.233454 -0.683662 0.685931 0.249208 0.000000 -0.341475 0.939891 B 2.000000 4.000000 18.000000 C[purple]
32.674063 3.616396 8.353069 0.537477 0.792589 0.287959 -0.843278 0.505170 0.183535 0.000000 -0.341475 0.939891 B 2.000000 4.000000 18.000000 C[purple]
32.774133 -2.337373 25.531830 0.433951 0.846782 0.307648 -0.900937 0.407866 0.148184 -0.000000 -0.341475 0.939891 B 2.000000 4.000000 18.000000 C[purple]
32.933618 -8.753301 42.976728 0.491474 0.818544 0.297388 -0.870892 0.461932 0.167826 -0.000000 -0.341475 0.939891 B 2.000000 4.000000 18.000000 C[purple]
32.920246 -15.348699 60.006570 0.409865 0.857318 0.311476 -0.912146 0.385228 0.139959 -0.000000 -0.341475 0.939891 B 2.000000 4.000000 18.000000 C[purple]
32.914780 -21.723447 76.965502 0.607878 0.746302 0.271142 -0.794030 0.571339 0.207575 -0.000000 -0.341475 0.939891 B 2.000000 4.000000 18.000000 C[purple]
-39.254976 -26.164029 -77.525845 -0.628351 -0.731169 -0.265644 0.777930 -0.590581 -0.214566 0.000000 -0.341475 0.939891 B 2.000000 4.000000 18.000000 C[purple]
-39.175345 30.173317 -60.265835 -0.516687 -0.804710 -0.292363 0.856175 -0.485629 -0.176436 0.000000 -0.341475 0.939891 B 2.000000 4.000000 18.000000 C[purple]
-39.070946 23.806836 -42.998465 -0.305075 -0.895085 -0.325197 0.952328 -0.286737 -0.104176 -0.000000 -0.341475 0.939891 B 2.000000 4.000000 18.000000 C[purple]
-39.390351 17.724846 -25.689338 -0.327937 -0.887914 -0.322592 0.944700 -0.308225 -0.111982 -0.000000 -0.341475 0.939891 B 2.000000 4.000000 18.000000 C[purple]
-39.310451 11.442176 -8.782945 -0.182923 -0.924032 -0.335714 0.983127 -0.171928 -0.062464 0.000000 -0.341475 0.939891 B 2.000000 4.000000 18.000000 C[purple]
-39.255546 5.161207 8.618323 -0.045516 -0.938917 -0.341122 0.998964 -0.042780 -0.015542 -0.000000 -0.341475 0.939891 B 2.000000 4.000000 18.000000 C[purple]
-39.250039 -1.188218 25.742012 -0.411432 -0.856654 -0.311234 0.911440 -0.386702 -0.140494 -0.000000 -0.341475 0.939891 B 2.000000 4.000000 18.000000 C[purple]
-39.261501 -7.514405 42.626538 -0.523476 -0.800825 -0.290951 0.852041 -0.492010 -0.178754 -0.000000 -0.341475 0.939891 B 2.000000 4.000000 18.000000 C[purple]
-39.622349 -13.692579 59.841309 -0.652164 -0.712511 -0.258865 0.758078 -0.612963 -0.222698 -0.000000 -0.341475 0.939891 B 2.000000 4.000000 18.000000 C[purple]
-39.458268 -19.731703 76.925600 -0.515729 -0.805253 -0.292560 0.856752 -0.484729 -0.176109 -0.000000 -0.341475 0.939891 B 2.000000 4.000000 18.000000 C[purple]
-15.874052 -20.029263 77.146178 0.886419 0.435061 0.158064 -0.462884 0.833137 0.302690 -0.000000 -0.341475 0.939891 B 2.000000 4.000000 18.000000 C[purple]
-15.886853 -26.505433 -77.495131 0.883750 0.439831 0.159797 -0.467960 0.830628 0.301779 -0.000000 -0.341475 0.939891 B 2.000000 4.000000 18.000000 C[purple]
-15.946818 29.738322 -60.474907 0.940738 0.318749 0.115806 -0.339134 0.884191 0.321239 -0.000000 -0.341475 0.939891 B 2.000000 4.000000 18.000000 C[purple]
-15.994394 23.403639 -43.223301 0.724760 0.647586 0.235277 -0.689001 0.681195 0.247488 0.000000 -0.341475 0.939891 B 2.000000 4.000000 18.000000 C[purple]
-15.990254 17.155321 -26.011162 0.810708 0.550259 0.199917 -0.585450 0.761977 0.276837 0.000000 -0.341475 0.939891 B 2.000000 4.000000 18.000000 C[purple]
-16.087196 10.897193 -8.551444 0.774023 0.595099 0.216208 -0.633157 0.727497 0.264310 0.000000 -0.341475 0.939891 B 2.000000 4.000000 18.000000 C[purple]
-16.119936 4.938075 8.480234 0.795261 0.569825 0.207025 -0.606267 0.747459 0.271562 0.000000 -0.341475 0.939891 B 2.000000 4.000000 18.000000 C[purple]
-16.214337 -1.388294 25.606092 0.958248 0.268752 0.097641 -0.285940 0.900648 0.327218 0.000000 -0.341475 0.939891 B 2.000000 4.000000 18.000000 C[purple]
-16.267238 -7.698814 42.567563 0.861389 0.477414 0.173451 -0.507946 0.809611 0.294143 0.000000 -0.341475 0.939891 B 2.000000 4.000000 18.000000 C[purple]
-16.026639 -13.892252 59.940017 0.890360 0.427892 0.155459 -0.455257 0.836841 0.304036 -0.000000 -0.341475 0.939891 B 2.000000 4.000000 18.000000 C[purple]
23.389829 29.437228 -77.744197 0.974505 -0.210880 -0.076616 0.224367 0.915928 0.332769 -0.000000 -0.341475 0.939891 B 2.000000 4.000000 18.000000 C[purple]
23.386880 23.393742 -60.683813 0.938805 -0.323745 -0.117621 0.344450 0.882374 0.320579 -0.000000 -0.341475 0.939891 B 2.000000 4.000000 18.000000 C[purple]
23.582310 16.976649 -43.265139 0.975305 -0.207586 -0.075419 0.220862 0.916680 0.333043 0.000000 -0.341475 0.939891 B 2.000000 4.000000 18.000000 C[purple]
23.159222 10.580439 -26.181857 0.983212 -0.171498 -0.062308 0.182466 0.924112 0.335743 0.000000 -0.341475 0.939891 B 2.000000 4.000000 18.000000 C[purple]
23.357044 4.727104 -8.925907 0.984518 -0.164749 -0.059856 0.175285 0.925339 0.336189 -0.000000 -0.341475 0.939891 B 2.000000 4.000000 18.000000 C[purple]
23.212593 -1.686986 8.332376 0.935051 -0.333203 -0.121057 0.354513 0.878846 0.319297 -0.000000 -0.341475 0.939891 B 2.000000 4.000000 18.000000 C[purple]
23.267045 -7.553411 25.810608 0.917886 -0.372990 -0.135512 0.396844 0.862713 0.313436 0.000000 -0.341475 0.939891 B 2.000000 4.000000 18.000000 C[purple]
23.398076 -13.699064 42.853191 0.824183 -0.532282 -0.193386 0.566324 0.774642 0.281438 0.000000 -0.341475 0.939891 B 2.000000 4.000000 18.000000 C[purple]
23.329054 -20.114146 60.116304 0.792597 -0.573094 -0.208213 0.609745 0.744955 0.270653 -0.000000 -0.341475 0.939891 B 2.000000 4.000000 18.000000 C[purple]
23.260774 -26.638788 77.371399 0.947005 -0.301909 -0.109688 0.321218 0.890082 0.323379 -0.000000 -0.341475 0.939891 B 2.000000 4.000000 18.000000 C[purple]
-22.244812 -14.579354 -77.168064 0.672943 -0.695232 -0.252587 0.739694 0.632493 0.229794 -0.000000 -0.341475 0.939891 B 2.000000 4.000000 18.000000 C[purple]
-22.334521 -20.846096 -59.544644 0.694640 -0.676117 -0.245643 0.719357 0.652886 0.237203 -0.000000 -0.341475 0.939891 B 2.000000 4.000000 18.000000 C[purple]
-22.349718 -27.025871 -42.456512 0.622302 -0.735725 -0.267299 0.782777 0.584896 0.212501 0.000000 -0.341475 0.939891 B 2.000000 4.000000 18.000000 C[purple]
-22.361304 29.046507 -25.551490 0.753180 -0.618274 -0.224628 0.657815 0.707907 0.257192 0.000000 -0.341475 0.939891 B 2.000000 4.000000 18.000000 C[purple]
-22.247365 22.599601 -8.352707 0.543652 -0.788860 -0.286604 0.839311 0.510973 0.185644 0.000000 -0.341475 0.939891 B 2.000000 4.000000 18.000000 C[purple]
-22.593786 16.630237 8.973345 0.565395 -0.775241 -0.281656 0.824820 0.531410 0.193069 -0.000000 -0.341475 0.939891 B 2.000000 4.000000 18.000000 C[purple]
-22.708524 9.990788 26.018886 0.596941 -0.754060 -0.273961 0.802285 0.561059 0.203841 0.000000 -0.341475 0.939891 B 2.000000 4.000000 18.000000 C[purple]
-22.579964 4.027678 43.171798 0.665215 -0.701771 -0.254963 0.746652 0.625229 0.227154 -0.000000 -0.341475 0.939891 B 2.000000 4.000000 18.000000 C[purple]
-22.303009 -2.006685 60.337579 0.647008 -0.716651 -0.260369 0.762483 0.608117 0.220937 0.000000 -0.341475 0.939891 B 2.000000 4.000000 18.000000 C[purple]
-22.328275 -8.256880 77.284867 0.501944 -0.812912 -0.295342 0.864900 0.471772 0.171401 0.000000 -0.341475 0.939891 B 2.000000 4.000000 18.000000 C[purple]
2.604540 12.626019 -77.705697 0.995397 -0.090073 -0.032725 0.095834 0.935565 0.339904 -0.000000 -0.341475 0.939891 B 2.000000 4.000000 18.000000 C[purple]
2.474781 6.196160 -60.322535 0.977895 -0.196529 -0.071402 0.209097 0.919114 0.333927 0.000000 -0.341475 0.939891 B 2.000000 4.000000 18.000000 C[purple]
2.743851 -0.325141 -42.969274 0.972758 -0.217890 -0.079162 0.231825 0.914286 0.332173 0.000000 -0.341475 0.939891 B 2.000000 4.000000 18.000000 C[purple]
2.451866 -6.370811 -25.929740 0.993019 -0.110866 -0.040279 0.117957 0.933329 0.339091 -0.000000 -0.341475 0.939891 B 2.000000 4.000000 18.000000 C[purple]
2.676667 -12.696216 -8.491194 0.989801 -0.133894 -0.048646 0.142457 0.930305 0.337993 -0.000000 -0.341475 0.939891 B 2.000000 4.000000 18.000000 C[purple]
2.510225 -18.487321 8.651645 0.991796 -0.120144 -0.043650 0.127827 0.932180 0.338674 0.000000 -0.341475 0.939891 B 2.000000 4.000000 18.000000 C[purple]
2.418343 -25.094512 25.765951 0.995594 -0.088134 -0.032020 0.093771 0.935749 0.339971 -0.000000 -0.341475 0.939891 B 2.000000 4.000000 18.000000 C[purple]
2.344278 -31.166936 42.833355 0.973285 -0.215801 -0.078403 0.229602 0.914781 0.332353 0.000000 -0.341475 0.939891 B 2.000000 4.000000 18.000000 C[purple]
2.345607 24.971379 60.261560 0.999895 0.013590 0.004937 -0.014459 0.939792 0.341440 -0.000000 -0.341475 0.939891 B 2.000000 4.000000 18.000000 C[purple]
2.460060 18.739481 77.164661 0.973807 0.213708 0.077643 -0.227375 0.915272 0.332531 -0.000000 -0.341475 0.939891 B 2.000000 4.000000 18.000000 C[purple]
13.542338 1.357579 -77.071345 0.707368 -0.664357 -0.241370 0.706845 0.664849 0.241549 -0.000000 -0.341475 0.939891 B 2.000000 4.000000 18.000000 C[purple]
13.465109 -4.981382 -60.204805 0.745672 -0.626261 -0.227529 0.666313 0.700851 0.254629 -0.000000 -0.341475 0.939891 B 2.000000 4.000000 18.000000 C[purple]
13.131741 -11.188715 -42.987204 0.625119 -0.733612 -0.266532 0.780529 0.587544 0.213463 0.000000 -0.341475 0.939891 B 2.000000 4.000000 18.000000 C[purple]
13.105445 -17.079206 -25.744710 0.736021 -0.636267 -0.231165 0.676958 0.691780 0.251333 0.000000 -0.341475 0.939891 B 2.000000 4.000000 18.000000 C[purple]
13.200980 -23.064690 -8.653921 0.662239 -0.704254 -0.255865 0.749293 0.622432 0.226138 0.000000 -0.341475 0.939891 B 2.000000 4.000000 18.000000 C[purple]
13.166668 -29.599326 8.448364 0.504312 -0.811616 -0.294871 0.863521 0.473999 0.172210 0.000000 -0.341475 0.939891 B 2.000000 4.000000 18.000000 C[purple]
13.228899 26.640760 25.865449 0.761356 -0.609363 -0.221390 0.648334 0.715592 0.259984 -0.000000 -0.341475 0.939891 B 2.000000 4.000000 18.000000 C[purple]
13.269299 20.568413 43.101425 0.596761 -0.754186 -0.274006 0.802419 0.560890 0.203779 0.000000 -0.341475 0.939891 B 2.000000 4.000000 18.000000 C[purple]
13.271754 13.994929 60.458216 0.715026 -0.657075 -0.238725 0.699098 0.672046 0.244164 -0.000000 -0.341475 0.939891 B 2.000000 4.000000 18.000000 C[purple]
13.499387 7.671725 77.793784 0.619587 -0.737747 -0.268034 0.784928 0.582344 0.211574 -0.000000 -0.341475 0.939891 B 2.000000 4.000000 18.000000 C[purple]
-29.786450 8.310439 -77.087852 0.997307 0.068935 0.025045 -0.073343 0.937359 0.340556 -0.000000 -0.341475 0.939891 B 2.000000 4.000000 18.000000 C[purple]
-29.904992 1.742647 -60.111364 0.996668 0.076667 0.027854 -0.081570 0.936759 0.340337 -0.000000 -0.341475 0.939891 B 2.000000 4.000000 18.000000 C[purple]
-29.890090 -4.408122 -42.773480 0.999852 0.016169 0.005874 -0.017203 0.939752 0.341425 -0.000000 -0.341475 0.939891 B 2.000000 4.000000 18.000000 C[purple]
-29.934438 -10.832405 -25.429920 0.955688 -0.276686 -0.100524 0.294381 0.898242 0.326344 0.000000 -0.341475 0.939891 B 2.000000 4.000000 18.000000 C[purple]
-29.986725 -16.904763 -8.261863 0.996621 -0.077198 -0.028047 0.082135 0.936715 0.340322 -0.000000 -0.341475 0.939891 B 2.000000 4.000000 18.000000 C[purple]
-29.920828 -23.076096 8.917156 0.987344 -0.149062 -0.054156 0.158595 0.927995 0.337154 -0.000000 -0.341475 0.939891 B 2.000000 4.000000 18.000000 C[purple]
-29.911398 -29.120613 26.066520 0.993404 0.107776 0.039157 -0.114669 0.933691 0.339223 -0.000000 -0.341475 0.939891 B 2.000000 4.000000 18.000000 C[purple]
-29.688270 27.050748 43.238784 0.980058 0.186766 0.067855 -0.198710 0.921148 0.334666 -0.000000 -0.341475 0.939891 B 2.000000 4.000000 18.000000 C[purple]
-29.535536 20.611793 60.216033 0.997849 0.061617 0.022386 -0.065557 0.937869 0.340741 0.000000 -0.341475 0.939891 B 2.000000 4.000000 18.000000 C[purple]
-29.957731 14.428565 77.653503 0.997199 0.070297 0.025540 -0.074793 0.937258 0.340519 0.000000 -0.341475 0.939891 B 2.000000 4.000000 18.000000 C[purple]
-24.895808 -21.587169 77.319353 0.529297 0.797438 0.289720 -0.848437 0.497481 0.180742 0.000000 -0.341475 0.939891 B 2.000000 4.000000 18.000000 C[purple]
-24.803720 -27.768230 -77.252782 0.725926 0.646431 0.234857 -0.687773 0.682291 0.247886 -0.000000 -0.341475 0.939891 B 2.000000 4.000000 18.000000 C[purple]
-24.714530 28.624559 -60.255706 0.726891 0.645473 0.234509 -0.686753 0.683198 0.248215 -0.000000 -0.341475 0.939891 B 2.000000 4.000000 18.000000 C[purple]
-24.799796 22.437726 -42.894800 0.642559 0.720178 0.261651 -0.766236 0.603935 0.219418 -0.000000 -0.341475 0.939891 B 2.000000 4.000000 18.000000 C[purple]
-24.808879 15.835673 -25.770734 0.548342 0.785988 0.285560 -0.836254 0.515381 0.187245 0.000000 -0.341475 0.939891 B 2.000000 4.000000 18.000000 C[purple]
-24.845827 9.702462 -8.827893 0.615970 0.740417 0.269004 -0.787770 0.578944 0.210339 0.000000 -0.341475 0.939891 B 2.000000 4.000000 18.000000 C[purple]
-24.642187 3.468569 8.097838 0.320242 0.890392 0.323492 -0.947336 0.300992 0.109355 -0.000000 -0.341475 0.939891 B 2.000000 4.000000 18.000000 C[purple]
-25.007893 -2.592607 25.225160 0.408111 0.858057 0.311744 -0.912933 0.383579 0.139360 -0.000000 -0.341475 0.939891 B 2.000000 4.000000 18.000000 C[purple]
-25.014426 -8.998010 42.620114 0.486398 0.821217 0.298360 -0.873737 0.457161 0.166093 -0.000000 -0.341475 0.939891 B 2.000000 4.000000 18.000000 C[purple]
-24.773130 -15.443673 59.773972 0.694111 0.676597 0.245817 -0.719868 0.652388 0.237022 0.000000 -0.341475 0.939891 B 2.000000 4.000000 18.000000 C[purple]
49.617171 0.811099 77.491274 0.972885 0.217386 0.078979 -0.231288 0.914406 0.332216 0.000000 -0.341475 0.939891 B 2.000000 4.000000 18.000000 C[purple]
49.936402 -5.302489 -77.408243 0.954731 0.279588 0.101578 -0.297469 0.897343 0.326017 0.000000 -0.341475 0.939891 B 2.000000 4.000000 18.000000 C[purple]
50.000203 -11.719460 -60.392975 0.867762 0.467106 0.169706 -0.496979 0.815602 0.296320 -0.000000 -0.341475 0.939891 B 2.000000 4.000000 18.000000 C[purple]
49.663880 -17.689157 -43.342223 0.890280 0.428039 0.155512 -0.455413 0.836766 0.304009 -0.000000 -0.341475 0.939891 B 2.000000 4.000000 18.000000 C[purple]
49.555181 -24.245972 -26.029483 0.960871 0.260345 0.094587 -0.276995 0.903114 0.328114 -0.000000 -0.341475 0.939891 B 2.000000 4.000000 18.000000 C[purple]
49.713043 -30.744408 -8.570174 0.994087 0.102057 0.037079 -0.108583 0.934333 0.339456 0.000000 -0.341475 0.939891 B 2.000000 4.000000 18.000000 C[purple]
49.571563 25.735927 8.421173 0.997424 0.067418 0.024494 -0.071730 0.937470 0.340596 0.000000 -0.341475 0.939891 B 2.000000 4.000000 18.000000 C[purple]
49.661737 19.724532 25.559957 0.996794 0.075205 0.027323 -0.080015 0.936877 0.340381 0.000000 -0.341475 0.939891 B 2.000000 4.000000 18.000000 C[purple]
49.586725 13.316909 42.694839 0.977168 -0.199696 -0.072552 0.212467 0.918431 0.333679 0.000000 -0.341475 0.939891 B 2.000000 4.000000 18.000000 C[purple]
49.582854 7.154803 60.147499 0.992048 0.118294 0.042978 -0.125860 0.932417 0.338760 -0.000000 -0.341475 0.939891 B 2.000000 4.000000 18.000000 C[purple]
-0.794675 5.319095 -77.115888 0.847197 0.499345 0.181419 -0.531279 0.796272 0.289297 0.000000 -0.341475 0.939891 B 2.000000 4.000000 18.000000 C[purple]
-0.826728 -0.933191 -59.853291 0.543205 0.789132 0.286703 -0.839600 0.510553 0.185491 0.000000 -0.341475 0.939891 B 2.000000 4.000000 18.000000 C[purple]
-0.595625 -7.288003 -42.998417 0.630681 0.729395 0.264999 -0.776043 0.592771 0.215362 0.000000 -0.341475 0.939891 B 2.000000 4.000000 18.000000 C[purple]
-0.364768 -13.463275 -25.823706 0.449448 0.839611 0.305042 -0.893307 0.422432 0.153475 0.000000 -0.341475 0.939891 B 2.000000 4.000000 18.000000 C[purple]
-0.458108 -20.017612 -8.433793 0.426722 0.850021 0.308824 -0.904383 0.401072 0.145715 -0.000000 -0.341475 0.939891 B 2.000000 4.000000 18.000000 C[purple]
-0.148308 -26.385161 8.762619 0.538711 0.791849 0.287690 -0.842491 0.506329 0.183957 -0.000000 -0.341475 0.939891 B 2.000000 4.000000 18.000000 C[purple]
-0.436028 29.843411 25.901484 0.564672 0.775706 0.281825 -0.825315 0.530730 0.192822 -0.000000 -0.341475 0.939891 B 2.000000 4.000000 18.000000 C[purple]
-0.702637 23.838033 43.210183 0.668275 0.699198 0.254028 -0.743914 0.628106 0.228200 -0.000000 -0.341475 0.939891 B 2.000000 4.000000 18.000000 C[purple]
-0.825210 17.533808 60.473384 0.856149 0.485669 0.176450 -0.516729 0.804687 0.292354 0.000000 -0.341475 0.939891 B 2.000000 4.000000 18.000000 C[purple]
-1.130553 11.481393 77.827278 0.798583 0.565706 0.205529 -0.601885 0.750580 0.272696 -0.000000 -0.341475 0.939891 B 2.000000 4.000000 18.000000 C[purple]
10.134406 14.812199 77.204948 0.841168 -0.508269 -0.184661 0.540775 0.790606 0.287238 -0.000000 -0.341475 0.939891 B 2.000000 4.000000 18.000000 C[purple]
10.301790 8.574938 -77.157051 0.819545 -0.538572 -0.195671 0.573015 0.770283 0.279854 -0.000000 -0.341475 0.939891 B 2.000000 4.000000 18.000000 C[purple]
10.272698 2.117097 -60.289519 0.755157 -0.616140 -0.223852 0.655544 0.709765 0.257868 0.000000 -0.341475 0.939891 B 2.000000 4.000000 18.000000 C[purple]
10.681350 -3.935703 -43.160181 0.744062 -0.627951 -0.228143 0.668111 0.699337 0.254079 0.000000 -0.341475 0.939891 B 2.000000 4.000000 18.000000 C[purple]
10.642026 -10.258293 -25.699101 0.551595 -0.783974 -0.284829 0.834112 0.518439 0.188356 0.000000 -0.341475 0.939891 B 2.000000 4.000000 18.000000 C[purple]
10.750535 -16.737804 -8.726475 0.648020 -0.715843 -0.260076 0.761623 0.609068 0.221283 0.000000 -0.341475 0.939891 B 2.000000 4.000000 18.000000 C[purple]
10.747405 -22.742418 8.424674 0.607416 -0.746634 -0.271263 0.794384 0.570905 0.207418 0.000000 -0.341475 0.939891 B 2.000000 4.000000 18.000000 C[purple]
10.653064 -29.179962 25.816649 0.583494 -0.763301 -0.277318 0.812117 0.548421 0.199249 0.000000 -0.341475 0.939891 B 2.000000 4.000000 18.000000 C[purple]
10.400806 27.305021 42.853535 0.557666 -0.780171 -0.283447 0.830066 0.524145 0.190429 0.000000 -0.341475 0.939891 B 2.000000 4.000000 18.000000 C[purple]
10.417007 21.160898 59.978405 0.791654 -0.574244 -0.208631 0.610969 0.744069 0.270331 0.000000 -0.341475 0.939891 B 2.000000 4.000000 18.000000 C[purple]
-11.193641 1.622094 78.327854 -0.158521 -0.928006 -0.337158 0.987356 -0.148993 -0.054131 0.000000 -0.341475 0.939891 B 2.000000 4.000000 18.000000 C[purple]
-11.167567 -4.727422 -76.583502 -0.426089 -0.850302 -0.308926 0.904681 -0.400477 -0.145499 0.000000 -0.341475 0.939891 B 2.000000 4.000000 18.000000 C[purple]
-11.314773 -11.007917 -59.563992 -0.259925 -0.907585 -0.329738 0.965629 -0.244301 -0.088758 -0.000000 -0.341475 0.939891 B 2.000000 4.000000 18.000000 C[purple]
-11.052261 -17.309442 -42.114034 -0.252770 -0.909369 -0.330386 0.967526 -0.237576 -0.086315 -0.000000 -0.341475 0.939891 B 2.000000 4.000000 18.000000 C[purple]
-10.904009 -23.320183 -24.828490 -0.277151 -0.903072 -0.328099 0.960826 -0.260492 -0.094640 0.000000 -0.341475 0.939891 B 2.000000 4.000000 18.000000 C[purple]
-10.639940 -29.424736 -7.835738 -0.046341 -0.938881 -0.341109 0.998926 -0.043556 -0.015824 -0.000000 -0.341475 0.939891 B 2.000000 4.000000 18.000000 C[purple]
-10.808153 26.749458 9.033015 0.065065 -0.937899 -0.340752 0.997881 0.061154 0.022218 0.000000 -0.341475 0.939891 B 2.000000 4.000000 18.000000 C[purple]
-11.013101 20.352438 26.409775 -0.224225 -0.915959 -0.332781 0.974537 -0.210747 -0.076567 0.000000 -0.341475 0.939891 B 2.000000 4.000000 18.000000 C[purple]
-11.220327 14.021442 43.548399 0.014578 -0.939791 -0.341439 0.999894 0.013701 0.004978 -0.000000 -0.341475 0.939891 B 2.000000 4.000000 18.000000 C[purple]
-11.356893 8.095979 60.986402 -0.024401 -0.939611 -0.341374 0.999702 -0.022934 -0.008332 0.000000 -0.341475 0.939891 B 2.000000 4.000000 18.000000 C[purple]
8.002819 -9.399276 77.860904 0.975192 0.208055 0.075589 -0.221360 0.916574 0.333004 0.000000 -0.341475 0.939891 B 2.000000 4.000000 18.000000 C[purple]
8.010884 -15.701372 -76.718266 0.994219 0.100919 0.036665 -0.107373 0.934457 0.339501 0.000000 -0.341475 0.939891 B 2.000000 4.000000 18.000000 C[purple]
7.931842 -21.911669 -59.721429 0.906394 0.397040 0.144250 -0.422432 0.851912 0.309511 0.000000 -0.341475 0.939891 B 2.000000 4.000000 18.000000 C[purple]
8.087312 -28.381529 -42.177833 0.943051 0.312654 0.113591 -0.332649 0.886365 0.322029 -0.000000 -0.341475 0.939891 B 2.000000 4.000000 18.000000 C[purple]
7.852396 28.181773 -25.000311 0.980009 0.186996 0.067938 -0.198955 0.921101 0.334649 0.000000 -0.341475 0.939891 B 2.000000 4.000000 18.000000 C[purple]
8.042684 21.924131 -7.893734 0.944573 0.308566 0.112106 -0.328300 0.887796 0.322549 0.000000 -0.341475 0.939891 B 2.000000 4.000000 18.000000 C[purple]
8.416866 15.451876 9.214654 0.916738 0.375475 0.136415 -0.399488 0.861634 0.313044 0.000000 -0.341475 0.939891 B 2.000000 4.000000 18.000000 C[purple]
8.207309 9.203086 26.339979 0.770432 0.599201 0.217698 -0.637522 0.724122 0.263084 -0.000000 -0.341475 0.939891 B 2.000000 4.000000 18.000000 C[purple]
8.258276 3.017345 43.377671 0.939313 0.322441 0.117147 -0.343062 0.882851 0.320752 0.000000 -0.341475 0.939891 B 2.000000 4.000000 18.000000 C[purple]
8.138985 -2.983413 60.434478 0.932459 0.339559 0.123366 -0.361275 0.876410 0.318412 -0.000000 -0.341475 0.939891 B 2.000000 4.000000 18.000000 C[purple]
10.134328 -2.388675 -77.038766 0.994071 0.102197 0.037130 -0.108733 0.934318 0.339451 0.000000 -0.341475 0.939891 B 2.000000 4.000000 18.000000 C[purple]
10.191537 -8.717946 -60.143631 0.997112 0.071381 0.025934 -0.075946 0.937176 0.340489 0.000000 -0.341475 0.939891 B 2.000000 4.000000 18.000000 C[purple]
10.366168 -14.719070 -43.132579 0.994401 0.099317 0.036083 -0.105668 0.934629 0.339564 0.000000 -0.341475 0.939891 B 2.000000 4.000000 18.000000 C[purple]
10.206318 -20.612283 -26.044438 0.953694 0.282699 0.102709 -0.300779 0.896368 0.325663 -0.000000 -0.341475 0.939891 B 2.000000 4.000000 18.000000 C[purple]
10.169585 -27.131085 -8.513312 0.913463 0.382462 0.138954 -0.406921 0.858556 0.311925 0.000000 -0.341475 0.939891 B 2.000000 4.000000 18.000000 C[purple]
10.078167 29.031609 8.442087 0.918171 0.372371 0.135288 -0.396185 0.862980 0.313533 0.000000 -0.341475 0.939891 B 2.000000 4.000000 18.000000 C[purple]
9.991652 22.511476 25.826095 0.935916 0.331050 0.120275 -0.352222 0.879659 0.319592 -0.000000 -0.341475 0.939891 B 2.000000 4.000000 18.000000 C[purple]
9.878494 16.425601 43.403505 0.985972 0.156878 0.056996 -0.166911 0.926706 0.336685 -0.000000 -0.341475 0.939891 B 2.000000 4.000000 18.000000 C[purple]
10.182115 10.236834 60.727018 0.998545 0.050682 0.018414 -0.053923 0.938523 0.340979 0.000000 -0.341475 0.939891 B 2.000000 4.000000 18.000000 C[purple]
10.048925 3.982182 77.938174 0.999941 0.010205 0.003708 -0.010858 0.939835 0.341455 0.000000 -0.341475 0.939891 B 2.000000 4.000000 18.000000 C[purple]
-38.809848 -7.281272 77.213529 0.034020 0.939347 0.341278 -0.999421 0.031975 0.011617 0.000000 -0.341475 0.939891 B 2.000000 4.000000 18.000000 C[purple]
-38.547383 -13.639792 -77.925714 0.032660 0.939389 0.341293 -0.999467 0.030696 0.011152 -0.000000 -0.341475 0.939891 B 2.000000 4.000000 18.000000 C[purple]
-38.535091 -19.889073 -60.965690 0.090240 0.936056 0.340082 -0.995920 0.084816 0.030815 0.000000 -0.341475 0.939891 B 2.000000 4.000000 18.000000 C[purple]
-38.653680 -26.156625 -43.466302 0.103810 0.934813 0.339630 -0.994597 0.097570 0.035449 0.000000 -0.341475 0.939891 B 2.000000 4.000000 18.000000 C[purple]
-38.480974 30.053177 -26.475139 0.062492 0.938054 0.340808 -0.998045 0.058736 0.021340 -0.000000 -0.341475 0.939891 B 2.000000 4.000000 18.000000 C[purple]
-38.535046 23.695012 -9.006699 0.035540 0.939297 0.341260 -0.999368 0.033403 0.012136 0.000000 -0.341475 0.939891 B 2.000000 4.000000 18.000000 C[purple]
-38.886359 17.339829 8.352350 -0.113911 0.933773 0.339253 -0.993491 -0.107064 -0.038898 0.000000 -0.341475 0.939891 B 2.000000 4.000000 18.000000 C[purple]
-38.668313 11.285268 25.890622 -0.061393 0.938118 0.340831 -0.998114 -0.057702 -0.020964 0.000000 -0.341475 0.939891 B 2.000000 4.000000 18.000000 C[purple]
-38.770409 5.108050 42.885933 0.287613 0.900177 0.327047 -0.957747 0.270325 0.098213 -0.000000 -0.341475 0.939891 B 2.000000 4.000000 18.000000 C[purple]
-39.166990 -1.190860 60.218868 0.095653 0.935581 0.339910 -0.995415 0.089903 0.032663 0.000000 -0.341475 0.939891 B 2.000000 4.000000 18.000000 C[purple]
6.747665 9.398550 -77.069991 0.973357 0.215510 0.078298 -0.229293 0.914850 0.332378 -0.000000 -0.341475 0.939891 B 2.000000 4.000000 18.000000 C[purple]
6.807298 2.729705 -60.069207 0.974855 0.209445 0.076094 -0.222840 0.916257 0.332889 -0.000000 -0.341475 0.939891 B 2.000000 4.000000 18.000000 C[purple]
6.952935 -3.359896 -42.514493 0.956800 0.273269 0.099283 -0.290746 0.899288 0.326724 0.000000 -0.341475 0.939891 B 2.000000 4.000000 18.000000 C[purple]
6.840554 -9.505514 -25.550361 0.943326 0.311920 0.113325 -0.331869 0.886623 0.322122 -0.000000 -0.341475 0.939891 B 2.000000 4.000000 18.000000 C[purple]
6.548595 -15.784250 -8.649476 0.950075 0.293265 0.106547 -0.312021 0.892967 0.324427 -0.000000 -0.341475 0.939891 B 2.000000 4.000000 18.000000 C[purple]
6.606965 -22.098380 8.423110 0.925265 0.356520 0.129529 -0.379321 0.869648 0.315955 -0.000000 -0.341475 0.939891 B 2.000000 4.000000 18.000000 C[purple]
6.750432 -28.136917 25.480803 0.969530 0.230246 0.083652 -0.244971 0.911253 0.331071 -0.000000 -0.341475 0.939891 B 2.000000 4.000000 18.000000 C[purple]
