-21.629931 -13.416519 77.213594 0.206159 0.919700 0.334140 -0.978519 0.193767 0.070398 0.000000 -0.341475 0.939891 B 2.000000 4.000000 18.000000 C[purple]
-21.442265 -19.639254 -77.524420 0.263626 0.906642 0.329396 -0.964625 0.247779 0.090022 -0.000000 -0.341475 0.939891 B 2.000000 4.000000 18.000000 C[purple]
-21.186058 -25.809119 -60.127843 0.080928 0.936808 0.340355 -0.996720 0.076064 0.027635 -0.000000 -0.341475 0.939891 B 2.000000 4.000000 18.000000 C[purple]
-21.535871 30.196020 -42.948333 -0.038886 0.939180 0.341217 -0.999244 -0.036549 -0.013279 -0.000000 -0.341475 0.939891 B 2.000000 4.000000 18.000000 C[purple]
-21.639612 24.319713 -25.796634 0.069692 0.937605 0.340645 -0.997569 0.065503 0.023798 -0.000000 -0.341475 0.939891 B 2.000000 4.000000 18.000000 C[purple]
-21.550186 18.029001 -8.503200 0.340113 0.883859 0.321118 -0.940385 0.319669 0.116140 0.000000 -0.341475 0.939891 B 2.000000 4.000000 18.000000 C[purple]
-21.437566 11.505218 8.673260 0.179552 0.924616 0.335926 -0.983748 0.168760 0.061313 0.000000 -0.341475 0.939891 B 2.000000 4.000000 18.000000 C[purple]
-21.468049 5.235478 25.906815 0.369645 0.873321 0.317290 -0.929173 0.347426 0.126225 0.000000 -0.341475 0.939891 B 2.000000 4.000000 18.000000 C[purple]
-21.600672 -1.243692 43.053213 0.306258 0.894728 0.325067 -0.951948 0.287849 0.104580 0.000000 -0.341475 0.939891 B 2.000000 4.000000 18.000000 C[purple]
-21.875059 -7.463541 60.002964 0.314779 0.892111 0.324117 -0.949165 0.295858 0.107489 0.000000 -0.341475 0.939891 B 2.000000 4.000000 18.000000 C[purple]
30.674218 27.916657 -77.476443 -0.952277 0.286889 0.104231 -0.305236 -0.895036 -0.325179 0.000000 -0.341475 0.939891 B 2.000000 4.000000 18.000000 C[purple]
30.543187 21.365579 -60.356032 -0.929540 0.346559 0.125910 -0.368722 -0.873666 -0.317415 0.000000 -0.341475 0.939891 B 2.000000 4.000000 18.000000 C[purple]
30.644983 15.363347 -43.310469 -0.931157 0.342701 0.124508 -0.364618 -0.875186 -0.317967 0.000000 -0.341475 0.939891 B 2.000000 4.000000 18.000000 C[purple]
30.562629 9.246206 -26.160433 -0.822177 0.535016 0.194379 -0.569232 -0.772757 -0.280753 -0.000000 -0.341475 0.939891 B 2.000000 4.000000 18.000000 C[purple]
30.645816 3.009714 -9.080305 -0.895330 0.418631 0.152094 -0.445404 -0.841512 -0.305733 -0.000000 -0.341475 0.939891 B 2.000000 4.000000 18.000000 C[purple]
30.469092 -3.452041 8.277664 -0.920031 0.368291 0.133805 -0.391845 -0.864729 -0.314168 -0.000000 -0.341475 0.939891 B 2.000000 4.000000 18.000000 C[purple]
30.629285 -9.621482 25.808501 -0.943525 0.311386 0.113131 -0.331301 -0.886811 -0.322191 0.000000 -0.341475 0.939891 B 2.000000 4.000000 18.000000 C[purple]
30.730394 -15.805945 43.370654 -0.911148 0.387310 0.140715 -0.412080 -0.856379 -0.311134 -0.000000 -0.341475 0.939891 B 2.000000 4.000000 18.000000 C[purple]
30.880506 -21.745940 60.604839 -0.942508 0.314097 0.114116 -0.334184 -0.885854 -0.321843 -0.000000 -0.341475 0.939891 B 2.000000 4.000000 18.000000 C[purple]
30.798218 -28.070365 77.655314 -0.990739 0.127622 0.046367 -0.135783 -0.931186 -0.338313 0.000000 -0.341475 0.939891 B 2.000000 4.000000 18.000000 C[purple]
18.612683 24.076365 77.278696 0.519283 -0.803233 -0.291826 0.854602 0.488069 0.177322 0.000000 -0.341475 0.939891 B 2.000000 4.000000 18.000000 C[purple]
18.562897 17.593467 -77.194662 0.616699 -0.739881 -0.268809 0.787199 0.579630 0.210588 0.000000 -0.341475 0.939891 B 2.000000 4.000000 18.000000 C[purple]
18.354525 11.209002 -60.081728 0.608977 -0.745510 -0.270854 0.793188 0.572372 0.207951 -0.000000 -0.341475 0.939891 B 2.000000 4.000000 18.000000 C[purple]
18.340645 4.689571 -42.894968 0.694695 -0.676068 -0.245625 0.719305 0.652937 0.237221 -0.000000 -0.341475 0.939891 B 2.000000 4.000000 18.000000 C[purple]
18.419903 -1.474146 -25.917926 0.859146 -0.480970 -0.174743 0.511730 0.807504 0.293377 0.000000 -0.341475 0.939891 B 2.000000 4.000000 18.000000 C[purple]
18.205464 -7.888063 -8.486808 0.843840 -0.504341 -0.183234 0.536596 0.793117 0.288150 -0.000000 -0.341475 0.939891 B 2.000000 4.000000 18.000000 C[purple]
18.332818 -14.101031 8.690144 0.887207 -0.433638 -0.157547 0.461371 0.833878 0.302960 0.000000 -0.341475 0.939891 B 2.000000 4.000000 18.000000 C[purple]
18.336405 -20.192449 25.831508 0.642738 -0.720037 -0.261599 0.766086 0.604104 0.219479 -0.000000 -0.341475 0.939891 B 2.000000 4.000000 18.000000 C[purple]
18.331623 -26.178297 42.901085 0.685886 -0.683967 -0.248495 0.727709 0.644658 0.234213 -0.000000 -0.341475 0.939891 B 2.000000 4.000000 18.000000 C[purple]
18.541493 30.182756 60.268858 0.708230 -0.663546 -0.241076 0.705982 0.665659 0.241843 -0.000000 -0.341475 0.939891 B 2.000000 4.000000 18.000000 C[purple]
-20.006500 10.260370 77.191568 0.895542 -0.418230 -0.151949 0.444977 0.841711 0.305806 -0.000000 -0.341475 0.939891 B 2.000000 4.000000 18.000000 C[purple]
-19.667858 3.817876 -77.588956 0.921233 -0.365627 -0.132837 0.389010 0.865859 0.314579 -0.000000 -0.341475 0.939891 B 2.000000 4.000000 18.000000 C[purple]
-20.030402 -2.507152 -60.432363 0.933291 -0.337535 -0.122631 0.359122 0.877191 0.318696 0.000000 -0.341475 0.939891 B 2.000000 4.000000 18.000000 C[purple]
-20.167482 -8.471367 -43.128609 0.942903 -0.313046 -0.113734 0.333066 0.886226 0.321978 -0.000000 -0.341475 0.939891 B 2.000000 4.000000 18.000000 C[purple]
-20.163347 -14.452550 -25.647188 0.956315 -0.274765 -0.099826 0.292337 0.898832 0.326558 -0.000000 -0.341475 0.939891 B 2.000000 4.000000 18.000000 C[purple]
-20.157872 -20.868945 -8.641395 0.953027 -0.284680 -0.103428 0.302886 0.895741 0.325435 0.000000 -0.341475 0.939891 B 2.000000 4.000000 18.000000 C[purple]
-20.149457 -27.224334 8.780793 0.896863 -0.415722 -0.151038 0.442309 0.842953 0.306257 -0.000000 -0.341475 0.939891 B 2.000000 4.000000 18.000000 C[purple]
-19.827804 29.116684 25.970945 0.915820 -0.377450 -0.137133 0.401590 0.860770 0.312730 0.000000 -0.341475 0.939891 B 2.000000 4.000000 18.000000 C[purple]
-19.532426 22.528205 43.113206 0.927449 -0.351472 -0.127695 0.373950 0.871701 0.316701 0.000000 -0.341475 0.939891 B 2.000000 4.000000 18.000000 C[purple]
-19.825553 16.381721 60.156425 0.864134 -0.473010 -0.171851 0.503261 0.812192 0.295081 -0.000000 -0.341475 0.939891 B 2.000000 4.000000 18.000000 C[purple]
-39.078881 -29.495266 77.363917 0.790343 -0.575838 -0.209210 0.612665 0.742836 0.269883 0.000000 -0.341475 0.939891 B 2.000000 4.000000 18.000000 C[purple]
-39.365392 26.544736 -77.548632 0.758127 -0.612909 -0.222678 0.652107 0.712557 0.258882 0.000000 -0.341475 0.939891 B 2.000000 4.000000 18.000000 C[purple]
-39.342273 20.043668 -60.376694 0.607469 -0.746596 -0.271249 0.794343 0.570955 0.207436 -0.000000 -0.341475 0.939891 B 2.000000 4.000000 18.000000 C[purple]
-39.396403 13.811041 -43.471031 0.674998 -0.693470 -0.251947 0.737819 0.634424 0.230495 0.000000 -0.341475 0.939891 B 2.000000 4.000000 18.000000 C[purple]
-39.509123 7.273266 -26.011933 0.639163 -0.722843 -0.262619 0.769071 0.600743 0.218258 -0.000000 -0.341475 0.939891 B 2.000000 4.000000 18.000000 C[purple]
-39.155274 1.210402 -8.686187 0.551953 -0.783752 -0.284748 0.833875 0.518775 0.188478 -0.000000 -0.341475 0.939891 B 2.000000 4.000000 18.000000 C[purple]
-39.317724 -5.171295 8.375992 0.327953 -0.887909 -0.322590 0.944694 0.308240 0.111988 0.000000 -0.341475 0.939891 B 2.000000 4.000000 18.000000 C[purple]
-39.277542 -11.285161 25.391243 0.589882 -0.758952 -0.275738 0.807489 0.554425 0.201430 0.000000 -0.341475 0.939891 B 2.000000 4.000000 18.000000 C[purple]
-38.981492 -17.485891 42.861159 0.711659 -0.660297 -0.239895 0.702525 0.668881 0.243014 0.000000 -0.341475 0.939891 B 2.000000 4.000000 18.000000 C[purple]
-38.936174 -23.527570 60.105747 0.800395 -0.563439 -0.204705 0.599472 0.752284 0.273315 -0.000000 -0.341475 0.939891 B 2.000000 4.000000 18.000000 C[purple]
-26.132691 -1.321703 76.790707 0.998123 -0.057561 -0.020913 0.061242 0.938126 0.340834 0.000000 -0.341475 0.939891 B 2.000000 4.000000 18.000000 C[purple]
-26.211777 -7.279989 -77.711676 0.998196 0.056437 0.020504 -0.060046 0.938195 0.340859 0.000000 -0.341475 0.939891 B 2.000000 4.000000 18.000000 C[purple]
-26.268647 -13.163817 -60.557784 0.999904 -0.013054 -0.004743 0.013888 0.939800 0.341442 -0.000000 -0.341475 0.939891 B 2.000000 4.000000 18.000000 C[purple]
-26.391130 -19.688414 -43.347920 0.994778 -0.095929 -0.034852 0.102064 0.934982 0.339692 0.000000 -0.341475 0.939891 B 2.000000 4.000000 18.000000 C[purple]
-26.432925 -25.747664 -26.283759 0.920800 -0.366590 -0.133187 0.390035 0.865451 0.314431 0.000000 -0.341475 0.939891 B 2.000000 4.000000 18.000000 C[purple]
-26.561063 30.587322 -9.348617 0.973214 -0.216082 -0.078506 0.229901 0.914715 0.332329 0.000000 -0.341475 0.939891 B 2.000000 4.000000 18.000000 C[purple]
-26.377893 24.428461 8.065970 0.979702 -0.188409 -0.068452 0.200458 0.920813 0.334544 -0.000000 -0.341475 0.939891 B 2.000000 4.000000 18.000000 C[purple]
-26.045423 17.924369 25.340781 0.970660 -0.226001 -0.082109 0.240454 0.912315 0.331457 -0.000000 -0.341475 0.939891 B 2.000000 4.000000 18.000000 C[purple]
-26.037278 11.221317 42.387708 0.964071 -0.249676 -0.090711 0.265643 0.906122 0.329207 -0.000000 -0.341475 0.939891 B 2.000000 4.000000 18.000000 C[purple]
-25.917098 4.693094 59.453770 0.991720 -0.120697 -0.043851 0.128415 0.932109 0.338648 0.000000 -0.341475 0.939891 B 2.000000 4.000000 18.000000 C[purple]
-30.702299 -1.199536 -77.655679 0.999976 0.006559 0.002383 -0.006978 0.939868 0.341467 -0.000000 -0.341475 0.939891 B 2.000000 4.000000 18.000000 C[purple]
-30.819995 -7.613075 -60.705944 0.993099 0.110231 0.040048 -0.117280 0.933404 0.339119 0.000000 -0.341475 0.939891 B 2.000000 4.000000 18.000000 C[purple]
-30.626168 -13.714738 -43.300418 0.993486 -0.107106 -0.038913 0.113956 0.933768 0.339251 0.000000 -0.341475 0.939891 B 2.000000 4.000000 18.000000 C[purple]
-30.935195 -19.740184 -25.966581 0.993947 -0.103253 -0.037513 0.109857 0.934202 0.339409 0.000000 -0.341475 0.939891 B 2.000000 4.000000 18.000000 C[purple]
-30.946839 -26.108009 -8.994441 0.907366 -0.395074 -0.143536 0.420341 0.852825 0.309843 -0.000000 -0.341475 0.939891 B 2.000000 4.000000 18.000000 C[purple]
-31.285278 30.153882 8.201889 0.856749 -0.484733 -0.176110 0.515734 0.805250 0.292559 0.000000 -0.341475 0.939891 B 2.000000 4.000000 18.000000 C[purple]
-31.185039 24.033623 25.365710 0.984115 -0.166862 -0.060623 0.177534 0.924960 0.336051 -0.000000 -0.341475 0.939891 B 2.000000 4.000000 18.000000 C[purple]
-30.916587 17.953120 42.608773 0.987318 -0.149210 -0.054210 0.158753 0.927971 0.337145 -0.000000 -0.341475 0.939891 B 2.000000 4.000000 18.000000 C[purple]
-30.546199 11.863794 59.943983 0.970075 -0.228209 -0.082912 0.242804 0.911765 0.331257 0.000000 -0.341475 0.939891 B 2.000000 4.000000 18.000000 C[purple]
-30.511370 5.396346 77.211625 0.995380 0.090243 0.032787 -0.096015 0.935548 0.339898 0.000000 -0.341475 0.939891 B 2.000000 4.000000 18.000000 C[purple]
7.089492 -13.123651 -76.891001 0.018415 0.939731 0.341417 -0.999830 0.017308 0.006288 0.000000 -0.341475 0.939891 B 2.000000 4.000000 18.000000 C[purple]
7.222156 -19.165705 -59.503512 -0.040681 0.939113 0.341193 -0.999172 -0.038236 -0.013892 -0.000000 -0.341475 0.939891 B 2.000000 4.000000 18.000000 C[purple]
7.415810 -25.638886 -42.528815 0.050266 0.938703 0.341044 -0.998736 0.047245 0.017165 -0.000000 -0.341475 0.939891 B 2.000000 4.000000 18.000000 C[purple]
7.093502 30.880779 -25.417603 0.072123 0.937443 0.340586 -0.997396 0.067788 0.024628 0.000000 -0.341475 0.939891 B 2.000000 4.000000 18.000000 C[purple]
7.239575 24.476271 -8.477694 0.230730 0.914530 0.332262 -0.973018 0.216861 0.078789 0.000000 -0.341475 0.939891 B 2.000000 4.000000 18.000000 C[purple]
7.346071 18.153967 8.955269 -0.044873 0.938944 0.341131 -0.998993 -0.042176 -0.015323 0.000000 -0.341475 0.939891 B 2.000000 4.000000 18.000000 C[purple]
7.519131 11.683728 26.129188 0.148305 0.929497 0.337699 -0.988942 0.139391 0.050643 0.000000 -0.341475 0.939891 B 2.000000 4.000000 18.000000 C[purple]
7.443375 5.819521 43.225864 0.149269 0.929361 0.337650 -0.988797 0.140296 0.050972 0.000000 -0.341475 0.939891 B 2.000000 4.000000 18.000000 C[purple]
7.606054 -0.444023 60.448772 -0.018476 0.939730 0.341417 -0.999829 -0.017366 -0.006309 0.000000 -0.341475 0.939891 B 2.000000 4.000000 18.000000 C[purple]
7.330284 -6.858645 77.913740 -0.236095 0.913320 0.331822 -0.971730 -0.221903 -0.080621 0.000000 -0.341475 0.939891 B 2.000000 4.000000 18.000000 C[purple]
-35.655960 -8.955871 77.476213 -0.302854 0.895751 0.325439 -0.953037 -0.284650 -0.103417 0.000000 -0.341475 0.939891 B 2.000000 4.000000 18.000000 C[purple]
-35.947147 -15.156115 -77.464814 -0.161380 0.927571 0.336999 -0.986892 -0.151680 -0.055107 -0.000000 -0.341475 0.939891 B 2.000000 4.000000 18.000000 C[purple]
-36.019496 -21.589326 -60.361634 0.032420 0.939397 0.341296 -0.999474 0.030471 0.011070 -0.000000 -0.341475 0.939891 B 2.000000 4.000000 18.000000 C[purple]
-36.177493 -27.776711 -43.062160 0.152570 0.928887 0.337478 -0.988293 0.143399 0.052099 0.000000 -0.341475 0.939891 B 2.000000 4.000000 18.000000 C[purple]
-36.058170 28.250176 -25.964164 -0.086362 0.936379 0.340200 -0.996264 -0.081171 -0.029491 0.000000 -0.341475 0.939891 B 2.000000 4.000000 18.000000 C[purple]
-36.264354 22.078653 -8.541836 -0.220636 0.916728 0.333060 -0.975356 -0.207373 -0.075342 0.000000 -0.341475 0.939891 B 2.000000 4.000000 18.000000 C[purple]
-36.170797 15.962725 8.709164 -0.121217 0.932960 0.338957 -0.992626 -0.113931 -0.041393 -0.000000 -0.341475 0.939891 B 2.000000 4.000000 18.000000 C[purple]
-35.953154 9.731047 25.800366 -0.436379 0.845679 0.307247 -0.899763 -0.410149 -0.149013 0.000000 -0.341475 0.939891 B 2.000000 4.000000 18.000000 C[purple]
-35.760798 3.210760 42.907573 -0.354456 0.878866 0.319304 -0.935073 -0.333150 -0.121038 -0.000000 -0.341475 0.939891 B 2.000000 4.000000 18.000000 C[purple]
-35.463101 -2.832940 60.243117 -0.374496 0.871494 0.316626 -0.927229 -0.351985 -0.127881 -0.000000 -0.341475 0.939891 B 2.000000 4.000000 18.000000 C[purple]
46.724372 -29.320134 78.004568 0.910806 0.388019 0.140973 -0.412835 0.856058 0.311018 -0.000000 -0.341475 0.939891 B 2.000000 4.000000 18.000000 C[purple]
46.737920 26.854090 -76.990562 0.703660 0.667827 0.242631 -0.710537 0.661363 0.240282 0.000000 -0.341475 0.939891 B 2.000000 4.000000 18.000000 C[purple]
46.556458 20.488772 -59.739957 0.675983 0.692622 0.251639 -0.736917 0.635350 0.230832 0.000000 -0.341475 0.939891 B 2.000000 4.000000 18.000000 C[purple]
46.540327 14.319681 -42.653227 0.498938 0.814545 0.295935 -0.866638 0.468947 0.170375 0.000000 -0.341475 0.939891 B 2.000000 4.000000 18.000000 C[purple]
46.337239 8.382125 -25.356740 0.513723 0.806385 0.292971 -0.857956 0.482844 0.175424 0.000000 -0.341475 0.939891 B 2.000000 4.000000 18.000000 C[purple]
46.432275 2.110485 -8.177708 0.794296 0.571012 0.207457 -0.607531 0.746552 0.271233 -0.000000 -0.341475 0.939891 B 2.000000 4.000000 18.000000 C[purple]
46.581557 -4.015365 9.050090 0.848160 0.497897 0.180893 -0.529740 0.797178 0.289626 -0.000000 -0.341475 0.939891 B 2.000000 4.000000 18.000000 C[purple]
46.738222 -10.416026 26.065327 0.893697 0.421702 0.153210 -0.448671 0.839978 0.305176 -0.000000 -0.341475 0.939891 B 2.000000 4.000000 18.000000 C[purple]
46.652284 -16.785221 43.382956 0.816627 0.542473 0.197088 -0.577166 0.767540 0.278858 0.000000 -0.341475 0.939891 B 2.000000 4.000000 18.000000 C[purple]
46.440193 -23.139076 60.478307 0.884076 0.439251 0.159586 -0.467343 0.830935 0.301890 -0.000000 -0.341475 0.939891 B 2.000000 4.000000 18.000000 C[purple]
29.764403 -15.540367 -77.274383 0.762395 -0.608215 -0.220973 0.647112 0.716568 0.260339 -0.000000 -0.341475 0.939891 B 2.000000 4.000000 18.000000 C[purple]
29.923207 -21.845916 -60.015913 0.815774 -0.543606 -0.197500 0.578371 0.766738 0.278567 -0.000000 -0.341475 0.939891 B 2.000000 4.000000 18.000000 C[purple]
29.898944 -28.170371 -42.826434 0.745969 -0.625949 -0.227416 0.665980 0.701130 0.254730 0.000000 -0.341475 0.939891 B 2.000000 4.000000 18.000000 C[purple]
29.486827 28.071082 -25.602224 0.713555 -0.658487 -0.239238 0.700600 0.670663 0.243661 0.000000 -0.341475 0.939891 B 2.000000 4.000000 18.000000 C[purple]
29.517063 21.588536 -8.168200 0.565413 -0.775229 -0.281652 0.824808 0.531427 0.193075 0.000000 -0.341475 0.939891 B 2.000000 4.000000 18.000000 C[purple]
29.196155 15.383419 8.882198 0.665489 -0.701542 -0.254880 0.746408 0.625487 0.227248 0.000000 -0.341475 0.939891 B 2.000000 4.000000 18.000000 C[purple]
29.187181 9.399654 26.315396 0.781737 -0.586124 -0.212947 0.623609 0.734747 0.266944 -0.000000 -0.341475 0.939891 B 2.000000 4.000000 18.000000 C[purple]
29.218980 3.087709 43.339566 0.695591 -0.675253 -0.245329 0.718438 0.653780 0.237527 0.000000 -0.341475 0.939891 B 2.000000 4.000000 18.000000 C[purple]
29.437361 -2.914240 60.638936 0.895802 -0.417738 -0.151770 0.444454 0.841956 0.305894 0.000000 -0.341475 0.939891 B 2.000000 4.000000 18.000000 C[purple]
29.538263 -9.352083 77.525537 0.849111 -0.496464 -0.180372 0.528215 0.798071 0.289950 0.000000 -0.341475 0.939891 B 2.000000 4.000000 18.000000 C[purple]
36.965137 -10.672414 77.418380 0.976944 -0.200662 -0.072903 0.213496 0.918221 0.333602 -0.000000 -0.341475 0.939891 B 2.000000 4.000000 18.000000 C[purple]
36.758206 -17.207975 -77.572978 0.994100 -0.101950 -0.037040 0.108470 0.934345 0.339461 -0.000000 -0.341475 0.939891 B 2.000000 4.000000 18.000000 C[purple]
36.882791 -23.862453 -60.235043 0.999019 -0.041622 -0.015122 0.044283 0.938969 0.341140 -0.000000 -0.341475 0.939891 B 2.000000 4.000000 18.000000 C[purple]
36.946331 -29.821183 -42.983664 0.953384 -0.283622 -0.103044 0.301760 0.896077 0.325557 0.000000 -0.341475 0.939891 B 2.000000 4.000000 18.000000 C[purple]
37.306491 26.436501 -25.501673 0.954414 -0.280545 -0.101926 0.298487 0.897045 0.325909 -0.000000 -0.341475 0.939891 B 2.000000 4.000000 18.000000 C[purple]
37.436083 20.372361 -8.253101 0.926629 -0.353377 -0.128387 0.375976 0.870930 0.316421 0.000000 -0.341475 0.939891 B 2.000000 4.000000 18.000000 C[purple]
37.475481 13.914831 8.657066 0.958268 -0.268688 -0.097618 0.285871 0.900667 0.327225 0.000000 -0.341475 0.939891 B 2.000000 4.000000 18.000000 C[purple]
37.486789 7.602491 26.189354 0.873872 -0.456933 -0.166010 0.486155 0.821345 0.298406 0.000000 -0.341475 0.939891 B 2.000000 4.000000 18.000000 C[purple]
37.115993 1.530021 43.283776 0.898821 -0.411969 -0.149674 0.438316 0.844793 0.306925 0.000000 -0.341475 0.939891 B 2.000000 4.000000 18.000000 C[purple]
36.950139 -4.637303 60.392505 0.942075 -0.315241 -0.114531 0.335402 0.885448 0.321696 0.000000 -0.341475 0.939891 B 2.000000 4.000000 18.000000 C[purple]
10.457223 -20.905916 77.955175 0.307698 -0.894291 -0.324908 0.951484 0.289202 0.105071 -0.000000 -0.341475 0.939891 B 2.000000 4.000000 18.000000 C[purple]
10.140876 -27.152730 -76.905761 0.183856 -0.923869 -0.335654 0.982953 0.172805 0.062782 0.000000 -0.341475 0.939891 B 2.000000 4.000000 18.000000 C[purple]
9.954849 29.083442 -59.648710 -0.113749 -0.933790 -0.339259 0.993510 -0.106912 -0.038842 -0.000000 -0.341475 0.939891 B 2.000000 4.000000 18.000000 C[purple]
9.701831 22.782304 -42.589136 0.135946 -0.931165 -0.338305 0.990716 0.127774 0.046422 0.000000 -0.341475 0.939891 B 2.000000 4.000000 18.000000 C[purple]
9.703693 16.783063 -25.585554 0.041148 -0.939095 -0.341186 0.999153 0.038675 0.014051 0.000000 -0.341475 0.939891 B 2.000000 4.000000 18.000000 C[purple]
9.943769 10.551020 -8.520155 0.295144 -0.898021 -0.326264 0.955453 0.277403 0.100784 0.000000 -0.341475 0.939891 B 2.000000 4.000000 18.000000 C[purple]
10.008979 3.985540 8.444870 0.348460 -0.880982 -0.320073 0.937324 0.327514 0.118990 0.000000 -0.341475 0.939891 B 2.000000 4.000000 18.000000 C[purple]
10.100544 -2.022575 25.807748 0.450326 -0.839195 -0.304891 0.892864 0.423257 0.153775 0.000000 -0.341475 0.939891 B 2.000000 4.000000 18.000000 C[purple]
10.081557 -8.039776 43.268106 0.584245 -0.762794 -0.277134 0.811577 0.549127 0.199505 -0.000000 -0.341475 0.939891 B 2.000000 4.000000 18.000000 C[purple]
10.367615 -14.326077 60.566284 0.362211 -0.876068 -0.318288 0.932096 0.340439 0.123686 0.000000 -0.341475 0.939891 B 2.000000 4.000000 18.000000 C[purple]
-16.012615 2.454431 -77.553035 0.456410 0.836286 0.303834 -0.889770 0.428975 0.155853 -0.000000 -0.341475 0.939891 B 2.000000 4.000000 18.000000 C[purple]
-16.360881 -3.471257 -60.267213 0.415797 0.854791 0.310557 -0.909457 0.390804 0.141985 0.000000 -0.341475 0.939891 B 2.000000 4.000000 18.000000 C[purple]
-16.286677 -9.857187 -43.280044 0.301048 0.896288 0.325634 -0.953609 0.282952 0.102800 -0.000000 -0.341475 0.939891 B 2.000000 4.000000 18.000000 C[purple]
-16.192813 -16.160660 -25.790922 0.107412 0.934453 0.339500 -0.994215 0.100956 0.036679 -0.000000 -0.341475 0.939891 B 2.000000 4.000000 18.000000 C[purple]
-16.203686 -22.188963 -8.743958 0.351541 0.879900 0.319680 -0.936172 0.330410 0.120043 0.000000 -0.341475 0.939891 B 2.000000 4.000000 18.000000 C[purple]
-16.411956 -28.292968 8.447573 0.376585 0.870698 0.316337 -0.926382 0.353949 0.128595 -0.000000 -0.341475 0.939891 B 2.000000 4.000000 18.000000 C[purple]
-16.425638 27.807430 25.445944 0.360381 0.876735 0.318530 -0.932805 0.338718 0.123061 0.000000 -0.341475 0.939891 B 2.000000 4.000000 18.000000 C[purple]
-16.430600 21.421131 43.092407 0.278427 0.902725 0.327973 -0.960457 0.261691 0.095076 -0.000000 -0.341475 0.939891 B 2.000000 4.000000 18.000000 C[purple]
-16.078873 14.985029 60.292808 0.352871 0.879430 0.319509 -0.935672 0.331660 0.120497 0.000000 -0.341475 0.939891 B 2.000000 4.000000 18.000000 C[purple]
-15.787295 8.687220 77.472917 0.526705 0.798952 0.290271 -0.850048 0.495045 0.179857 0.000000 -0.341475 0.939891 B 2.000000 4.000000 18.000000 C[purple]
16.592293 -0.163426 -76.975042 0.371684 0.872556 0.317012 -0.928359 0.349342 0.126921 0.000000 -0.341475 0.939891 B 2.000000 4.000000 18.000000 C[purple]
16.326422 -6.387495 -59.745776 0.537302 0.792694 0.287997 -0.843390 0.505005 0.183476 0.000000 -0.341475 0.939891 B 2.000000 4.000000 18.000000 C[purple]
16.340876 -12.930647 -42.850620 0.523303 0.800925 0.290987 -0.852147 0.491847 0.178695 -0.000000 -0.341475 0.939891 B 2.000000 4.000000 18.000000 C[purple]
16.489383 -19.080247 -25.850009 0.536168 0.793373 0.288243 -0.844112 0.503939 0.183088 -0.000000 -0.341475 0.939891 B 2.000000 4.000000 18.000000 C[purple]
16.686731 -25.270328 -8.625249 0.313200 0.892602 0.324295 -0.949687 0.294374 0.106950 0.000000 -0.341475 0.939891 B 2.000000 4.000000 18.000000 C[purple]
17.063315 30.852520 8.466661 0.438206 0.844844 0.306944 -0.898875 0.411865 0.149636 -0.000000 -0.341475 0.939891 B 2.000000 4.000000 18.000000 C[purple]
17.147087 24.575863 26.013173 0.303885 0.895442 0.325327 -0.952709 0.285618 0.103769 -0.000000 -0.341475 0.939891 B 2.000000 4.000000 18.000000 C[purple]
17.219576 18.107955 43.069636 0.183848 0.923870 0.335655 -0.982955 0.172797 0.062780 -0.000000 -0.341475 0.939891 B 2.000000 4.000000 18.000000 C[purple]
17.093742 12.001319 60.362195 0.315693 0.891826 0.324013 -0.948862 0.296716 0.107801 0.000000 -0.341475 0.939891 B 2.000000 4.000000 18.000000 C[purple]
16.961868 5.957318 77.599534 0.402794 0.860273 0.312549 -0.915291 0.378582 0.137544 0.000000 -0.341475 0.939891 B 2.000000 4.000000 18.000000 C[purple]
-38.659110 -17.918717 -76.950639 0.728062 0.644305 0.234085 -0.685511 0.684299 0.248615 0.000000 -0.341475 0.939891 B 2.000000 4.000000 18.000000 C[purple]
-38.552697 -24.223373 -59.737745 0.549761 0.785111 0.285242 -0.835322 0.516715 0.187730 0.000000 -0.341475 0.939891 B 2.000000 4.000000 18.000000 C[purple]
-38.740293 -30.405316 -42.674529 0.776978 0.591687 0.214968 -0.629527 0.730275 0.265319 0.000000 -0.341475 0.939891 B 2.000000 4.000000 18.000000 C[purple]
-38.886935 25.791663 -25.430296 0.877178 0.451303 0.163965 -0.480166 0.824451 0.299535 0.000000 -0.341475 0.939891 B 2.000000 4.000000 18.000000 C[purple]
-39.141045 19.328191 -8.345556 0.926026 0.354771 0.128893 -0.377460 0.870363 0.316215 0.000000 -0.341475 0.939891 B 2.000000 4.000000 18.000000 C[purple]
-38.906731 13.059870 8.772834 0.846759 0.500000 0.181657 -0.531977 0.795861 0.289147 0.000000 -0.341475 0.939891 B 2.000000 4.000000 18.000000 C[purple]
-38.969224 6.893102 26.135464 0.912155 0.385210 0.139952 -0.409845 0.857326 0.311479 -0.000000 -0.341475 0.939891 B 2.000000 4.000000 18.000000 C[purple]
-38.944853 0.726225 43.546040 0.944234 0.309483 0.112439 -0.329275 0.887477 0.322433 0.000000 -0.341475 0.939891 B 2.000000 4.000000 18.000000 C[purple]
-39.012263 -5.395928 60.796346 0.704035 0.667478 0.242504 -0.710166 0.661716 0.240411 -0.000000 -0.341475 0.939891 B 2.000000 4.000000 18.000000 C[purple]
-38.727994 -11.943399 77.902367 0.812540 0.547867 0.199048 -0.582905 0.763699 0.277462 -0.000000 -0.341475 0.939891 B 2.000000 4.000000 18.000000 C[purple]
-29.705326 -19.764032 77.362613 0.775086 -0.593876 -0.215763 0.631856 0.728496 0.264673 -0.000000 -0.341475 0.939891 B 2.000000 4.000000 18.000000 C[purple]
-29.749026 -25.931533 -77.457107 0.767380 -0.602651 -0.218952 0.641193 0.721253 0.262041 0.000000 -0.341475 0.939891 B 2.000000 4.000000 18.000000 C[purple]
-29.815067 30.552425 -60.355071 0.834406 -0.518021 -0.188204 0.551150 0.784250 0.284929 -0.000000 -0.341475 0.939891 B 2.000000 4.000000 18.000000 C[purple]
-29.740920 24.271612 -43.148404 0.871356 -0.461159 -0.167545 0.490651 0.818979 0.297547 0.000000 -0.341475 0.939891 B 2.000000 4.000000 18.000000 C[purple]
-29.536019 17.800937 -25.982373 0.783409 -0.584149 -0.212229 0.621507 0.736319 0.267515 -0.000000 -0.341475 0.939891 B 2.000000 4.000000 18.000000 C[purple]
-29.455677 11.546844 -8.760967 0.467115 -0.831048 -0.301931 0.884196 0.439037 0.159508 0.000000 -0.341475 0.939891 B 2.000000 4.000000 18.000000 C[purple]
-29.331739 5.344773 8.770472 0.324670 -0.888974 -0.322977 0.945827 0.305154 0.110867 0.000000 -0.341475 0.939891 B 2.000000 4.000000 18.000000 C[purple]
-29.569781 -0.752603 25.886853 0.424332 -0.851077 -0.309208 0.905507 0.398825 0.144899 0.000000 -0.341475 0.939891 B 2.000000 4.000000 18.000000 C[purple]
-29.626159 -6.816276 42.992032 0.576311 -0.768107 -0.279064 0.817231 0.541669 0.196796 0.000000 -0.341475 0.939891 B 2.000000 4.000000 18.000000 C[purple]
-29.893280 -13.220989 60.293678 0.757413 -0.613689 -0.222962 0.652936 0.711885 0.258638 0.000000 -0.341475 0.939891 B 2.000000 4.000000 18.000000 C[purple]
-36.703858 13.048421 -77.545632 0.071261 -0.937501 -0.340607 0.997458 0.066978 0.024334 0.000000 -0.341475 0.939891 B 2.000000 4.000000 18.000000 C[purple]
-36.633843 6.982607 -60.287731 -0.026687 -0.939556 -0.341354 0.999644 -0.025083 -0.009113 -0.000000 -0.341475 0.939891 B 2.000000 4.000000 18.000000 C[purple]
-36.545211 0.730099 -42.975820 0.105103 -0.934685 -0.339584 0.994461 0.098785 0.035890 0.000000 -0.341475 0.939891 B 2.000000 4.000000 18.000000 C[purple]
-36.226202 -5.595633 -25.736278 -0.134230 -0.931385 -0.338385 0.990950 -0.126162 -0.045836 -0.000000 -0.341475 0.939891 B 2.000000 4.000000 18.000000 C[purple]
-36.396113 -11.765228 -8.607965 -0.008893 -0.939854 -0.341462 0.999960 -0.008359 -0.003037 0.000000 -0.341475 0.939891 B 2.000000 4.000000 18.000000 C[purple]
-36.799069 -17.889838 8.778254 0.049284 -0.938749 -0.341060 0.998785 0.046321 0.016829 0.000000 -0.341475 0.939891 B 2.000000 4.000000 18.000000 C[purple]
-36.600813 -24.262598 26.251160 0.174142 -0.925530 -0.336258 0.984721 0.163674 0.059465 0.000000 -0.341475 0.939891 B 2.000000 4.000000 18.000000 C[purple]
-36.348811 -30.408823 43.372587 0.243904 -0.911505 -0.331163 0.969799 0.229243 0.083287 0.000000 -0.341475 0.939891 B 2.000000 4.000000 18.000000 C[purple]
-36.510101 25.571838 60.227642 0.278407 -0.902731 -0.327975 0.960463 0.261672 0.095069 0.000000 -0.341475 0.939891 B 2.000000 4.000000 18.000000 C[purple]
-36.723805 19.385921 77.291948 0.422080 -0.852066 -0.309567 0.906559 0.396709 0.144130 -0.000000 -0.341475 0.939891 B 2.000000 4.000000 18.000000 C[purple]
-33.783343 -18.719111 -77.191003 0.137076 -0.931019 -0.338252 0.990561 0.128837 0.046808 0.000000 -0.341475 0.939891 B 2.000000 4.000000 18.000000 C[purple]
-33.528603 -24.807863 -59.875374 0.067300 -0.937760 -0.340701 0.997733 0.063255 0.022981 0.000000 -0.341475 0.939891 B 2.000000 4.000000 18.000000 C[purple]
-33.572404 -31.142161 -42.636316 0.315220 -0.891974 -0.324067 0.949019 0.296272 0.107640 0.000000 -0.341475 0.939891 B 2.000000 4.000000 18.000000 C[purple]
-33.805380 25.149888 -25.444405 0.390377 -0.865315 -0.314381 0.920655 0.366912 0.133304 0.000000 -0.341475 0.939891 B 2.000000 4.000000 18.000000 C[purple]
-33.898484 19.073965 -8.493248 0.216740 -0.917549 -0.333358 0.976229 0.203712 0.074011 0.000000 -0.341475 0.939891 B 2.000000 4.000000 18.000000 C[purple]
-33.927222 12.903471 8.934220 -0.000476 -0.939891 -0.341475 1.000000 -0.000447 -0.000162 0.000000 -0.341475 0.939891 B 2.000000 4.000000 18.000000 C[purple]
-34.002891 6.741388 25.930038 0.142405 -0.930312 -0.337995 0.989808 0.133845 0.048628 -0.000000 -0.341475 0.939891 B 2.000000 4.000000 18.000000 C[purple]
-34.237358 0.200742 43.371235 0.118542 -0.933264 -0.339068 0.992949 0.111416 0.040479 0.000000 -0.341475 0.939891 B 2.000000 4.000000 18.000000 C[purple]
-34.391437 -6.084351 60.651402 -0.119488 -0.933157 -0.339029 0.992836 -0.112305 -0.040802 0.000000 -0.341475 0.939891 B 2.000000 4.000000 18.000000 C[purple]
-34.151309 -12.394546 77.728539 0.123440 -0.932702 -0.338864 0.992352 0.116020 0.042152 -0.000000 -0.341475 0.939891 B 2.000000 4.000000 18.000000 C[purple]
-41.061423 5.553874 -77.443998 -0.025196 -0.939592 -0.341367 0.999683 -0.023682 -0.008604 -0.000000 -0.341475 0.939891 B 2.000000 4.000000 18.000000 C[purple]
-41.084967 -0.756616 -60.266639 -0.029058 -0.939494 -0.341331 0.999578 -0.027311 -0.009923 0.000000 -0.341475 0.939891 B 2.000000 4.000000 18.000000 C[purple]
-41.123406 -7.000021 -42.919730 -0.223247 -0.916170 -0.332857 0.974762 -0.209828 -0.076234 0.000000 -0.341475 0.939891 B 2.000000 4.000000 18.000000 C[purple]
-40.722986 -13.307955 -25.679498 0.021932 -0.939665 -0.341393 0.999759 0.020613 0.007489 0.000000 -0.341475 0.939891 B 2.000000 4.000000 18.000000 C[purple]
-40.558812 -19.417240 -8.666621 0.059614 -0.938219 -0.340868 0.998222 0.056030 0.020357 0.000000 -0.341475 0.939891 B 2.000000 4.000000 18.000000 C[purple]
-40.573195 -25.732931 8.466483 -0.210213 -0.918889 -0.333845 0.977656 -0.197577 -0.071782 -0.000000 -0.341475 0.939891 B 2.000000 4.000000 18.000000 C[purple]
-40.717831 30.408304 25.864992 -0.277437 -0.902994 -0.328070 0.960744 -0.260761 -0.094738 -0.000000 -0.341475 0.939891 B 2.000000 4.000000 18.000000 C[purple]
-40.893201 24.429065 42.881886 -0.395001 -0.863459 -0.313707 0.918681 -0.371258 -0.134883 0.000000 -0.341475 0.939891 B 2.000000 4.000000 18.000000 C[purple]
-40.867612 18.264729 60.165186 -0.116289 -0.933514 -0.339159 0.993215 -0.109299 -0.039710 0.000000 -0.341475 0.939891 B 2.000000 4.000000 18.000000 C[purple]
-40.802462 11.839472 77.445950 -0.227175 -0.915316 -0.332547 0.973854 -0.213520 -0.077575 0.000000 -0.341475 0.939891 B 2.000000 4.000000 18.000000 C[purple]
-33.005310 29.102813 77.176210 0.885712 0.436330 0.158525 -0.464234 0.832473 0.302449 0.000000 -0.341475 0.939891 B 2.000000 4.000000 18.000000 C[purple]
-33.016165 22.989655 -77.695699 0.973253 0.215926 0.078449 -0.229736 0.914752 0.332342 0.000000 -0.341475 0.939891 B 2.000000 4.000000 18.000000 C[purple]
-32.987762 16.650053 -60.266075 0.999254 -0.036297 -0.013187 0.038618 0.939190 0.341221 0.000000 -0.341475 0.939891 B 2.000000 4.000000 18.000000 C[purple]
-32.969880 10.295699 -43.355374 0.984062 0.167136 0.060723 -0.177825 0.924911 0.336033 0.000000 -0.341475 0.939891 B 2.000000 4.000000 18.000000 C[purple]
-33.139365 4.246859 -26.015388 0.922496 0.362804 0.131812 -0.386006 0.867046 0.315010 0.000000 -0.341475 0.939891 B 2.000000 4.000000 18.000000 C[purple]
-33.261409 -2.134968 -8.956251 0.883056 0.441061 0.160243 -0.469268 0.829976 0.301542 -0.000000 -0.341475 0.939891 B 2.000000 4.000000 18.000000 C[purple]
-32.920986 -8.550273 8.244803 0.941381 0.317068 0.115195 -0.337346 0.884795 0.321458 0.000000 -0.341475 0.939891 B 2.000000 4.000000 18.000000 C[purple]
-33.156838 -14.919539 25.394214 0.984541 0.164623 0.059810 -0.175152 0.925361 0.336197 0.000000 -0.341475 0.939891 B 2.000000 4.000000 18.000000 C[purple]
-32.896032 -21.031739 42.487502 0.971384 0.223239 0.081106 -0.237516 0.912994 0.331704 0.000000 -0.341475 0.939891 B 2.000000 4.000000 18.000000 C[purple]
-33.080357 -27.373911 59.917112 0.968617 0.233617 0.084876 -0.248557 0.910394 0.330759 0.000000 -0.341475 0.939891 B 2.000000 4.000000 18.000000 C[purple]
-9.208060 -25.174562 77.783984 0.677081 0.691674 0.251295 -0.735909 0.636382 0.231206 -0.000000 -0.341475 0.939891 B 2.000000 4.000000 18.000000 C[purple]
-8.965174 31.076873 -76.743391 0.756882 0.614267 0.223172 -0.653552 0.711386 0.258456 -0.000000 -0.341475 0.939891 B 2.000000 4.000000 18.000000 C[purple]
-9.049165 24.565452 -59.699333 0.808556 0.553050 0.200931 -0.588419 0.759954 0.276102 -0.000000 -0.341475 0.939891 B 2.000000 4.000000 18.000000 C[purple]
-8.989048 18.685635 -42.262996 0.778897 0.589454 0.214157 -0.627151 0.732078 0.265974 0.000000 -0.341475 0.939891 B 2.000000 4.000000 18.000000 C[purple]
-9.045986 12.397520 -25.267671 0.650192 0.714100 0.259443 -0.759770 0.611110 0.222025 0.000000 -0.341475 0.939891 B 2.000000 4.000000 18.000000 C[purple]
-9.149527 6.013862 -8.279442 0.528943 0.797645 0.289796 -0.848657 0.497149 0.180621 -0.000000 -0.341475 0.939891 B 2.000000 4.000000 18.000000 C[purple]
-9.322606 -0.215919 8.837682 0.396090 0.863019 0.313547 -0.918212 0.372281 0.135255 0.000000 -0.341475 0.939891 B 2.000000 4.000000 18.000000 C[purple]
-9.175538 -6.647902 26.227824 0.635585 0.725625 0.263630 -0.772031 0.597380 0.217037 -0.000000 -0.341475 0.939891 B 2.000000 4.000000 18.000000 C[purple]
-9.265308 -12.965215 43.178639 0.504848 0.811321 0.294764 -0.863208 0.474502 0.172393 -0.000000 -0.341475 0.939891 B 2.000000 4.000000 18.000000 C[purple]
-9.097388 -19.110575 60.175533 0.681465 0.687860 0.249909 -0.731851 0.640503 0.232704 -0.000000 -0.341475 0.939891 B 2.000000 4.000000 18.000000 C[purple]
-14.247436 -22.955391 -77.057645 0.375150 -0.871245 -0.316535 0.926964 0.352600 0.128104 -0.000000 -0.341475 0.939891 B 2.000000 4.000000 18.000000 C[purple]
-13.916339 -28.937800 -60.038650 0.506615 -0.810348 -0.294411 0.862172 0.476163 0.172997 0.000000 -0.341475 0.939891 B 2.000000 4.000000 18.000000 C[purple]
-13.995356 27.658359 -42.696632 0.448801 -0.839916 -0.305153 0.893632 0.421824 0.153254 -0.000000 -0.341475 0.939891 B 2.000000 4.000000 18.000000 C[purple]
-14.391495 21.268592 -25.674445 0.287763 -0.900135 -0.327032 0.957702 0.270466 0.098264 0.000000 -0.341475 0.939891 B 2.000000 4.000000 18.000000 C[purple]
-14.061215 15.156871 -8.572235 0.379003 -0.869771 -0.316000 0.925396 0.356221 0.129420 -0.000000 -0.341475 0.939891 B 2.000000 4.000000 18.000000 C[purple]
-14.245056 9.064682 8.744657 0.537102 -0.792814 -0.288040 0.843518 0.504817 0.183407 -0.000000 -0.341475 0.939891 B 2.000000 4.000000 18.000000 C[purple]
-14.369638 2.420207 26.060933 0.521454 -0.801990 -0.291374 0.853280 0.490109 0.178064 0.000000 -0.341475 0.939891 B 2.000000 4.000000 18.000000 C[purple]
-14.680950 -3.821647 42.975507 0.436046 -0.845831 -0.307302 0.899925 0.409835 0.148899 -0.000000 -0.341475 0.939891 B 2.000000 4.000000 18.000000 C[purple]
-14.661459 -10.401321 60.446308 0.323661 -0.889299 -0.323095 0.946173 0.304206 0.110522 -0.000000 -0.341475 0.939891 B 2.000000 4.000000 18.000000 C[purple]
-14.271815 -16.650516 77.906353 0.172277 -0.925838 -0.336370 0.985049 0.161922 0.058828 0.000000 -0.341475 0.939891 B 2.000000 4.000000 18.000000 C[purple]
17.599787 -22.088742 77.753063 0.994766 -0.096037 -0.034891 0.102179 0.934971 0.339688 0.000000 -0.341475 0.939891 B 2.000000 4.000000 18.000000 C[purple]
17.617496 -28.502816 -77.417706 0.979146 -0.190947 -0.069374 0.203158 0.920290 0.334354 -0.000000 -0.341475 0.939891 B 2.000000 4.000000 18.000000 C[purple]
17.627078 27.904328 -59.928857 0.995793 -0.086129 -0.031292 0.091637 0.935936 0.340039 -0.000000 -0.341475 0.939891 B 2.000000 4.000000 18.000000 C[purple]
17.231640 21.538343 -42.759534 0.999964 -0.007975 -0.002897 0.008485 0.939857 0.341463 -0.000000 -0.341475 0.939891 B 2.000000 4.000000 18.000000 C[purple]
17.464096 14.937510 -25.655402 0.998822 0.045610 0.016571 -0.048527 0.938783 0.341073 0.000000 -0.341475 0.939891 B 2.000000 4.000000 18.000000 C[purple]
17.382250 8.715505 -7.980913 0.997074 0.071845 0.026102 -0.076440 0.937141 0.340476 0.000000 -0.341475 0.939891 B 2.000000 4.000000 18.000000 C[purple]
17.442294 2.294642 8.880787 0.999138 -0.039028 -0.014179 0.041524 0.939080 0.341181 -0.000000 -0.341475 0.939891 B 2.000000 4.000000 18.000000 C[purple]
17.498057 -3.917691 26.066013 0.959231 -0.265636 -0.096509 0.282625 0.901572 0.327554 0.000000 -0.341475 0.939891 B 2.000000 4.000000 18.000000 C[purple]
17.853815 -9.929743 43.306065 0.952516 -0.286187 -0.103976 0.304490 0.895261 0.325261 -0.000000 -0.341475 0.939891 B 2.000000 4.000000 18.000000 C[purple]
17.782504 -16.160654 60.723327 0.999626 -0.025687 -0.009332 0.027330 0.939540 0.341348 0.000000 -0.341475 0.939891 B 2.000000 4.000000 18.000000 C[purple]
-9.463177 -26.000714 -77.513404 0.996525 0.078289 0.028443 -0.083296 0.936624 0.340289 0.000000 -0.341475 0.939891 B 2.000000 4.000000 18.000000 C[purple]
-9.635750 29.956775 -60.356678 0.999967 0.007661 0.002784 -0.008151 0.939859 0.341464 -0.000000 -0.341475 0.939891 B 2.000000 4.000000 18.000000 C[purple]
-9.424493 23.901259 -43.265612 0.999996 -0.002614 -0.000950 0.002781 0.939887 0.341474 0.000000 -0.341475 0.939891 B 2.000000 4.000000 18.000000 C[purple]
-9.421224 17.504592 -26.026100 0.956618 -0.273834 -0.099488 0.291347 0.899116 0.326661 -0.000000 -0.341475 0.939891 B 2.000000 4.000000 18.000000 C[purple]
-9.604068 11.262338 -9.070619 0.981589 -0.179526 -0.065224 0.191007 0.922586 0.335188 -0.000000 -0.341475 0.939891 B 2.000000 4.000000 18.000000 C[purple]
-9.747666 5.100470 8.182410 0.998499 -0.051483 -0.018704 0.054775 0.938480 0.340963 0.000000 -0.341475 0.939891 B 2.000000 4.000000 18.000000 C[purple]
-9.657724 -1.349690 25.474072 0.952732 0.285551 0.103745 -0.303813 0.895464 0.325334 0.000000 -0.341475 0.939891 B 2.000000 4.000000 18.000000 C[purple]
-9.771187 -7.258034 42.792681 0.841579 0.507666 0.184442 -0.540133 0.790993 0.287379 0.000000 -0.341475 0.939891 B 2.000000 4.000000 18.000000 C[purple]
-9.981082 -13.375982 60.155243 0.909688 0.390329 0.141812 -0.415292 0.855007 0.310636 0.000000 -0.341475 0.939891 B 2.000000 4.000000 18.000000 C[purple]
-9.712596 -19.774382 77.384671 0.950637 0.291653 0.105962 -0.310305 0.893495 0.324619 0.000000 -0.341475 0.939891 B 2.000000 4.000000 18.000000 C[purple]
34.430562 5.246667 77.167432 0.972560 0.218669 0.079445 -0.232654 0.914100 0.332105 0.000000 -0.341475 0.939891 B 2.000000 4.000000 18.000000 C[purple]
34.246181 -0.786402 -77.636528 0.958554 0.267786 0.097290 -0.284912 0.900936 0.327323 0.000000 -0.341475 0.939891 B 2.000000 4.000000 18.000000 C[purple]
34.470975 -6.822275 -60.638952 0.985987 0.156796 0.056966 -0.166823 0.926720 0.336690 0.000000 -0.341475 0.939891 B 2.000000 4.000000 18.000000 C[purple]
34.607676 -13.309062 -43.536333 0.918329 0.372026 0.135162 -0.395818 0.863129 0.313587 0.000000 -0.341475 0.939891 B 2.000000 4.000000 18.000000 C[purple]
34.552591 -19.370395 -26.194811 0.818883 0.539460 0.195993 -0.573960 0.769661 0.279628 0.000000 -0.341475 0.939891 B 2.000000 4.000000 18.000000 C[purple]
34.328550 -25.800560 -8.848977 0.872514 0.459221 0.166841 -0.488590 0.820067 0.297942 -0.000000 -0.341475 0.939891 B 2.000000 4.000000 18.000000 C[purple]
34.297929 30.648753 8.340129 0.937319 0.327526 0.118995 -0.348472 0.880977 0.320071 0.000000 -0.341475 0.939891 B 2.000000 4.000000 18.000000 C[purple]
