-45.528086 -18.073575 -78.244816 0.813381 0.546763 0.198647 -0.581731 0.764490 0.277750 0.000000 -0.341475 0.939891 B 2.000000 4.000000 18.000000 C[purple]
-45.583946 -24.315952 -60.822481 0.793270 0.572272 0.207914 -0.608871 0.745587 0.270882 0.000000 -0.341475 0.939891 B 2.000000 4.000000 18.000000 C[purple]
-45.707279 -30.683672 -43.588852 0.706527 0.665147 0.241657 -0.707686 0.664058 0.241262 0.000000 -0.341475 0.939891 B 2.000000 4.000000 18.000000 C[purple]
-45.722095 25.809966 -26.526954 0.746593 0.625291 0.227177 -0.665281 0.701716 0.254943 0.000000 -0.341475 0.939891 B 2.000000 4.000000 18.000000 C[purple]
-45.871991 19.949465 -9.294896 0.790114 0.576115 0.209311 -0.612960 0.742621 0.269805 0.000000 -0.341475 0.939891 B 2.000000 4.000000 18.000000 C[purple]
-45.804793 13.800434 7.647600 0.625285 0.733488 0.266486 -0.780397 0.587699 0.213519 0.000000 -0.341475 0.939891 B 2.000000 4.000000 18.000000 C[purple]
-45.484457 7.619683 24.858446 0.510697 0.808081 0.293587 -0.859761 0.479999 0.174390 -0.000000 -0.341475 0.939891 B 2.000000 4.000000 18.000000 C[purple]
-45.589580 1.268599 42.134074 0.687788 0.682278 0.247881 -0.725912 0.646445 0.234863 -0.000000 -0.341475 0.939891 B 2.000000 4.000000 18.000000 C[purple]
-45.757572 -5.278874 59.625694 0.630321 0.729669 0.265099 -0.776334 0.592433 0.215239 -0.000000 -0.341475 0.939891 B 2.000000 4.000000 18.000000 C[purple]
-45.677942 -11.720498 76.791358 0.846172 0.500876 0.181975 -0.532909 0.795310 0.288947 0.000000 -0.341475 0.939891 B 2.000000 4.000000 18.000000 C[purple]
-40.373960 -1.299609 -77.556623 0.350139 0.880393 0.319859 -0.936698 0.329093 0.119564 0.000000 -0.341475 0.939891 B 2.000000 4.000000 18.000000 C[purple]
-40.174665 -7.396404 -60.306952 0.533533 0.794940 0.288813 -0.845779 0.501463 0.182189 -0.000000 -0.341475 0.939891 B 2.000000 4.000000 18.000000 C[purple]
-40.481237 -13.874336 -42.859340 0.492877 0.817798 0.297117 -0.870099 0.463251 0.168305 0.000000 -0.341475 0.939891 B 2.000000 4.000000 18.000000 C[purple]
-40.673294 -19.997391 -25.224327 0.513755 0.806367 0.292964 -0.857937 0.482873 0.175435 0.000000 -0.341475 0.939891 B 2.000000 4.000000 18.000000 C[purple]
-40.434808 -26.333111 -7.970815 0.590528 0.758508 0.275577 -0.807017 0.555032 0.201651 -0.000000 -0.341475 0.939891 B 2.000000 4.000000 18.000000 C[purple]
-40.767959 30.187050 9.060118 0.519936 0.802860 0.291690 -0.854205 0.488683 0.177545 -0.000000 -0.341475 0.939891 B 2.000000 4.000000 18.000000 C[purple]
-40.755147 23.834082 25.930840 0.538269 0.792115 0.287786 -0.842773 0.505914 0.183806 -0.000000 -0.341475 0.939891 B 2.000000 4.000000 18.000000 C[purple]
-40.966638 17.900976 43.071566 0.482032 0.823489 0.299185 -0.876154 0.453057 0.164602 -0.000000 -0.341475 0.939891 B 2.000000 4.000000 18.000000 C[purple]
-40.913926 11.592497 60.354879 0.221197 0.916609 0.333017 -0.975229 0.207901 0.075533 -0.000000 -0.341475 0.939891 B 2.000000 4.000000 18.000000 C[purple]
-40.654772 5.051396 77.405410 0.194762 0.921892 0.334936 -0.980851 0.183055 0.066506 -0.000000 -0.341475 0.939891 B 2.000000 4.000000 18.000000 C[purple]
-34.916211 -15.258794 -77.607676 0.300968 0.896312 0.325643 -0.953634 0.282877 0.102773 0.000000 -0.341475 0.939891 B 2.000000 4.000000 18.000000 C[purple]
-34.730128 -21.474655 -60.530847 0.201252 0.920660 0.334489 -0.979540 0.189155 0.068722 -0.000000 -0.341475 0.939891 B 2.000000 4.000000 18.000000 C[purple]
-34.420602 -27.817598 -43.062283 0.264426 0.906436 0.329321 -0.964406 0.248531 0.090295 -0.000000 -0.341475 0.939891 B 2.000000 4.000000 18.000000 C[purple]
-34.685801 28.447964 -25.956085 0.085092 0.936482 0.340237 -0.996373 0.079977 0.029057 -0.000000 -0.341475 0.939891 B 2.000000 4.000000 18.000000 C[purple]
-34.518316 22.359597 -8.923114 -0.125478 0.932462 0.338777 -0.992096 -0.117936 -0.042848 0.000000 -0.341475 0.939891 B 2.000000 4.000000 18.000000 C[purple]
-34.543594 16.068745 8.613256 -0.037065 0.939245 0.341241 -0.999313 -0.034837 -0.012657 -0.000000 -0.341475 0.939891 B 2.000000 4.000000 18.000000 C[purple]
-34.835239 9.979408 25.904913 -0.060245 0.938184 0.340855 -0.998184 -0.056624 -0.020572 -0.000000 -0.341475 0.939891 B 2.000000 4.000000 18.000000 C[purple]
-35.152419 3.488985 42.960302 -0.014915 0.939786 0.341437 -0.999889 -0.014018 -0.005093 -0.000000 -0.341475 0.939891 B 2.000000 4.000000 18.000000 C[purple]
-35.020067 -2.823093 60.282703 0.058443 0.938284 0.340892 -0.998291 0.054930 0.019957 -0.000000 -0.341475 0.939891 B 2.000000 4.000000 18.000000 C[purple]
-35.013568 -9.164126 77.438408 0.108663 0.934325 0.339453 -0.994079 0.102132 0.037106 -0.000000 -0.341475 0.939891 B 2.000000 4.000000 18.000000 C[purple]
-30.242467 -2.689355 78.134313 0.792284 -0.573477 -0.208352 0.610153 0.744660 0.270545 0.000000 -0.341475 0.939891 B 2.000000 4.000000 18.000000 C[purple]
-29.877102 -8.841986 -76.751601 0.859985 -0.479644 -0.174261 0.510319 0.808292 0.293664 -0.000000 -0.341475 0.939891 B 2.000000 4.000000 18.000000 C[purple]
-30.007632 -15.440984 -59.671131 0.772330 -0.597039 -0.216913 0.635222 0.725906 0.263732 -0.000000 -0.341475 0.939891 B 2.000000 4.000000 18.000000 C[purple]
-30.274929 -21.672650 -42.611117 0.759175 -0.611763 -0.222262 0.650887 0.713541 0.259239 -0.000000 -0.341475 0.939891 B 2.000000 4.000000 18.000000 C[purple]
-30.451098 -27.860348 -25.157843 0.878698 -0.448682 -0.163013 0.477377 0.825881 0.300054 -0.000000 -0.341475 0.939891 B 2.000000 4.000000 18.000000 C[purple]
-30.576710 28.174117 -8.149035 0.971146 -0.224151 -0.081437 0.238486 0.912771 0.331622 -0.000000 -0.341475 0.939891 B 2.000000 4.000000 18.000000 C[purple]
-30.331245 22.062098 9.173926 0.946389 -0.303613 -0.110307 0.323030 0.889502 0.323168 0.000000 -0.341475 0.939891 B 2.000000 4.000000 18.000000 C[purple]
-30.167618 15.972454 26.521534 0.974833 -0.209535 -0.076127 0.222935 0.916237 0.332882 -0.000000 -0.341475 0.939891 B 2.000000 4.000000 18.000000 C[purple]
-30.273435 9.553030 43.896727 0.980685 -0.183837 -0.066790 0.195594 0.921737 0.334880 0.000000 -0.341475 0.939891 B 2.000000 4.000000 18.000000 C[purple]
-30.317768 3.578919 61.005446 0.922573 -0.362631 -0.131749 0.385822 0.867118 0.315036 0.000000 -0.341475 0.939891 B 2.000000 4.000000 18.000000 C[purple]
7.243606 -25.062408 76.874599 0.345584 0.881982 0.320436 -0.938388 0.324811 0.118008 0.000000 -0.341475 0.939891 B 2.000000 4.000000 18.000000 C[purple]
6.941183 -31.017400 -77.850509 0.270815 0.904768 0.328715 -0.962632 0.254536 0.092476 -0.000000 -0.341475 0.939891 B 2.000000 4.000000 18.000000 C[purple]
7.156166 24.925369 -60.758571 0.386591 0.866815 0.314926 -0.922251 0.363353 0.132011 0.000000 -0.341475 0.939891 B 2.000000 4.000000 18.000000 C[purple]
7.371718 18.587079 -43.199432 0.435745 0.845967 0.307352 -0.900070 0.409553 0.148796 -0.000000 -0.341475 0.939891 B 2.000000 4.000000 18.000000 C[purple]
7.518224 12.589094 -26.098483 0.516169 0.805004 0.292469 -0.856487 0.485142 0.176259 0.000000 -0.341475 0.939891 B 2.000000 4.000000 18.000000 C[purple]
7.393494 6.404005 -8.934099 0.437356 0.845233 0.307085 -0.899288 0.411067 0.149346 0.000000 -0.341475 0.939891 B 2.000000 4.000000 18.000000 C[purple]
7.478108 0.119557 8.167739 0.661609 0.704776 0.256055 -0.749849 0.621840 0.225923 0.000000 -0.341475 0.939891 B 2.000000 4.000000 18.000000 C[purple]
7.339402 -6.021225 25.808134 0.643229 0.719650 0.261459 -0.765674 0.604565 0.219647 0.000000 -0.341475 0.939891 B 2.000000 4.000000 18.000000 C[purple]
7.152175 -12.377945 42.737418 0.707846 0.663908 0.241207 -0.706367 0.665298 0.241712 0.000000 -0.341475 0.939891 B 2.000000 4.000000 18.000000 C[purple]
7.093866 -18.608172 59.665386 0.471277 0.828970 0.301176 -0.881985 0.442949 0.160929 0.000000 -0.341475 0.939891 B 2.000000 4.000000 18.000000 C[purple]
-4.501150 16.471339 -77.272111 0.892560 0.423824 0.153981 -0.450929 0.838909 0.304787 -0.000000 -0.341475 0.939891 B 2.000000 4.000000 18.000000 C[purple]
-4.721885 10.409464 -60.171266 0.862624 0.475439 0.172734 -0.505845 0.810772 0.294565 -0.000000 -0.341475 0.939891 B 2.000000 4.000000 18.000000 C[purple]
-4.505547 3.850337 -43.007062 0.725353 0.646999 0.235064 -0.688377 0.681752 0.247690 0.000000 -0.341475 0.939891 B 2.000000 4.000000 18.000000 C[purple]
-4.369839 -2.243125 -25.879943 0.850368 0.494560 0.179681 -0.526189 0.799253 0.290380 -0.000000 -0.341475 0.939891 B 2.000000 4.000000 18.000000 C[purple]
-4.346264 -8.449438 -8.242885 0.821104 0.536470 0.194907 -0.570779 0.771748 0.280387 -0.000000 -0.341475 0.939891 B 2.000000 4.000000 18.000000 C[purple]
-4.234072 -14.954030 8.913805 0.926541 0.353580 0.128461 -0.376193 0.870848 0.316391 -0.000000 -0.341475 0.939891 B 2.000000 4.000000 18.000000 C[purple]
-4.400151 -21.103017 26.325255 0.935239 0.332736 0.120888 -0.354016 0.879023 0.319361 0.000000 -0.341475 0.939891 B 2.000000 4.000000 18.000000 C[purple]
-4.437288 -27.406591 43.249273 0.993112 0.110127 0.040011 -0.117170 0.933417 0.339123 0.000000 -0.341475 0.939891 B 2.000000 4.000000 18.000000 C[purple]
-4.668482 28.742322 60.343867 0.962075 0.256389 0.093150 -0.272786 0.904245 0.328525 0.000000 -0.341475 0.939891 B 2.000000 4.000000 18.000000 C[purple]
-4.356459 22.592733 77.377432 0.980023 0.186930 0.067914 -0.198885 0.921114 0.334654 0.000000 -0.341475 0.939891 B 2.000000 4.000000 18.000000 C[purple]
25.588641 -10.807306 76.943194 0.514912 0.805715 0.292727 -0.857243 0.483961 0.175830 -0.000000 -0.341475 0.939891 B 2.000000 4.000000 18.000000 C[purple]
25.656389 -17.265845 -77.871691 0.596591 0.754305 0.274050 -0.802546 0.560730 0.203721 -0.000000 -0.341475 0.939891 B 2.000000 4.000000 18.000000 C[purple]
25.906985 -23.522150 -60.479261 0.487800 0.820483 0.298093 -0.872956 0.458478 0.166572 -0.000000 -0.341475 0.939891 B 2.000000 4.000000 18.000000 C[purple]
25.637862 -29.568013 -43.367947 0.418837 0.853479 0.310081 -0.908062 0.393661 0.143022 0.000000 -0.341475 0.939891 B 2.000000 4.000000 18.000000 C[purple]
25.645280 26.542489 -25.705855 0.493887 0.817260 0.296922 -0.869526 0.464200 0.168650 0.000000 -0.341475 0.939891 B 2.000000 4.000000 18.000000 C[purple]
25.678522 20.483007 -8.658701 0.648050 0.715818 0.260067 -0.761598 0.609096 0.221293 0.000000 -0.341475 0.939891 B 2.000000 4.000000 18.000000 C[purple]
25.865080 14.589731 8.754563 0.660712 0.705519 0.256325 -0.750640 0.620997 0.225617 0.000000 -0.341475 0.939891 B 2.000000 4.000000 18.000000 C[purple]
26.152269 8.248883 25.672158 0.610179 0.744641 0.270539 -0.792264 0.573502 0.208361 -0.000000 -0.341475 0.939891 B 2.000000 4.000000 18.000000 C[purple]
26.130954 1.854215 42.888559 0.332907 0.886279 0.321998 -0.942960 0.312896 0.113679 -0.000000 -0.341475 0.939891 B 2.000000 4.000000 18.000000 C[purple]
25.961404 -4.637441 59.892688 0.364817 0.875113 0.317941 -0.931079 0.342888 0.124576 0.000000 -0.341475 0.939891 B 2.000000 4.000000 18.000000 C[purple]
-22.663062 -9.728130 -77.232914 -0.546303 0.787241 0.286016 -0.837588 -0.513465 -0.186549 0.000000 -0.341475 0.939891 B 2.000000 4.000000 18.000000 C[purple]
-22.506234 -15.743000 -60.047073 -0.452529 0.838147 0.304511 -0.891750 -0.425328 -0.154528 0.000000 -0.341475 0.939891 B 2.000000 4.000000 18.000000 C[purple]
-22.688193 -22.086466 -43.120942 -0.642821 0.719971 0.261576 -0.766016 -0.604182 -0.219508 0.000000 -0.341475 0.939891 B 2.000000 4.000000 18.000000 C[purple]
-23.029994 -28.356080 -26.049902 -0.584360 0.762716 0.277106 -0.811495 -0.549234 -0.199544 -0.000000 -0.341475 0.939891 B 2.000000 4.000000 18.000000 C[purple]
-23.280513 27.842190 -8.643374 -0.577506 0.767314 0.278776 -0.816386 -0.542793 -0.197204 -0.000000 -0.341475 0.939891 B 2.000000 4.000000 18.000000 C[purple]
-22.834247 21.595165 8.591124 -0.633273 0.727408 0.264277 -0.773928 -0.595208 -0.216247 0.000000 -0.341475 0.939891 B 2.000000 4.000000 18.000000 C[purple]
-23.100705 15.088897 25.959743 -0.542980 0.789269 0.286753 -0.839746 -0.510341 -0.185414 0.000000 -0.341475 0.939891 B 2.000000 4.000000 18.000000 C[purple]
-23.005112 8.581768 43.457313 -0.521112 0.802186 0.291445 -0.853488 -0.489788 -0.177947 -0.000000 -0.341475 0.939891 B 2.000000 4.000000 18.000000 C[purple]
-22.958800 2.429315 60.531520 -0.725853 0.646503 0.234884 -0.687849 -0.682223 -0.247861 0.000000 -0.341475 0.939891 B 2.000000 4.000000 18.000000 C[purple]
-22.857005 -3.551215 77.672517 -0.725428 0.646925 0.235037 -0.688298 -0.681823 -0.247716 0.000000 -0.341475 0.939891 B 2.000000 4.000000 18.000000 C[purple]
26.651752 25.375936 -76.519305 0.971978 -0.220942 -0.080271 0.235072 0.913553 0.331907 0.000000 -0.341475 0.939891 B 2.000000 4.000000 18.000000 C[purple]
26.732294 19.304802 -59.203747 0.962496 -0.254988 -0.092641 0.271295 0.904641 0.328669 0.000000 -0.341475 0.939891 B 2.000000 4.000000 18.000000 C[purple]
27.020004 13.067204 -42.183918 0.972268 -0.219811 -0.079860 0.233869 0.913826 0.332006 0.000000 -0.341475 0.939891 B 2.000000 4.000000 18.000000 C[purple]
26.735157 6.536499 -24.819481 0.974500 -0.210898 -0.076622 0.224386 0.915924 0.332768 -0.000000 -0.341475 0.939891 B 2.000000 4.000000 18.000000 C[purple]
26.782286 0.517361 -7.325389 0.986775 -0.152351 -0.055351 0.162094 0.927461 0.336959 0.000000 -0.341475 0.939891 B 2.000000 4.000000 18.000000 C[purple]
26.524117 -5.966114 9.740453 0.965236 -0.245670 -0.089255 0.261381 0.907216 0.329604 -0.000000 -0.341475 0.939891 B 2.000000 4.000000 18.000000 C[purple]
26.896034 -12.117770 26.720425 0.976680 -0.201795 -0.073315 0.214700 0.917972 0.333512 0.000000 -0.341475 0.939891 B 2.000000 4.000000 18.000000 C[purple]
27.108115 -18.053817 43.987629 0.978585 -0.193468 -0.070290 0.205841 0.919763 0.334163 0.000000 -0.341475 0.939891 B 2.000000 4.000000 18.000000 C[purple]
26.928349 -24.497714 61.230668 0.963189 -0.252666 -0.091797 0.268825 0.905292 0.328905 -0.000000 -0.341475 0.939891 B 2.000000 4.000000 18.000000 C[purple]
26.578307 -30.622881 78.658784 0.970146 -0.227944 -0.082815 0.242522 0.911831 0.331281 0.000000 -0.341475 0.939891 B 2.000000 4.000000 18.000000 C[purple]
-39.997284 5.625290 -77.650659 0.973542 -0.214771 -0.078029 0.228507 0.915023 0.332441 0.000000 -0.341475 0.939891 B 2.000000 4.000000 18.000000 C[purple]
-39.768273 -0.544653 -60.684767 0.999103 -0.039790 -0.014456 0.042335 0.939048 0.341169 -0.000000 -0.341475 0.939891 B 2.000000 4.000000 18.000000 C[purple]
-39.755089 -6.803769 -43.061263 0.999827 -0.017468 -0.006346 0.018585 0.939728 0.341416 0.000000 -0.341475 0.939891 B 2.000000 4.000000 18.000000 C[purple]
-39.831644 -12.807517 -26.076272 0.987926 0.145615 0.052904 -0.154928 0.928542 0.337352 0.000000 -0.341475 0.939891 B 2.000000 4.000000 18.000000 C[purple]
-39.597594 -18.816493 -8.689545 0.966670 0.240636 0.087426 -0.256025 0.908564 0.330094 -0.000000 -0.341475 0.939891 B 2.000000 4.000000 18.000000 C[purple]
-39.980011 -25.000423 8.814350 0.967921 0.236151 0.085797 -0.251254 0.909740 0.330521 -0.000000 -0.341475 0.939891 B 2.000000 4.000000 18.000000 C[purple]
-40.206298 -31.053150 25.957531 0.936262 0.330186 0.119961 -0.351302 0.879984 0.319710 0.000000 -0.341475 0.939891 B 2.000000 4.000000 18.000000 C[purple]
-40.184902 25.004455 42.997740 0.998822 -0.045601 -0.016568 0.048518 0.938784 0.341073 0.000000 -0.341475 0.939891 B 2.000000 4.000000 18.000000 C[purple]
-40.362855 18.445568 60.081634 0.987551 -0.147841 -0.053713 0.157296 0.928190 0.337225 0.000000 -0.341475 0.939891 B 2.000000 4.000000 18.000000 C[purple]
-40.171544 12.068276 77.083963 0.939522 -0.321901 -0.116951 0.342488 0.883048 0.320824 0.000000 -0.341475 0.939891 B 2.000000 4.000000 18.000000 C[purple]
-11.219331 -18.563184 -77.534868 0.959958 -0.263305 -0.095662 0.280144 0.902256 0.327802 0.000000 -0.341475 0.939891 B 2.000000 4.000000 18.000000 C[purple]
-11.256404 -24.490461 -60.126722 0.928698 -0.348545 -0.126631 0.370836 0.872875 0.317128 -0.000000 -0.341475 0.939891 B 2.000000 4.000000 18.000000 C[purple]
-11.377557 -30.552485 -43.173355 0.917602 -0.373606 -0.135736 0.397499 0.862446 0.313339 0.000000 -0.341475 0.939891 B 2.000000 4.000000 18.000000 C[purple]
-11.466126 25.601183 -26.226620 0.969064 -0.231976 -0.084280 0.246811 0.910814 0.330911 0.000000 -0.341475 0.939891 B 2.000000 4.000000 18.000000 C[purple]
-11.643116 19.378375 -9.119461 0.997147 -0.070947 -0.025776 0.075485 0.937209 0.340501 -0.000000 -0.341475 0.939891 B 2.000000 4.000000 18.000000 C[purple]
-11.580331 13.201974 8.106095 0.983819 -0.168396 -0.061181 0.179166 0.924682 0.335950 -0.000000 -0.341475 0.939891 B 2.000000 4.000000 18.000000 C[purple]
-11.531401 6.899929 25.738488 0.952138 -0.287296 -0.104379 0.305670 0.894905 0.325132 -0.000000 -0.341475 0.939891 B 2.000000 4.000000 18.000000 C[purple]
-11.353750 0.687859 42.690793 0.939968 -0.320750 -0.116533 0.341263 0.883467 0.320976 -0.000000 -0.341475 0.939891 B 2.000000 4.000000 18.000000 C[purple]
-11.223585 -5.896999 59.829634 0.939774 -0.321252 -0.116715 0.341797 0.883285 0.320910 0.000000 -0.341475 0.939891 B 2.000000 4.000000 18.000000 C[purple]
-11.189028 -12.244675 77.212758 0.943646 -0.311063 -0.113013 0.330956 0.886924 0.322232 0.000000 -0.341475 0.939891 B 2.000000 4.000000 18.000000 C[purple]
46.448930 6.427703 76.926879 0.739461 0.632734 0.229881 -0.673200 0.695012 0.252508 0.000000 -0.341475 0.939891 B 2.000000 4.000000 18.000000 C[purple]
46.649977 0.301248 -77.930350 0.877984 0.449916 0.163461 -0.478689 0.825209 0.299810 0.000000 -0.341475 0.939891 B 2.000000 4.000000 18.000000 C[purple]
46.548248 -6.169793 -60.849080 0.882564 0.441929 0.160559 -0.470192 0.829514 0.301374 -0.000000 -0.341475 0.939891 B 2.000000 4.000000 18.000000 C[purple]
46.591483 -12.405349 -43.254629 0.820318 0.537531 0.195292 -0.571908 0.771009 0.280118 0.000000 -0.341475 0.939891 B 2.000000 4.000000 18.000000 C[purple]
46.301645 -18.814793 -26.003665 0.890579 0.427488 0.155312 -0.454828 0.837047 0.304111 -0.000000 -0.341475 0.939891 B 2.000000 4.000000 18.000000 C[purple]
46.495833 -24.852488 -8.808952 0.913830 0.381688 0.138672 -0.406098 0.858900 0.312050 0.000000 -0.341475 0.939891 B 2.000000 4.000000 18.000000 C[purple]
46.437333 31.182902 8.327419 0.902854 0.404103 0.146816 -0.429946 0.848585 0.308303 -0.000000 -0.341475 0.939891 B 2.000000 4.000000 18.000000 C[purple]
46.622526 24.638650 25.494152 0.814506 0.545283 0.198109 -0.580155 0.765546 0.278134 0.000000 -0.341475 0.939891 B 2.000000 4.000000 18.000000 C[purple]
46.663035 18.284616 42.682926 0.855320 0.486957 0.176918 -0.518100 0.803907 0.292071 -0.000000 -0.341475 0.939891 B 2.000000 4.000000 18.000000 C[purple]
46.741879 12.397584 59.777210 0.854056 0.488914 0.177629 -0.520182 0.802719 0.291639 0.000000 -0.341475 0.939891 B 2.000000 4.000000 18.000000 C[purple]
48.272776 16.925236 -77.402698 0.970885 0.225147 0.081799 -0.239546 0.912526 0.331533 0.000000 -0.341475 0.939891 B 2.000000 4.000000 18.000000 C[purple]
48.172209 10.889796 -59.985852 0.884834 0.437901 0.159096 -0.465907 0.831647 0.302149 0.000000 -0.341475 0.939891 B 2.000000 4.000000 18.000000 C[purple]
48.008248 4.749462 -43.041509 0.854589 0.488090 0.177330 -0.519305 0.803220 0.291821 -0.000000 -0.341475 0.939891 B 2.000000 4.000000 18.000000 C[purple]
48.010919 -1.215362 -25.798124 0.798939 0.565261 0.205367 -0.601411 0.750916 0.272818 -0.000000 -0.341475 0.939891 B 2.000000 4.000000 18.000000 C[purple]
48.204649 -7.699248 -8.659257 0.823944 0.532609 0.193504 -0.566671 0.774417 0.281357 0.000000 -0.341475 0.939891 B 2.000000 4.000000 18.000000 C[purple]
48.303699 -14.064243 8.476140 0.739235 0.632967 0.229966 -0.673448 0.694800 0.252431 0.000000 -0.341475 0.939891 B 2.000000 4.000000 18.000000 C[purple]
48.357058 -20.540184 25.969839 0.786704 0.580223 0.210803 -0.617331 0.739416 0.268640 0.000000 -0.341475 0.939891 B 2.000000 4.000000 18.000000 C[purple]
48.247981 -26.696242 43.022114 0.836436 0.515121 0.187151 -0.548065 0.786158 0.285622 -0.000000 -0.341475 0.939891 B 2.000000 4.000000 18.000000 C[purple]
48.356896 29.355286 59.983130 0.946316 0.303814 0.110380 -0.323244 0.889433 0.323144 -0.000000 -0.341475 0.939891 B 2.000000 4.000000 18.000000 C[purple]
48.253120 23.399721 77.045187 0.953562 0.283091 0.102851 -0.301195 0.896244 0.325618 0.000000 -0.341475 0.939891 B 2.000000 4.000000 18.000000 C[purple]
40.675404 -30.812276 76.986569 -0.297712 -0.897272 -0.325991 0.954656 -0.279817 -0.101661 -0.000000 -0.341475 0.939891 B 2.000000 4.000000 18.000000 C[purple]
40.906789 25.478740 -78.024805 -0.270659 -0.904809 -0.328730 0.962675 -0.254390 -0.092424 -0.000000 -0.341475 0.939891 B 2.000000 4.000000 18.000000 C[purple]
40.579587 19.244087 -60.846439 -0.459770 -0.834659 -0.303243 0.888038 -0.432133 -0.157000 -0.000000 -0.341475 0.939891 B 2.000000 4.000000 18.000000 C[purple]
40.911612 12.819633 -43.641770 -0.362890 -0.875820 -0.318198 0.931832 -0.341077 -0.123918 0.000000 -0.341475 0.939891 B 2.000000 4.000000 18.000000 C[purple]
40.784555 6.436896 -26.314352 -0.235276 -0.913507 -0.331890 0.971929 -0.221133 -0.080341 0.000000 -0.341475 0.939891 B 2.000000 4.000000 18.000000 C[purple]
40.873379 0.033337 -8.962637 -0.543248 -0.789106 -0.286693 0.839573 -0.510593 -0.185506 0.000000 -0.341475 0.939891 B 2.000000 4.000000 18.000000 C[purple]
40.728517 -6.407271 8.166988 -0.575533 -0.768622 -0.279251 0.817778 -0.540938 -0.196530 -0.000000 -0.341475 0.939891 B 2.000000 4.000000 18.000000 C[purple]
40.823011 -12.546204 25.329107 -0.360055 -0.876853 -0.318573 0.932931 -0.338413 -0.122950 0.000000 -0.341475 0.939891 B 2.000000 4.000000 18.000000 C[purple]
40.699240 -19.089386 42.753763 -0.274059 -0.903905 -0.328401 0.961713 -0.257585 -0.093584 -0.000000 -0.341475 0.939891 B 2.000000 4.000000 18.000000 C[purple]
40.711544 -24.927250 59.832759 -0.212033 -0.918520 -0.333711 0.977262 -0.199288 -0.072404 -0.000000 -0.341475 0.939891 B 2.000000 4.000000 18.000000 C[purple]
-12.189205 12.605139 77.540852 0.389248 -0.865764 -0.314544 0.921133 0.365851 0.132919 0.000000 -0.341475 0.939891 B 2.000000 4.000000 18.000000 C[purple]
-12.231044 6.666365 -77.244430 0.309523 -0.893735 -0.324706 0.950892 0.290918 0.105694 0.000000 -0.341475 0.939891 B 2.000000 4.000000 18.000000 C[purple]
-12.160920 0.784665 -59.931286 0.318690 -0.890884 -0.323671 0.947859 0.299533 0.108825 -0.000000 -0.341475 0.939891 B 2.000000 4.000000 18.000000 C[purple]
-11.907602 -5.505015 -42.780880 0.474620 -0.827283 -0.300563 0.880191 0.446091 0.162071 -0.000000 -0.341475 0.939891 B 2.000000 4.000000 18.000000 C[purple]
-12.003621 -12.010758 -25.742229 0.580728 -0.765163 -0.277994 0.814098 0.545821 0.198304 -0.000000 -0.341475 0.939891 B 2.000000 4.000000 18.000000 C[purple]
-11.894392 -18.182933 -8.704709 0.336509 -0.885077 -0.321561 0.941680 0.316281 0.114909 0.000000 -0.341475 0.939891 B 2.000000 4.000000 18.000000 C[purple]
-11.936549 -24.478256 8.325576 0.584759 -0.762446 -0.277007 0.811207 0.549609 0.199681 0.000000 -0.341475 0.939891 B 2.000000 4.000000 18.000000 C[purple]
-11.800739 -30.723506 25.776013 0.618793 -0.738335 -0.268248 0.785554 0.581597 0.211302 0.000000 -0.341475 0.939891 B 2.000000 4.000000 18.000000 C[purple]
-12.240065 25.454493 43.095167 0.620295 -0.737221 -0.267843 0.784369 0.583010 0.211816 -0.000000 -0.341475 0.939891 B 2.000000 4.000000 18.000000 C[purple]
-12.464020 19.244493 60.405955 0.397286 -0.862533 -0.313370 0.917695 0.373406 0.135664 -0.000000 -0.341475 0.939891 B 2.000000 4.000000 18.000000 C[purple]
30.505701 26.588811 77.722609 0.834494 0.517896 0.188159 -0.551017 0.784333 0.284959 0.000000 -0.341475 0.939891 B 2.000000 4.000000 18.000000 C[purple]
30.375739 20.594579 -77.036474 0.838750 0.511786 0.185939 -0.544517 0.788333 0.286412 0.000000 -0.341475 0.939891 B 2.000000 4.000000 18.000000 C[purple]
30.449952 13.920930 -59.992066 0.808000 0.553767 0.201191 -0.589183 0.759432 0.275912 0.000000 -0.341475 0.939891 B 2.000000 4.000000 18.000000 C[purple]
30.390564 7.479402 -42.570373 0.779637 0.588589 0.213843 -0.626232 0.732774 0.266227 0.000000 -0.341475 0.939891 B 2.000000 4.000000 18.000000 C[purple]
30.652555 1.045889 -25.521472 0.898064 0.413425 0.150203 -0.439865 0.844082 0.306667 0.000000 -0.341475 0.939891 B 2.000000 4.000000 18.000000 C[purple]
30.743782 -5.474904 -8.310638 0.884832 0.437905 0.159097 -0.465910 0.831645 0.302148 0.000000 -0.341475 0.939891 B 2.000000 4.000000 18.000000 C[purple]
30.574344 -11.411534 8.972542 0.794249 0.571070 0.207478 -0.607592 0.746507 0.271217 0.000000 -0.341475 0.939891 B 2.000000 4.000000 18.000000 C[purple]
30.573715 -17.452786 26.477380 0.787743 0.578977 0.210350 -0.616004 0.740392 0.268995 -0.000000 -0.341475 0.939891 B 2.000000 4.000000 18.000000 C[purple]
30.209043 -23.495855 43.580270 0.800910 0.562792 0.204470 -0.598785 0.752768 0.273491 -0.000000 -0.341475 0.939891 B 2.000000 4.000000 18.000000 C[purple]
30.570787 -29.464325 60.736575 0.801278 0.562330 0.204302 -0.598293 0.753113 0.273617 0.000000 -0.341475 0.939891 B 2.000000 4.000000 18.000000 C[purple]
6.291967 19.407899 -77.112310 -0.012849 -0.939813 -0.341447 0.999917 -0.012076 -0.004387 -0.000000 -0.341475 0.939891 B 2.000000 4.000000 18.000000 C[purple]
6.225694 13.058337 -60.156513 0.245054 -0.911233 -0.331064 0.969509 0.230324 0.083680 -0.000000 -0.341475 0.939891 B 2.000000 4.000000 18.000000 C[purple]
5.823306 6.968286 -42.815381 0.183458 -0.923939 -0.335680 0.983028 0.172430 0.062646 0.000000 -0.341475 0.939891 B 2.000000 4.000000 18.000000 C[purple]
5.915445 0.885560 -25.412362 0.117395 -0.933392 -0.339114 0.993085 0.110338 0.040087 -0.000000 -0.341475 0.939891 B 2.000000 4.000000 18.000000 C[purple]
5.884082 -5.441694 -8.202386 -0.040019 -0.939138 -0.341202 0.999199 -0.037613 -0.013665 -0.000000 -0.341475 0.939891 B 2.000000 4.000000 18.000000 C[purple]
5.790820 -11.832400 8.755319 -0.262731 -0.906872 -0.329479 0.964869 -0.246938 -0.089716 -0.000000 -0.341475 0.939891 B 2.000000 4.000000 18.000000 C[purple]
5.760609 -17.885551 26.087866 -0.382869 -0.868273 -0.315456 0.923803 -0.359855 -0.130740 0.000000 -0.341475 0.939891 B 2.000000 4.000000 18.000000 C[purple]
5.676360 -24.153010 43.091204 -0.364530 -0.875218 -0.317979 0.931192 -0.342619 -0.124478 0.000000 -0.341475 0.939891 B 2.000000 4.000000 18.000000 C[purple]
5.860662 -30.275317 60.253175 -0.171050 -0.926039 -0.336443 0.985262 -0.160768 -0.058409 0.000000 -0.341475 0.939891 B 2.000000 4.000000 18.000000 C[purple]
6.184894 25.870428 77.584024 0.019260 -0.939716 -0.341412 0.999815 0.018103 0.006577 -0.000000 -0.341475 0.939891 B 2.000000 4.000000 18.000000 C[purple]
37.071508 26.034998 77.853941 0.945498 -0.306056 -0.111194 0.325629 0.888664 0.322864 -0.000000 -0.341475 0.939891 B 2.000000 4.000000 18.000000 C[purple]
36.878978 19.821259 -77.187343 0.882612 -0.441845 -0.160529 0.470103 0.829558 0.301390 -0.000000 -0.341475 0.939891 B 2.000000 4.000000 18.000000 C[purple]
37.197703 13.772416 -59.802279 0.869008 -0.465057 -0.168962 0.494799 0.816772 0.296745 -0.000000 -0.341475 0.939891 B 2.000000 4.000000 18.000000 C[purple]
37.210157 7.511313 -42.570672 0.753540 -0.617886 -0.224487 0.657402 0.708245 0.257315 -0.000000 -0.341475 0.939891 B 2.000000 4.000000 18.000000 C[purple]
37.228110 1.041481 -25.333849 0.740492 -0.631668 -0.229494 0.672065 0.695982 0.252860 0.000000 -0.341475 0.939891 B 2.000000 4.000000 18.000000 C[purple]
37.392852 -5.316060 -8.093447 0.904055 -0.401724 -0.145952 0.427416 0.849713 0.308713 0.000000 -0.341475 0.939891 B 2.000000 4.000000 18.000000 C[purple]
37.203078 -11.492642 9.023272 0.944040 -0.310005 -0.112629 0.329831 0.887295 0.322366 0.000000 -0.341475 0.939891 B 2.000000 4.000000 18.000000 C[purple]
37.036322 -17.458922 26.217775 0.877197 -0.451270 -0.163953 0.480130 0.824470 0.299541 -0.000000 -0.341475 0.939891 B 2.000000 4.000000 18.000000 C[purple]
37.114975 -23.902464 43.673837 0.974276 -0.211810 -0.076954 0.225356 0.915713 0.332691 -0.000000 -0.341475 0.939891 B 2.000000 4.000000 18.000000 C[purple]
36.803482 -29.987041 60.784511 0.934706 -0.334059 -0.121368 0.355423 0.878521 0.319179 0.000000 -0.341475 0.939891 B 2.000000 4.000000 18.000000 C[purple]
-36.095035 -0.080550 -77.260563 0.795740 -0.569234 -0.206811 0.605638 0.747909 0.271726 -0.000000 -0.341475 0.939891 B 2.000000 4.000000 18.000000 C[purple]
-36.402037 -6.250472 -60.016773 0.739836 -0.632346 -0.229740 0.672787 0.695365 0.252636 0.000000 -0.341475 0.939891 B 2.000000 4.000000 18.000000 C[purple]
-36.223492 -12.525798 -42.868862 0.530437 -0.796768 -0.289477 0.847724 0.498553 0.181131 0.000000 -0.341475 0.939891 B 2.000000 4.000000 18.000000 C[purple]
-35.946852 -18.819772 -26.000736 0.554206 -0.782346 -0.284237 0.832379 0.520893 0.189248 0.000000 -0.341475 0.939891 B 2.000000 4.000000 18.000000 C[purple]
-35.992099 -24.727612 -8.791001 0.666706 -0.700520 -0.254509 0.745321 0.626630 0.227664 0.000000 -0.341475 0.939891 B 2.000000 4.000000 18.000000 C[purple]
-36.186361 -31.128542 8.235382 0.815158 -0.544421 -0.197796 0.579238 0.766160 0.278357 0.000000 -0.341475 0.939891 B 2.000000 4.000000 18.000000 C[purple]
-36.222932 25.144424 25.480102 0.860964 -0.478091 -0.173697 0.508667 0.809212 0.293998 -0.000000 -0.341475 0.939891 B 2.000000 4.000000 18.000000 C[purple]
-36.465018 18.724463 42.962210 0.889964 -0.428618 -0.155723 0.456030 0.836469 0.303901 0.000000 -0.341475 0.939891 B 2.000000 4.000000 18.000000 C[purple]
-36.570187 12.270371 60.456171 0.794727 -0.570482 -0.207264 0.606967 0.746957 0.271380 0.000000 -0.341475 0.939891 B 2.000000 4.000000 18.000000 C[purple]
-36.147210 6.150231 77.728135 0.793924 -0.571470 -0.207623 0.608017 0.746202 0.271105 0.000000 -0.341475 0.939891 B 2.000000 4.000000 18.000000 C[purple]
-4.527197 -7.596384 -77.468884 0.998116 0.057668 0.020952 -0.061356 0.938120 0.340832 -0.000000 -0.341475 0.939891 B 2.000000 4.000000 18.000000 C[purple]
-4.317130 -13.533399 -60.212277 0.985425 0.159887 0.058089 -0.170112 0.926191 0.336498 -0.000000 -0.341475 0.939891 B 2.000000 4.000000 18.000000 C[purple]
-4.671950 -19.840914 -43.106687 0.978253 0.194946 0.070827 -0.207413 0.919451 0.334049 -0.000000 -0.341475 0.939891 B 2.000000 4.000000 18.000000 C[purple]
-4.711518 -25.995167 -26.022269 0.999993 -0.003526 -0.001281 0.003751 0.939884 0.341473 0.000000 -0.341475 0.939891 B 2.000000 4.000000 18.000000 C[purple]
-4.631502 30.051186 -8.963207 0.988895 0.139684 0.050749 -0.148617 0.929453 0.337683 -0.000000 -0.341475 0.939891 B 2.000000 4.000000 18.000000 C[purple]
-4.534822 23.766649 8.306575 0.999722 0.022157 0.008050 -0.023574 0.939630 0.341381 -0.000000 -0.341475 0.939891 B 2.000000 4.000000 18.000000 C[purple]
-4.454955 17.984239 25.579762 0.997854 0.061547 0.022361 -0.065483 0.937873 0.340742 0.000000 -0.341475 0.939891 B 2.000000 4.000000 18.000000 C[purple]
-4.460267 11.456397 42.993821 0.978050 -0.195844 -0.071153 0.208368 0.919260 0.333980 -0.000000 -0.341475 0.939891 B 2.000000 4.000000 18.000000 C[purple]
-4.546598 4.915368 60.060869 0.893178 -0.422672 -0.153563 0.449704 0.839490 0.304998 -0.000000 -0.341475 0.939891 B 2.000000 4.000000 18.000000 C[purple]
-4.443745 -1.111523 77.117759 0.977401 -0.198685 -0.072185 0.211392 0.918651 0.333759 0.000000 -0.341475 0.939891 B 2.000000 4.000000 18.000000 C[purple]
-28.896226 -6.706278 77.459370 -0.867752 0.467123 0.169712 -0.496998 -0.815592 -0.296316 -0.000000 -0.341475 0.939891 B 2.000000 4.000000 18.000000 C[purple]
-29.043203 -12.882629 -77.585120 -0.907493 0.394818 0.143443 -0.420068 -0.852944 -0.309886 -0.000000 -0.341475 0.939891 B 2.000000 4.000000 18.000000 C[purple]
-28.990022 -19.224892 -60.134054 -0.974487 0.210954 0.076643 -0.224445 -0.915911 -0.332763 -0.000000 -0.341475 0.939891 B 2.000000 4.000000 18.000000 C[purple]
-28.827995 -25.126689 -42.901271 -0.944771 0.308032 0.111912 -0.327732 -0.887981 -0.322616 -0.000000 -0.341475 0.939891 B 2.000000 4.000000 18.000000 C[purple]
-28.875476 -31.194947 -25.758831 -0.868579 0.465763 0.169218 -0.495550 -0.816370 -0.296598 -0.000000 -0.341475 0.939891 B 2.000000 4.000000 18.000000 C[purple]
-28.835850 25.297004 -8.511752 -0.891485 0.425817 0.154705 -0.453050 -0.837899 -0.304420 0.000000 -0.341475 0.939891 B 2.000000 4.000000 18.000000 C[purple]
-28.945656 19.044587 8.490618 -0.804608 0.558112 0.202770 -0.593806 -0.756244 -0.274754 -0.000000 -0.341475 0.939891 B 2.000000 4.000000 18.000000 C[purple]
-28.936256 12.727051 25.399667 -0.898111 0.413334 0.150170 -0.439769 -0.844126 -0.306683 0.000000 -0.341475 0.939891 B 2.000000 4.000000 18.000000 C[purple]
-28.948731 6.171304 42.783346 -0.848099 0.497989 0.180926 -0.529837 -0.797121 -0.289605 -0.000000 -0.341475 0.939891 B 2.000000 4.000000 18.000000 C[purple]
-28.944801 -0.431640 59.980480 -0.861488 0.477256 0.173394 -0.507778 -0.809705 -0.294177 -0.000000 -0.341475 0.939891 B 2.000000 4.000000 18.000000 C[purple]
44.049538 11.107521 -77.624766 -0.295609 -0.897886 -0.326215 0.955309 -0.277840 -0.100943 -0.000000 -0.341475 0.939891 B 2.000000 4.000000 18.000000 C[purple]
43.975607 5.011125 -60.098343 -0.282939 -0.901485 -0.327522 0.959138 -0.265932 -0.096617 0.000000 -0.341475 0.939891 B 2.000000 4.000000 18.000000 C[purple]
43.892734 -1.302692 -43.092732 -0.444615 -0.841880 -0.305867 0.895722 -0.417890 -0.151825 -0.000000 -0.341475 0.939891 B 2.000000 4.000000 18.000000 C[purple]
44.196412 -7.416557 -25.679087 -0.332110 -0.886543 -0.322094 0.943241 -0.312147 -0.113407 0.000000 -0.341475 0.939891 B 2.000000 4.000000 18.000000 C[purple]
44.302348 -13.613176 -8.706264 -0.139870 -0.930651 -0.338119 0.990170 -0.131463 -0.047762 -0.000000 -0.341475 0.939891 B 2.000000 4.000000 18.000000 C[purple]
44.514469 -19.870238 8.711952 -0.022634 -0.939650 -0.341388 0.999744 -0.021273 -0.007729 0.000000 -0.341475 0.939891 B 2.000000 4.000000 18.000000 C[purple]
44.213116 -26.205019 25.681827 -0.183852 -0.923869 -0.335655 0.982954 -0.172801 -0.062781 0.000000 -0.341475 0.939891 B 2.000000 4.000000 18.000000 C[purple]
44.025132 30.414712 42.876050 -0.134215 -0.931387 -0.338386 0.990952 -0.126148 -0.045831 -0.000000 -0.341475 0.939891 B 2.000000 4.000000 18.000000 C[purple]
43.850582 23.911903 59.954371 -0.014216 -0.939796 -0.341441 0.999899 -0.013361 -0.004854 -0.000000 -0.341475 0.939891 B 2.000000 4.000000 18.000000 C[purple]
43.720664 17.441918 77.286701 -0.239902 -0.912443 -0.331503 0.970797 -0.225481 -0.081921 0.000000 -0.341475 0.939891 B 2.000000 4.000000 18.000000 C[purple]
30.697119 -0.665735 77.257808 0.859719 0.480066 0.174415 -0.510768 0.808042 0.293573 0.000000 -0.341475 0.939891 B 2.000000 4.000000 18.000000 C[purple]
30.698824 -6.838193 -77.711845 0.836253 0.515384 0.187246 -0.548344 0.785986 0.285560 -0.000000 -0.341475 0.939891 B 2.000000 4.000000 18.000000 C[purple]
30.945451 -13.312385 -60.661837 0.692456 0.678093 0.246361 -0.721460 0.650833 0.236457 0.000000 -0.341475 0.939891 B 2.000000 4.000000 18.000000 C[purple]
30.929048 -19.621042 -43.251488 0.933065 0.338085 0.122831 -0.359707 0.876979 0.318619 0.000000 -0.341475 0.939891 B 2.000000 4.000000 18.000000 C[purple]
30.867806 -25.433177 -26.158822 0.915161 0.378860 0.137645 -0.403089 0.860151 0.312505 0.000000 -0.341475 0.939891 B 2.000000 4.000000 18.000000 C[purple]
30.645000 30.777479 -8.684262 0.872040 0.460014 0.167130 -0.489434 0.819623 0.297780 0.000000 -0.341475 0.939891 B 2.000000 4.000000 18.000000 C[purple]
30.679374 24.698820 8.424001 0.861514 0.477215 0.173379 -0.507734 0.809729 0.294186 0.000000 -0.341475 0.939891 B 2.000000 4.000000 18.000000 C[purple]
30.817278 18.417719 25.566357 0.850711 0.494037 0.179491 -0.525633 0.799576 0.290497 0.000000 -0.341475 0.939891 B 2.000000 4.000000 18.000000 C[purple]
30.722209 12.126533 42.649208 0.937313 0.327541 0.119000 -0.348489 0.880972 0.320069 -0.000000 -0.341475 0.939891 B 2.000000 4.000000 18.000000 C[purple]
30.629436 5.924572 60.291107 0.930499 0.344277 0.125081 -0.366294 0.874567 0.317743 0.000000 -0.341475 0.939891 B 2.000000 4.000000 18.000000 C[purple]
19.197229 9.769580 -77.571134 -0.920227 0.367860 0.133649 -0.391386 -0.864912 -0.314235 0.000000 -0.341475 0.939891 B 2.000000 4.000000 18.000000 C[purple]
19.182138 3.726079 -60.039305 -0.834880 0.517346 0.187959 -0.550432 -0.784696 -0.285091 -0.000000 -0.341475 0.939891 B 2.000000 4.000000 18.000000 C[purple]
19.554174 -2.436576 -42.856647 -0.778815 0.589550 0.214192 -0.627254 -0.732001 -0.265946 -0.000000 -0.341475 0.939891 B 2.000000 4.000000 18.000000 C[purple]
19.438738 -8.848401 -25.818505 -0.878235 0.449484 0.163304 -0.478230 -0.825445 -0.299896 -0.000000 -0.341475 0.939891 B 2.000000 4.000000 18.000000 C[purple]
19.316525 -15.272862 -8.641715 -0.993211 0.109334 0.039723 -0.116326 -0.933510 -0.339157 0.000000 -0.341475 0.939891 B 2.000000 4.000000 18.000000 C[purple]
19.126742 -21.776381 8.556985 -0.972581 0.218585 0.079415 -0.232564 -0.914120 -0.332113 0.000000 -0.341475 0.939891 B 2.000000 4.000000 18.000000 C[purple]
19.339580 -28.058013 25.593871 -0.957422 0.271339 0.098581 -0.288692 -0.899872 -0.326936 0.000000 -0.341475 0.939891 B 2.000000 4.000000 18.000000 C[purple]
19.190500 28.191813 43.026706 -0.901257 0.407241 0.147956 -0.433286 -0.847083 -0.307757 -0.000000 -0.341475 0.939891 B 2.000000 4.000000 18.000000 C[purple]
19.310800 22.140695 60.205724 -0.994965 0.094198 0.034224 -0.100223 -0.935158 -0.339756 -0.000000 -0.341475 0.939891 B 2.000000 4.000000 18.000000 C[purple]
19.346714 16.113626 77.313270 -0.998544 0.050694 0.018418 -0.053936 -0.938523 -0.340978 0.000000 -0.341475 0.939891 B 2.000000 4.000000 18.000000 C[purple]
-35.016314 29.443042 77.165085 0.963889 -0.250298 -0.090937 0.266306 0.905950 0.329144 0.000000 -0.341475 0.939891 B 2.000000 4.000000 18.000000 C[purple]
-34.823084 23.292213 -77.444819 0.847537 -0.498834 -0.181233 0.530736 0.796592 0.289413 0.000000 -0.341475 0.939891 B 2.000000 4.000000 18.000000 C[purple]
-34.876843 17.105058 -60.532716 0.950233 -0.292815 -0.106384 0.311541 0.893115 0.324481 0.000000 -0.341475 0.939891 B 2.000000 4.000000 18.000000 C[purple]
-35.261676 10.636723 -43.305752 0.956976 -0.272725 -0.099085 0.290166 0.899453 0.326784 -0.000000 -0.341475 0.939891 B 2.000000 4.000000 18.000000 C[purple]
-35.459867 4.297504 -26.106083 0.827401 -0.527853 -0.191776 0.561611 0.777667 0.282537 0.000000 -0.341475 0.939891 B 2.000000 4.000000 18.000000 C[purple]
-35.575405 -2.147182 -9.221668 0.925121 -0.356850 -0.129649 0.379672 0.869513 0.315906 0.000000 -0.341475 0.939891 B 2.000000 4.000000 18.000000 C[purple]
-35.671179 -8.603720 8.074700 0.878371 -0.449248 -0.163218 0.477979 0.825573 0.299942 0.000000 -0.341475 0.939891 B 2.000000 4.000000 18.000000 C[purple]
-35.511479 -14.573590 25.392465 0.942373 -0.314453 -0.114245 0.334564 0.885728 0.321797 -0.000000 -0.341475 0.939891 B 2.000000 4.000000 18.000000 C[purple]
-35.125989 -20.706622 42.808865 0.925621 -0.355704 -0.129232 0.378453 0.869982 0.316077 0.000000 -0.341475 0.939891 B 2.000000 4.000000 18.000000 C[purple]
-35.079966 -26.755034 60.257338 0.990583 -0.128686 -0.046753 0.136916 0.931039 0.338260 -0.000000 -0.341475 0.939891 B 2.000000 4.000000 18.000000 C[purple]
-5.747662 26.869591 -76.929075 0.980401 0.185169 0.067275 -0.197012 0.921470 0.334783 0.000000 -0.341475 0.939891 B 2.000000 4.000000 18.000000 C[purple]
-5.997890 20.683166 -60.011730 0.973450 0.215139 0.078163 -0.228898 0.914937 0.332409 -0.000000 -0.341475 0.939891 B 2.000000 4.000000 18.000000 C[purple]
-5.926152 14.391471 -42.830454 0.815824 0.543539 0.197475 -0.578300 0.766786 0.278584 -0.000000 -0.341475 0.939891 B 2.000000 4.000000 18.000000 C[purple]
-5.652324 8.136724 -25.744298 0.925268 0.356513 0.129526 -0.379313 0.869651 0.315956 -0.000000 -0.341475 0.939891 B 2.000000 4.000000 18.000000 C[purple]
-5.456846 1.853820 -8.560206 0.971003 0.224698 0.081636 -0.239068 0.912637 0.331574 -0.000000 -0.341475 0.939891 B 2.000000 4.000000 18.000000 C[purple]
-5.704212 -4.263424 8.640912 0.899831 0.410017 0.148965 -0.436239 0.845743 0.307270 -0.000000 -0.341475 0.939891 B 2.000000 4.000000 18.000000 C[purple]
-5.665600 -10.622737 25.930960 0.999910 0.012637 0.004591 -0.013445 0.939806 0.341445 -0.000000 -0.341475 0.939891 B 2.000000 4.000000 18.000000 C[purple]
