0.935310 -3.882307 -77.443262 0.040060 -0.939136 -0.341201 0.999197 0.037652 0.013679 0.000000 -0.341475 0.939891 B 2.000000 4.000000 18.000000 C[purple]
0.521590 -10.113378 -59.979404 0.035292 -0.939305 -0.341263 0.999377 0.033170 0.012051 -0.000000 -0.341475 0.939891 B 2.000000 4.000000 18.000000 C[purple]
0.551173 -16.226658 -42.498422 -0.054733 -0.938482 -0.340964 0.998501 -0.051443 -0.018690 0.000000 -0.341475 0.939891 B 2.000000 4.000000 18.000000 C[purple]
0.400852 -22.652979 -25.530113 -0.055143 -0.938461 -0.340956 0.998478 -0.051829 -0.018830 -0.000000 -0.341475 0.939891 B 2.000000 4.000000 18.000000 C[purple]
0.717826 -28.925055 -8.569509 0.080689 -0.936826 -0.340362 0.996739 0.075839 0.027553 0.000000 -0.341475 0.939891 B 2.000000 4.000000 18.000000 C[purple]
0.901979 27.412296 8.529656 -0.131460 -0.931734 -0.338512 0.991321 -0.123558 -0.044890 0.000000 -0.341475 0.939891 B 2.000000 4.000000 18.000000 C[purple]
0.997420 21.180839 25.597780 -0.024827 -0.939601 -0.341370 0.999692 -0.023334 -0.008478 0.000000 -0.341475 0.939891 B 2.000000 4.000000 18.000000 C[purple]
0.787564 15.173491 42.877165 -0.087912 -0.936252 -0.340153 0.996128 -0.082628 -0.030020 -0.000000 -0.341475 0.939891 B 2.000000 4.000000 18.000000 C[purple]
0.936027 8.796710 60.074037 0.096698 -0.935486 -0.339875 0.995314 0.090885 0.033020 0.000000 -0.341475 0.939891 B 2.000000 4.000000 18.000000 C[purple]
1.204338 2.407912 77.236813 -0.026733 -0.939555 -0.341353 0.999643 -0.025126 -0.009129 0.000000 -0.341475 0.939891 B 2.000000 4.000000 18.000000 C[purple]
-40.888354 -14.009004 -77.661096 0.937944 -0.325942 -0.118419 0.346787 0.881565 0.320285 0.000000 -0.341475 0.939891 B 2.000000 4.000000 18.000000 C[purple]
-40.811530 -20.395220 -60.636766 0.862357 -0.475868 -0.172890 0.506302 0.810521 0.294474 -0.000000 -0.341475 0.939891 B 2.000000 4.000000 18.000000 C[purple]
-40.705023 -26.535648 -43.150880 0.809683 -0.551592 -0.200401 0.586868 0.761013 0.276487 0.000000 -0.341475 0.939891 B 2.000000 4.000000 18.000000 C[purple]
-40.942934 29.565905 -25.709010 0.802287 -0.561057 -0.203840 0.596938 0.754062 0.273961 -0.000000 -0.341475 0.939891 B 2.000000 4.000000 18.000000 C[purple]
-40.864372 23.348334 -8.768133 0.923961 -0.359497 -0.130610 0.382488 0.868422 0.315510 -0.000000 -0.341475 0.939891 B 2.000000 4.000000 18.000000 C[purple]
-40.785402 17.194209 8.241966 0.901823 -0.406131 -0.147553 0.432105 0.847615 0.307951 0.000000 -0.341475 0.939891 B 2.000000 4.000000 18.000000 C[purple]
-40.989539 11.030044 25.539482 0.847049 -0.499566 -0.181499 0.531515 0.796133 0.289246 0.000000 -0.341475 0.939891 B 2.000000 4.000000 18.000000 C[purple]
-40.807205 4.511848 42.790975 0.741528 -0.630594 -0.229103 0.670922 0.696955 0.253213 0.000000 -0.341475 0.939891 B 2.000000 4.000000 18.000000 C[purple]
-40.877486 -1.595982 59.871529 0.826564 -0.529011 -0.192197 0.562843 0.776880 0.282251 -0.000000 -0.341475 0.939891 B 2.000000 4.000000 18.000000 C[purple]
-41.062119 -8.024060 76.956675 0.889503 -0.429463 -0.156030 0.456929 0.836036 0.303744 0.000000 -0.341475 0.939891 B 2.000000 4.000000 18.000000 C[purple]
-8.995497 -18.654185 -77.057576 0.857881 0.482962 0.175467 -0.513849 0.806314 0.292945 -0.000000 -0.341475 0.939891 B 2.000000 4.000000 18.000000 C[purple]
-8.956779 -25.132612 -60.173147 0.910383 0.388896 0.141291 -0.413767 0.855660 0.310873 0.000000 -0.341475 0.939891 B 2.000000 4.000000 18.000000 C[purple]
-9.032666 31.065304 -43.174477 0.781633 0.586247 0.212992 -0.623739 0.734649 0.266908 -0.000000 -0.341475 0.939891 B 2.000000 4.000000 18.000000 C[purple]
-9.111359 24.727393 -26.247552 0.920911 0.366343 0.133098 -0.389772 0.865556 0.314469 0.000000 -0.341475 0.939891 B 2.000000 4.000000 18.000000 C[purple]
-9.079657 18.339961 -9.105161 0.827679 0.527468 0.191636 -0.561201 0.777928 0.282632 0.000000 -0.341475 0.939891 B 2.000000 4.000000 18.000000 C[purple]
-8.892268 12.370159 8.397725 0.820833 0.536836 0.195040 -0.571169 0.771493 0.280294 0.000000 -0.341475 0.939891 B 2.000000 4.000000 18.000000 C[purple]
-9.002720 5.818228 25.784037 0.752789 0.618695 0.224780 -0.658262 0.707539 0.257059 -0.000000 -0.341475 0.939891 B 2.000000 4.000000 18.000000 C[purple]
-9.271519 -0.461815 43.160929 0.733457 0.638877 0.232113 -0.679736 0.689370 0.250458 -0.000000 -0.341475 0.939891 B 2.000000 4.000000 18.000000 C[purple]
-9.115939 -6.555496 60.565391 0.863866 0.473443 0.172008 -0.503721 0.811940 0.294989 0.000000 -0.341475 0.939891 B 2.000000 4.000000 18.000000 C[purple]
-9.008952 -12.662149 77.906984 0.686420 0.683494 0.248323 -0.727205 0.645160 0.234396 -0.000000 -0.341475 0.939891 B 2.000000 4.000000 18.000000 C[purple]
-34.565038 6.303680 77.911841 0.406912 -0.858559 -0.311927 0.913467 0.382453 0.138950 0.000000 -0.341475 0.939891 B 2.000000 4.000000 18.000000 C[purple]
-34.479235 -0.174794 -77.090225 0.388138 -0.866204 -0.314704 0.921601 0.364808 0.132540 0.000000 -0.341475 0.939891 B 2.000000 4.000000 18.000000 C[purple]
-34.754739 -6.481275 -60.181154 0.284447 -0.901065 -0.327370 0.958692 0.267349 0.097132 0.000000 -0.341475 0.939891 B 2.000000 4.000000 18.000000 C[purple]
-34.704556 -12.698484 -43.018845 0.510458 -0.808214 -0.293636 0.859903 0.479775 0.174309 0.000000 -0.341475 0.939891 B 2.000000 4.000000 18.000000 C[purple]
-34.641135 -18.947328 -25.645502 0.233737 -0.913856 -0.332016 0.972300 0.219688 0.079816 0.000000 -0.341475 0.939891 B 2.000000 4.000000 18.000000 C[purple]
-34.456624 -25.112228 -8.467190 0.119578 -0.933147 -0.339025 0.992825 0.112390 0.040833 -0.000000 -0.341475 0.939891 B 2.000000 4.000000 18.000000 C[purple]
-34.146035 31.123011 8.842360 0.317144 -0.891371 -0.323848 0.948377 0.298081 0.108297 0.000000 -0.341475 0.939891 B 2.000000 4.000000 18.000000 C[purple]
-34.267171 24.766539 26.072651 0.390794 -0.865149 -0.314321 0.920478 0.367304 0.133447 -0.000000 -0.341475 0.939891 B 2.000000 4.000000 18.000000 C[purple]
-34.111061 18.742577 43.637725 0.391162 -0.865002 -0.314267 0.920322 0.367650 0.133572 0.000000 -0.341475 0.939891 B 2.000000 4.000000 18.000000 C[purple]
-34.342269 12.562825 60.974163 0.557440 -0.780314 -0.283499 0.830217 0.523932 0.190352 0.000000 -0.341475 0.939891 B 2.000000 4.000000 18.000000 C[purple]
30.236840 -18.758287 -77.187572 0.998262 -0.055387 -0.020123 0.058929 0.938257 0.340882 0.000000 -0.341475 0.939891 B 2.000000 4.000000 18.000000 C[purple]
30.119360 -24.949264 -59.953866 1.000000 -0.000125 -0.000045 0.000133 0.939891 0.341475 0.000000 -0.341475 0.939891 B 2.000000 4.000000 18.000000 C[purple]
30.188089 31.074014 -42.950589 0.930329 0.344683 0.125228 -0.366727 0.874407 0.317684 0.000000 -0.341475 0.939891 B 2.000000 4.000000 18.000000 C[purple]
30.192998 24.645948 -25.949924 0.920335 0.367621 0.133562 -0.391132 0.865014 0.314272 -0.000000 -0.341475 0.939891 B 2.000000 4.000000 18.000000 C[purple]
30.293360 18.495109 -8.567726 0.867348 0.467785 0.169953 -0.497701 0.815213 0.296178 0.000000 -0.341475 0.939891 B 2.000000 4.000000 18.000000 C[purple]
30.617086 11.976315 8.765103 0.870006 0.463405 0.168361 -0.493041 0.817710 0.297086 -0.000000 -0.341475 0.939891 B 2.000000 4.000000 18.000000 C[purple]
30.622395 5.868984 25.899600 0.995851 0.085525 0.031073 -0.090995 0.935991 0.340059 0.000000 -0.341475 0.939891 B 2.000000 4.000000 18.000000 C[purple]
30.763916 -0.623678 42.901467 0.959741 0.264001 0.095915 -0.280885 0.902052 0.327728 0.000000 -0.341475 0.939891 B 2.000000 4.000000 18.000000 C[purple]
30.582678 -6.636795 60.176813 0.926263 0.354224 0.128695 -0.376878 0.870586 0.316296 -0.000000 -0.341475 0.939891 B 2.000000 4.000000 18.000000 C[purple]
30.323396 -12.768426 77.602774 0.956808 0.273245 0.099274 -0.290720 0.899295 0.326726 -0.000000 -0.341475 0.939891 B 2.000000 4.000000 18.000000 C[purple]
-17.557868 29.782489 -77.343873 0.169407 -0.926306 -0.336540 0.985546 0.159224 0.057848 -0.000000 -0.341475 0.939891 B 2.000000 4.000000 18.000000 C[purple]
-17.345155 23.721272 -60.334226 0.383868 -0.867884 -0.315314 0.923388 0.360794 0.131081 0.000000 -0.341475 0.939891 B 2.000000 4.000000 18.000000 C[purple]
-17.469523 17.710307 -43.274911 0.434988 -0.846312 -0.307477 0.900436 0.408841 0.148538 0.000000 -0.341475 0.939891 B 2.000000 4.000000 18.000000 C[purple]
-17.594281 11.196489 -26.220300 0.376494 -0.870733 -0.316349 0.926419 0.353863 0.128563 -0.000000 -0.341475 0.939891 B 2.000000 4.000000 18.000000 C[purple]
-17.352596 5.246101 -9.112928 0.397333 -0.862514 -0.313363 0.917674 0.373450 0.135680 0.000000 -0.341475 0.939891 B 2.000000 4.000000 18.000000 C[purple]
-17.077283 -1.160112 8.251475 0.330508 -0.887072 -0.322286 0.943803 0.310641 0.112860 -0.000000 -0.341475 0.939891 B 2.000000 4.000000 18.000000 C[purple]
-17.372488 -7.305396 25.633237 0.402247 -0.860499 -0.312631 0.915531 0.378068 0.137358 -0.000000 -0.341475 0.939891 B 2.000000 4.000000 18.000000 C[purple]
-17.295684 -13.646681 42.845600 0.320471 -0.890319 -0.323465 0.947258 0.301208 0.109433 -0.000000 -0.341475 0.939891 B 2.000000 4.000000 18.000000 C[purple]
-17.376322 -19.567021 59.912847 0.379338 -0.869641 -0.315953 0.925258 0.356537 0.129535 -0.000000 -0.341475 0.939891 B 2.000000 4.000000 18.000000 C[purple]
-17.448965 -26.010609 77.305060 0.178422 -0.924809 -0.335996 0.983954 0.167697 0.060927 0.000000 -0.341475 0.939891 B 2.000000 4.000000 18.000000 C[purple]
4.465301 25.849980 77.105034 0.217810 -0.917325 -0.333277 0.975991 0.204718 0.074377 0.000000 -0.341475 0.939891 B 2.000000 4.000000 18.000000 C[purple]
4.625275 19.380197 -77.656246 0.199460 -0.921005 -0.334614 0.979906 0.187470 0.068111 0.000000 -0.341475 0.939891 B 2.000000 4.000000 18.000000 C[purple]
4.602625 13.402337 -60.224835 0.322965 -0.889523 -0.323176 0.946411 0.303552 0.110285 -0.000000 -0.341475 0.939891 B 2.000000 4.000000 18.000000 C[purple]
4.394266 7.103243 -43.100711 -0.000317 -0.939891 -0.341475 1.000000 -0.000298 -0.000108 0.000000 -0.341475 0.939891 B 2.000000 4.000000 18.000000 C[purple]
4.346135 0.788936 -25.951928 0.218974 -0.917080 -0.333188 0.975731 0.205811 0.074774 0.000000 -0.341475 0.939891 B 2.000000 4.000000 18.000000 C[purple]
4.180902 -5.574186 -8.354680 0.346036 -0.881825 -0.320379 0.938221 0.325236 0.118163 0.000000 -0.341475 0.939891 B 2.000000 4.000000 18.000000 C[purple]
4.052424 -11.932760 8.748097 0.247513 -0.910646 -0.330850 0.968884 0.232635 0.084520 0.000000 -0.341475 0.939891 B 2.000000 4.000000 18.000000 C[purple]
4.204704 -18.072741 25.707323 -0.130313 -0.931876 -0.338564 0.991473 -0.122480 -0.044499 0.000000 -0.341475 0.939891 B 2.000000 4.000000 18.000000 C[purple]
4.383116 -24.104168 42.875640 -0.342872 -0.882916 -0.320776 0.939382 -0.322262 -0.117082 -0.000000 -0.341475 0.939891 B 2.000000 4.000000 18.000000 C[purple]
4.458081 -30.279409 59.966167 -0.039679 -0.939151 -0.341206 0.999212 -0.037294 -0.013549 0.000000 -0.341475 0.939891 B 2.000000 4.000000 18.000000 C[purple]
49.930189 -2.202303 77.177065 0.967354 0.238196 0.086540 -0.253429 0.909207 0.330328 -0.000000 -0.341475 0.939891 B 2.000000 4.000000 18.000000 C[purple]
49.635339 -8.321614 -77.552429 0.991682 0.120976 0.043952 -0.128712 0.932073 0.338635 -0.000000 -0.341475 0.939891 B 2.000000 4.000000 18.000000 C[purple]
49.722658 -14.666020 -60.394166 0.996756 0.075644 0.027482 -0.080481 0.936842 0.340368 0.000000 -0.341475 0.939891 B 2.000000 4.000000 18.000000 C[purple]
49.489868 -20.879284 -43.309286 0.961216 0.259219 0.094178 -0.275797 0.903438 0.328232 -0.000000 -0.341475 0.939891 B 2.000000 4.000000 18.000000 C[purple]
49.506962 -26.800808 -25.920073 0.981782 0.178592 0.064885 -0.190013 0.922767 0.335254 -0.000000 -0.341475 0.939891 B 2.000000 4.000000 18.000000 C[purple]
49.901460 29.444633 -8.766915 0.992078 0.118069 0.042896 -0.125620 0.932445 0.338770 0.000000 -0.341475 0.939891 B 2.000000 4.000000 18.000000 C[purple]
49.904184 23.424365 8.282685 0.993866 0.103947 0.037765 -0.110594 0.934125 0.339381 0.000000 -0.341475 0.939891 B 2.000000 4.000000 18.000000 C[purple]
49.763903 17.136991 25.363929 0.984814 0.163177 0.059285 -0.173613 0.925617 0.336290 0.000000 -0.341475 0.939891 B 2.000000 4.000000 18.000000 C[purple]
49.893854 10.646837 42.443150 0.960573 0.261316 0.094940 -0.278028 0.902834 0.328012 0.000000 -0.341475 0.939891 B 2.000000 4.000000 18.000000 C[purple]
50.077559 4.357157 59.891993 0.978487 0.193905 0.070449 -0.206306 0.919671 0.334129 0.000000 -0.341475 0.939891 B 2.000000 4.000000 18.000000 C[purple]
-10.972104 -9.005410 77.890662 0.571680 -0.771158 -0.280172 0.820476 0.537317 0.195215 0.000000 -0.341475 0.939891 B 2.000000 4.000000 18.000000 C[purple]
-11.038481 -15.552043 -76.650367 0.521802 -0.801790 -0.291301 0.853067 0.490437 0.178182 0.000000 -0.341475 0.939891 B 2.000000 4.000000 18.000000 C[purple]
-10.976328 -22.141777 -59.649096 0.529145 -0.797527 -0.289753 0.848531 0.497339 0.180690 0.000000 -0.341475 0.939891 B 2.000000 4.000000 18.000000 C[purple]
-10.824186 -28.261948 -42.431191 0.602189 -0.750365 -0.272618 0.798354 0.565992 0.205633 -0.000000 -0.341475 0.939891 B 2.000000 4.000000 18.000000 C[purple]
-11.004429 27.997339 -25.471903 0.391114 -0.865021 -0.314274 0.920342 0.367605 0.133556 -0.000000 -0.341475 0.939891 B 2.000000 4.000000 18.000000 C[purple]
-10.916386 21.925506 -8.346673 0.293066 -0.898622 -0.326482 0.956092 0.275450 0.100075 0.000000 -0.341475 0.939891 B 2.000000 4.000000 18.000000 C[purple]
-10.759992 15.614435 9.080949 0.249682 -0.910122 -0.330660 0.968328 0.234674 0.085260 -0.000000 -0.341475 0.939891 B 2.000000 4.000000 18.000000 C[purple]
-10.600323 9.488257 26.314141 0.338359 -0.884453 -0.321334 0.941017 0.318021 0.115541 -0.000000 -0.341475 0.939891 B 2.000000 4.000000 18.000000 C[purple]
-10.606741 3.561105 43.556328 0.209339 -0.919066 -0.333909 0.977843 0.196756 0.071484 0.000000 -0.341475 0.939891 B 2.000000 4.000000 18.000000 C[purple]
-10.917388 -2.641386 60.538700 0.396804 -0.862729 -0.313441 0.917903 0.372953 0.135499 0.000000 -0.341475 0.939891 B 2.000000 4.000000 18.000000 C[purple]
-19.227401 16.749424 -77.358584 0.921281 0.365521 0.132799 -0.388898 0.865903 0.314595 0.000000 -0.341475 0.939891 B 2.000000 4.000000 18.000000 C[purple]
-19.271809 10.417575 -60.487460 0.945969 0.304767 0.110726 -0.324258 0.889107 0.323025 0.000000 -0.341475 0.939891 B 2.000000 4.000000 18.000000 C[purple]
-19.243403 4.366761 -43.072091 0.913250 0.382911 0.139117 -0.407399 0.858355 0.311852 0.000000 -0.341475 0.939891 B 2.000000 4.000000 18.000000 C[purple]
-19.137758 -1.907155 -25.860133 0.998336 0.054200 0.019692 -0.057667 0.938327 0.340907 -0.000000 -0.341475 0.939891 B 2.000000 4.000000 18.000000 C[purple]
-19.159650 -7.679763 -8.704567 0.994583 0.097697 0.035495 -0.103945 0.934799 0.339626 -0.000000 -0.341475 0.939891 B 2.000000 4.000000 18.000000 C[purple]
-19.236523 -14.093300 8.290816 0.999664 -0.024352 -0.008848 0.025910 0.939575 0.341361 0.000000 -0.341475 0.939891 B 2.000000 4.000000 18.000000 C[purple]
-19.204257 -20.243738 25.621041 0.952646 0.285804 0.103837 -0.304082 0.895383 0.325305 0.000000 -0.341475 0.939891 B 2.000000 4.000000 18.000000 C[purple]
-19.279419 -26.689565 42.836046 0.938439 0.324681 0.117961 -0.345446 0.882030 0.320454 -0.000000 -0.341475 0.939891 B 2.000000 4.000000 18.000000 C[purple]
-19.058780 29.768357 60.041376 0.926123 0.354547 0.128812 -0.377221 0.870455 0.316248 0.000000 -0.341475 0.939891 B 2.000000 4.000000 18.000000 C[purple]
-19.069272 23.233527 77.265134 0.957851 0.269997 0.098094 -0.287264 0.900276 0.327083 0.000000 -0.341475 0.939891 B 2.000000 4.000000 18.000000 C[purple]
-34.992142 -14.112033 77.161282 0.978837 -0.192340 -0.069880 0.204641 0.920000 0.334249 -0.000000 -0.341475 0.939891 B 2.000000 4.000000 18.000000 C[purple]
-35.058210 -20.236549 -77.605525 0.970573 -0.226331 -0.082229 0.240805 0.912233 0.331427 0.000000 -0.341475 0.939891 B 2.000000 4.000000 18.000000 C[purple]
-34.905546 -26.242464 -60.630061 0.999617 -0.026019 -0.009453 0.027683 0.939530 0.341345 0.000000 -0.341475 0.939891 B 2.000000 4.000000 18.000000 C[purple]
-34.857808 30.228137 -43.321813 0.931110 -0.342814 -0.124549 0.364738 0.875142 0.317951 -0.000000 -0.341475 0.939891 B 2.000000 4.000000 18.000000 C[purple]
-34.686327 24.105776 -25.682851 0.937568 -0.326896 -0.118766 0.347802 0.881211 0.320156 0.000000 -0.341475 0.939891 B 2.000000 4.000000 18.000000 C[purple]
-34.817156 17.658302 -8.519698 0.994952 -0.094324 -0.034269 0.100357 0.935146 0.339751 0.000000 -0.341475 0.939891 B 2.000000 4.000000 18.000000 C[purple]
-34.601151 11.187161 8.824245 0.964290 -0.248930 -0.090440 0.264850 0.906327 0.329281 0.000000 -0.341475 0.939891 B 2.000000 4.000000 18.000000 C[purple]
-34.759175 4.631468 25.914235 0.980592 -0.184274 -0.066949 0.196058 0.921650 0.334848 0.000000 -0.341475 0.939891 B 2.000000 4.000000 18.000000 C[purple]
-35.025702 -1.284848 43.106056 0.968175 -0.235230 -0.085462 0.250273 0.909979 0.330608 0.000000 -0.341475 0.939891 B 2.000000 4.000000 18.000000 C[purple]
-35.080911 -7.790789 60.206127 0.916394 -0.376217 -0.136685 0.400277 0.861310 0.312926 -0.000000 -0.341475 0.939891 B 2.000000 4.000000 18.000000 C[purple]
41.715296 -6.244124 -77.451509 -0.016144 -0.939768 -0.341431 0.999870 -0.015174 -0.005513 -0.000000 -0.341475 0.939891 B 2.000000 4.000000 18.000000 C[purple]
41.682385 -12.236675 -60.132661 0.055246 -0.938455 -0.340954 0.998473 0.051925 0.018865 0.000000 -0.341475 0.939891 B 2.000000 4.000000 18.000000 C[purple]
41.671494 -18.604803 -42.899768 -0.280007 -0.902293 -0.327816 0.959998 -0.263176 -0.095616 -0.000000 -0.341475 0.939891 B 2.000000 4.000000 18.000000 C[purple]
41.542411 -24.957844 -25.660811 -0.030126 -0.939464 -0.341320 0.999546 -0.028315 -0.010287 -0.000000 -0.341475 0.939891 B 2.000000 4.000000 18.000000 C[purple]
41.854629 31.083092 -8.344983 -0.232996 -0.914023 -0.332077 0.972478 -0.218991 -0.079562 0.000000 -0.341475 0.939891 B 2.000000 4.000000 18.000000 C[purple]
41.765201 24.812843 8.855892 0.018150 -0.939736 -0.341419 0.999835 0.017059 0.006198 -0.000000 -0.341475 0.939891 B 2.000000 4.000000 18.000000 C[purple]
41.718471 18.317447 26.326556 0.154614 -0.928588 -0.337369 0.987975 0.145320 0.052797 0.000000 -0.341475 0.939891 B 2.000000 4.000000 18.000000 C[purple]
41.742480 12.279383 43.521467 0.154812 -0.928559 -0.337359 0.987944 0.145506 0.052864 -0.000000 -0.341475 0.939891 B 2.000000 4.000000 18.000000 C[purple]
41.356993 6.079045 60.532693 0.135830 -0.931180 -0.338311 0.990732 0.127666 0.046383 0.000000 -0.341475 0.939891 B 2.000000 4.000000 18.000000 C[purple]
41.509108 0.052157 77.637136 0.190867 -0.922612 -0.335198 0.981616 0.179394 0.065176 0.000000 -0.341475 0.939891 B 2.000000 4.000000 18.000000 C[purple]
-9.854563 22.047307 -77.484426 0.999488 0.030068 0.010924 -0.031991 0.939410 0.341301 0.000000 -0.341475 0.939891 B 2.000000 4.000000 18.000000 C[purple]
-9.688612 16.073449 -60.253419 0.983347 -0.170816 -0.062060 0.181740 0.924238 0.335789 0.000000 -0.341475 0.939891 B 2.000000 4.000000 18.000000 C[purple]
-9.987461 9.840526 -43.253114 0.993959 -0.103153 -0.037477 0.109750 0.934213 0.339413 0.000000 -0.341475 0.939891 B 2.000000 4.000000 18.000000 C[purple]
-9.811280 3.494721 -25.726367 0.998596 -0.049784 -0.018087 0.052968 0.938571 0.340996 0.000000 -0.341475 0.939891 B 2.000000 4.000000 18.000000 C[purple]
-9.665082 -2.970978 -8.600739 0.981737 -0.178807 -0.064963 0.190242 0.922726 0.335239 -0.000000 -0.341475 0.939891 B 2.000000 4.000000 18.000000 C[purple]
-9.731215 -9.218822 8.497123 0.999561 -0.027850 -0.010118 0.029632 0.939478 0.341325 -0.000000 -0.341475 0.939891 B 2.000000 4.000000 18.000000 C[purple]
-9.873551 -15.475241 25.551089 0.982589 -0.174625 -0.063444 0.185793 0.923526 0.335530 -0.000000 -0.341475 0.939891 B 2.000000 4.000000 18.000000 C[purple]
-10.076230 -21.682217 42.871734 0.943391 -0.311746 -0.113262 0.331683 0.886684 0.322145 0.000000 -0.341475 0.939891 B 2.000000 4.000000 18.000000 C[purple]
-10.149794 -27.914649 59.868616 0.981496 -0.179972 -0.065386 0.191482 0.922499 0.335157 0.000000 -0.341475 0.939891 B 2.000000 4.000000 18.000000 C[purple]
-10.194901 28.448562 77.109313 0.999985 0.005227 0.001899 -0.005562 0.939876 0.341470 0.000000 -0.341475 0.939891 B 2.000000 4.000000 18.000000 C[purple]
13.366110 23.997502 -77.333616 0.522374 -0.801460 -0.291182 0.852716 0.490975 0.178378 0.000000 -0.341475 0.939891 B 2.000000 4.000000 18.000000 C[purple]
13.041692 17.669347 -60.390964 0.497575 -0.815281 -0.296203 0.867421 0.467666 0.169910 0.000000 -0.341475 0.939891 B 2.000000 4.000000 18.000000 C[purple]
13.038883 11.567546 -42.942379 0.608322 -0.745982 -0.271026 0.793690 0.571757 0.207727 0.000000 -0.341475 0.939891 B 2.000000 4.000000 18.000000 C[purple]
13.157790 5.279378 -25.960198 0.606642 -0.747190 -0.271464 0.794975 0.570177 0.207153 -0.000000 -0.341475 0.939891 B 2.000000 4.000000 18.000000 C[purple]
13.125416 -1.231222 -8.688396 0.682069 -0.687331 -0.249717 0.731288 0.641070 0.232910 -0.000000 -0.341475 0.939891 B 2.000000 4.000000 18.000000 C[purple]
13.194309 -7.467148 8.748077 0.449374 -0.839646 -0.305055 0.893344 0.422362 0.153450 0.000000 -0.341475 0.939891 B 2.000000 4.000000 18.000000 C[purple]
13.468443 -13.480890 25.772441 0.405922 -0.858973 -0.312077 0.913908 0.381522 0.138612 0.000000 -0.341475 0.939891 B 2.000000 4.000000 18.000000 C[purple]
13.276156 -19.524935 42.914561 0.479143 -0.824977 -0.299726 0.877737 0.450342 0.163616 0.000000 -0.341475 0.939891 B 2.000000 4.000000 18.000000 C[purple]
13.429927 -25.636047 60.426638 0.304496 -0.895259 -0.325260 0.952514 0.286193 0.103978 -0.000000 -0.341475 0.939891 B 2.000000 4.000000 18.000000 C[purple]
13.387169 30.433596 77.349598 0.293284 -0.898559 -0.326459 0.956025 0.275655 0.100149 -0.000000 -0.341475 0.939891 B 2.000000 4.000000 18.000000 C[purple]
-49.157780 -14.344873 -77.482328 0.994899 0.094814 0.034447 -0.100878 0.935096 0.339733 0.000000 -0.341475 0.939891 B 2.000000 4.000000 18.000000 C[purple]
-48.947318 -20.600136 -60.140057 0.955365 0.277669 0.100881 -0.295427 0.897939 0.326234 0.000000 -0.341475 0.939891 B 2.000000 4.000000 18.000000 C[purple]
-48.817504 -26.903237 -43.136801 0.963546 0.251460 0.091359 -0.267542 0.905628 0.329027 0.000000 -0.341475 0.939891 B 2.000000 4.000000 18.000000 C[purple]
-49.101009 29.523360 -26.013293 0.989357 0.136762 0.049687 -0.145508 0.929888 0.337841 0.000000 -0.341475 0.939891 B 2.000000 4.000000 18.000000 C[purple]
-49.184030 23.430679 -8.874658 0.840195 0.509688 0.185177 -0.542284 0.789692 0.286906 0.000000 -0.341475 0.939891 B 2.000000 4.000000 18.000000 C[purple]
-49.242727 17.231010 8.493354 0.951378 0.289512 0.105184 -0.308027 0.894191 0.324872 0.000000 -0.341475 0.939891 B 2.000000 4.000000 18.000000 C[purple]
-49.283041 10.986347 25.771361 0.833580 0.519195 0.188631 -0.552399 0.783474 0.284647 0.000000 -0.341475 0.939891 B 2.000000 4.000000 18.000000 C[purple]
-49.296749 4.925465 42.845553 0.619302 0.737958 0.268110 -0.785153 0.582076 0.211476 0.000000 -0.341475 0.939891 B 2.000000 4.000000 18.000000 C[purple]
-49.144136 -1.473684 60.060745 0.882510 0.442025 0.160594 -0.470294 0.829463 0.301355 0.000000 -0.341475 0.939891 B 2.000000 4.000000 18.000000 C[purple]
-49.044888 -7.835066 77.478122 0.971741 0.221861 0.080605 -0.236049 0.913330 0.331826 -0.000000 -0.341475 0.939891 B 2.000000 4.000000 18.000000 C[purple]
-30.629570 29.922697 -77.668245 0.498455 -0.814806 -0.296030 0.866915 0.468493 0.170210 0.000000 -0.341475 0.939891 B 2.000000 4.000000 18.000000 C[purple]
-30.898404 23.879346 -60.408419 0.588799 -0.759694 -0.276007 0.808279 0.553407 0.201061 0.000000 -0.341475 0.939891 B 2.000000 4.000000 18.000000 C[purple]
-30.702024 17.932470 -43.132473 0.640655 -0.721675 -0.262195 0.767829 0.602145 0.218768 -0.000000 -0.341475 0.939891 B 2.000000 4.000000 18.000000 C[purple]
-31.072410 11.474036 -26.182523 0.637398 -0.724219 -0.263119 0.770535 0.599084 0.217656 0.000000 -0.341475 0.939891 B 2.000000 4.000000 18.000000 C[purple]
-30.794833 5.157043 -8.651298 0.616697 -0.739882 -0.268810 0.787201 0.579628 0.210587 -0.000000 -0.341475 0.939891 B 2.000000 4.000000 18.000000 C[purple]
-30.568772 -0.875509 8.714439 0.469375 -0.829922 -0.301522 0.882999 0.441161 0.160280 0.000000 -0.341475 0.939891 B 2.000000 4.000000 18.000000 C[purple]
-30.572842 -7.330037 26.014114 0.376780 -0.870623 -0.316310 0.926303 0.354132 0.128661 0.000000 -0.341475 0.939891 B 2.000000 4.000000 18.000000 C[purple]
-30.606527 -13.628025 42.990100 0.404363 -0.859623 -0.312313 0.914599 0.380057 0.138080 -0.000000 -0.341475 0.939891 B 2.000000 4.000000 18.000000 C[purple]
-30.376487 -20.116309 60.197489 0.280251 -0.902226 -0.327791 0.959927 0.263405 0.095699 0.000000 -0.341475 0.939891 B 2.000000 4.000000 18.000000 C[purple]
-30.223656 -26.302929 77.233900 0.362641 -0.875911 -0.318231 0.931929 0.340843 0.123833 0.000000 -0.341475 0.939891 B 2.000000 4.000000 18.000000 C[purple]
49.223151 -27.507203 76.936694 0.996068 0.083270 0.030253 -0.088596 0.936195 0.340133 0.000000 -0.341475 0.939891 B 2.000000 4.000000 18.000000 C[purple]
49.070054 28.789174 -77.747356 0.999517 -0.029222 -0.010617 0.031091 0.939436 0.341310 -0.000000 -0.341475 0.939891 B 2.000000 4.000000 18.000000 C[purple]
49.119834 22.329372 -60.204452 0.996907 0.073870 0.026838 -0.078594 0.936983 0.340419 0.000000 -0.341475 0.939891 B 2.000000 4.000000 18.000000 C[purple]
49.341729 16.285240 -42.946834 0.990278 -0.130739 -0.047499 0.139101 0.930753 0.338156 -0.000000 -0.341475 0.939891 B 2.000000 4.000000 18.000000 C[purple]
49.252943 10.455612 -25.760115 0.968320 -0.234703 -0.085271 0.249713 0.910115 0.330657 0.000000 -0.341475 0.939891 B 2.000000 4.000000 18.000000 C[purple]
49.193215 3.865387 -8.520804 0.907497 -0.394810 -0.143440 0.420059 0.852948 0.309888 -0.000000 -0.341475 0.939891 B 2.000000 4.000000 18.000000 C[purple]
49.531884 -2.567233 8.571186 0.928251 -0.349597 -0.127014 0.371955 0.872454 0.316975 -0.000000 -0.341475 0.939891 B 2.000000 4.000000 18.000000 C[purple]
49.453501 -8.790833 25.541760 0.980098 -0.186580 -0.067787 0.198512 0.921185 0.334680 -0.000000 -0.341475 0.939891 B 2.000000 4.000000 18.000000 C[purple]
49.090455 -15.273700 42.751082 0.977240 -0.199383 -0.072439 0.212135 0.918499 0.333704 0.000000 -0.341475 0.939891 B 2.000000 4.000000 18.000000 C[purple]
49.130433 -21.161613 59.859819 0.998133 -0.057412 -0.020859 0.061084 0.938136 0.340838 0.000000 -0.341475 0.939891 B 2.000000 4.000000 18.000000 C[purple]
-46.143991 23.090767 -77.650207 0.985380 0.160132 0.058178 -0.170373 0.926149 0.336483 0.000000 -0.341475 0.939891 B 2.000000 4.000000 18.000000 C[purple]
-46.138751 16.638473 -60.268415 0.917529 0.373765 0.135794 -0.397668 0.862377 0.313314 -0.000000 -0.341475 0.939891 B 2.000000 4.000000 18.000000 C[purple]
-45.852654 10.359752 -43.067117 0.918463 0.371733 0.135056 -0.395507 0.863255 0.313633 0.000000 -0.341475 0.939891 B 2.000000 4.000000 18.000000 C[purple]
-45.828078 3.822685 -26.181178 0.971647 0.222225 0.080737 -0.236437 0.913242 0.331793 0.000000 -0.341475 0.939891 B 2.000000 4.000000 18.000000 C[purple]
-46.103563 -2.309924 -8.982738 0.999609 0.026285 0.009550 -0.027967 0.939523 0.341342 -0.000000 -0.341475 0.939891 B 2.000000 4.000000 18.000000 C[purple]
-46.127789 -8.240735 8.481650 0.997768 -0.062764 -0.022803 0.066778 0.937793 0.340713 0.000000 -0.341475 0.939891 B 2.000000 4.000000 18.000000 C[purple]
-46.179389 -14.612846 25.673414 0.956317 0.274759 0.099824 -0.292331 0.898834 0.326559 -0.000000 -0.341475 0.939891 B 2.000000 4.000000 18.000000 C[purple]
-46.328017 -20.570526 43.063709 0.909991 0.389705 0.141585 -0.414628 0.855292 0.310739 -0.000000 -0.341475 0.939891 B 2.000000 4.000000 18.000000 C[purple]
-46.106693 -27.069497 60.242847 0.945776 0.305295 0.110918 -0.324820 0.888926 0.322959 0.000000 -0.341475 0.939891 B 2.000000 4.000000 18.000000 C[purple]
-46.192728 29.631271 77.372696 0.956280 0.274875 0.099866 -0.292454 0.898798 0.326546 0.000000 -0.341475 0.939891 B 2.000000 4.000000 18.000000 C[purple]
24.407526 -6.504373 77.085054 0.067740 0.937732 0.340691 -0.997703 0.063668 0.023131 0.000000 -0.341475 0.939891 B 2.000000 4.000000 18.000000 C[purple]
24.516945 -12.829887 -77.441052 0.149171 0.929375 0.337655 -0.988811 0.140205 0.050938 -0.000000 -0.341475 0.939891 B 2.000000 4.000000 18.000000 C[purple]
24.293218 -19.117870 -60.154387 0.415789 0.854794 0.310559 -0.909461 0.390796 0.141982 0.000000 -0.341475 0.939891 B 2.000000 4.000000 18.000000 C[purple]
24.624312 -25.499641 -42.824775 0.188744 0.922997 0.335338 -0.982026 0.177399 0.064451 -0.000000 -0.341475 0.939891 B 2.000000 4.000000 18.000000 C[purple]
24.805450 30.926277 -25.841499 0.216352 0.917630 0.333388 -0.976315 0.203348 0.073879 -0.000000 -0.341475 0.939891 B 2.000000 4.000000 18.000000 C[purple]
24.747745 24.622097 -8.891350 0.220652 0.916725 0.333059 -0.975352 0.207389 0.075347 0.000000 -0.341475 0.939891 B 2.000000 4.000000 18.000000 C[purple]
24.488953 18.299158 8.522455 0.448179 0.840209 0.305260 -0.893944 0.421240 0.153042 0.000000 -0.341475 0.939891 B 2.000000 4.000000 18.000000 C[purple]
24.720887 12.117899 25.691358 0.357785 0.877674 0.318871 -0.933804 0.336278 0.122175 -0.000000 -0.341475 0.939891 B 2.000000 4.000000 18.000000 C[purple]
24.545821 6.167998 42.902457 0.330541 0.887061 0.322282 -0.943792 0.310672 0.112872 0.000000 -0.341475 0.939891 B 2.000000 4.000000 18.000000 C[purple]
24.436275 -0.171439 59.841063 0.162286 0.927431 0.336949 -0.986744 0.152531 0.055417 0.000000 -0.341475 0.939891 B 2.000000 4.000000 18.000000 C[purple]
19.546273 -26.387694 77.049152 0.885040 -0.437532 -0.158962 0.465514 0.831841 0.302220 0.000000 -0.341475 0.939891 B 2.000000 4.000000 18.000000 C[purple]
19.481802 30.015751 -77.937655 0.795476 -0.569559 -0.206929 0.605985 0.747661 0.271636 0.000000 -0.341475 0.939891 B 2.000000 4.000000 18.000000 C[purple]
19.534199 23.662530 -60.651393 0.849033 -0.496581 -0.180415 0.528339 0.797998 0.289924 0.000000 -0.341475 0.939891 B 2.000000 4.000000 18.000000 C[purple]
19.451368 17.619839 -43.418595 0.924448 -0.358388 -0.130207 0.381308 0.868880 0.315676 -0.000000 -0.341475 0.939891 B 2.000000 4.000000 18.000000 C[purple]
19.497408 11.094789 -26.041004 0.982962 -0.172760 -0.062766 0.183808 0.923877 0.335657 -0.000000 -0.341475 0.939891 B 2.000000 4.000000 18.000000 C[purple]
19.475161 4.832464 -8.782378 0.850933 -0.493700 -0.179368 0.525274 0.799784 0.290573 -0.000000 -0.341475 0.939891 B 2.000000 4.000000 18.000000 C[purple]
19.673481 -1.314306 8.239429 0.931653 -0.341510 -0.124075 0.363351 0.875652 0.318136 0.000000 -0.341475 0.939891 B 2.000000 4.000000 18.000000 C[purple]
19.582026 -7.453004 25.426670 0.803890 -0.559027 -0.203102 0.594778 0.755569 0.274509 -0.000000 -0.341475 0.939891 B 2.000000 4.000000 18.000000 C[purple]
19.662956 -13.366301 42.828897 0.896909 -0.415635 -0.151006 0.442216 0.842996 0.306272 0.000000 -0.341475 0.939891 B 2.000000 4.000000 18.000000 C[purple]
19.416549 -19.926245 59.881193 0.952390 -0.286556 -0.104110 0.304882 0.895143 0.325218 0.000000 -0.341475 0.939891 B 2.000000 4.000000 18.000000 C[purple]
39.975011 9.938799 76.928035 0.810397 -0.550664 -0.200064 0.585881 0.761684 0.276731 -0.000000 -0.341475 0.939891 B 2.000000 4.000000 18.000000 C[purple]
39.940047 3.643147 -78.035602 0.526667 -0.798974 -0.290279 0.850072 0.495010 0.179844 0.000000 -0.341475 0.939891 B 2.000000 4.000000 18.000000 C[purple]
40.309512 -2.638040 -60.767355 0.545572 -0.787688 -0.286178 0.838064 0.512778 0.186299 0.000000 -0.341475 0.939891 B 2.000000 4.000000 18.000000 C[purple]
40.350972 -8.853110 -43.873105 0.723707 -0.648625 -0.235655 0.690107 0.680206 0.247128 0.000000 -0.341475 0.939891 B 2.000000 4.000000 18.000000 C[purple]
40.385525 -14.936969 -26.881391 0.775213 -0.593729 -0.215710 0.631700 0.728616 0.264716 0.000000 -0.341475 0.939891 B 2.000000 4.000000 18.000000 C[purple]
40.380805 -20.997751 -9.814495 0.774940 -0.594044 -0.215825 0.632035 0.728358 0.264623 0.000000 -0.341475 0.939891 B 2.000000 4.000000 18.000000 C[purple]
40.636507 -27.319735 7.469059 0.771792 -0.597653 -0.217136 0.635875 0.725400 0.263548 -0.000000 -0.341475 0.939891 B 2.000000 4.000000 18.000000 C[purple]
40.606670 29.088650 25.054713 0.832115 -0.521266 -0.189383 0.554603 0.782097 0.284147 0.000000 -0.341475 0.939891 B 2.000000 4.000000 18.000000 C[purple]
40.309889 22.670172 42.321561 0.721987 -0.650316 -0.236269 0.691906 0.678589 0.246541 -0.000000 -0.341475 0.939891 B 2.000000 4.000000 18.000000 C[purple]
40.080913 16.257295 59.823092 0.816200 -0.543041 -0.197294 0.577770 0.767138 0.278712 -0.000000 -0.341475 0.939891 B 2.000000 4.000000 18.000000 C[purple]
16.403745 -5.890698 -77.440605 0.195056 0.921837 0.334916 -0.980792 0.183331 0.066607 0.000000 -0.341475 0.939891 B 2.000000 4.000000 18.000000 C[purple]
16.627147 -11.992576 -60.430649 0.044987 0.938939 0.341130 -0.998988 0.042283 0.015362 -0.000000 -0.341475 0.939891 B 2.000000 4.000000 18.000000 C[purple]
16.741329 -18.395890 -43.232197 0.319175 0.890730 0.323615 -0.947696 0.299990 0.108990 -0.000000 -0.341475 0.939891 B 2.000000 4.000000 18.000000 C[purple]
17.033742 -24.728663 -25.713642 0.401486 0.860813 0.312745 -0.915865 0.377353 0.137098 0.000000 -0.341475 0.939891 B 2.000000 4.000000 18.000000 C[purple]
17.218906 -30.916077 -8.312908 0.189257 0.922905 0.335304 -0.981928 0.177881 0.064627 0.000000 -0.341475 0.939891 B 2.000000 4.000000 18.000000 C[purple]
17.190385 25.441614 8.739738 0.277973 0.902848 0.328017 -0.960589 0.261265 0.094921 0.000000 -0.341475 0.939891 B 2.000000 4.000000 18.000000 C[purple]
17.057700 19.070257 26.116400 -0.042992 0.939022 0.341160 -0.999075 -0.040408 -0.014681 0.000000 -0.341475 0.939891 B 2.000000 4.000000 18.000000 C[purple]
17.028355 12.951349 43.101111 -0.149934 0.929266 0.337615 -0.988696 -0.140921 -0.051199 -0.000000 -0.341475 0.939891 B 2.000000 4.000000 18.000000 C[purple]
16.860264 6.600322 60.117617 0.109898 0.934198 0.339407 -0.993943 0.103292 0.037527 -0.000000 -0.341475 0.939891 B 2.000000 4.000000 18.000000 C[purple]
16.598910 0.509265 77.308700 0.009451 0.939849 0.341460 -0.999955 0.008883 0.003227 0.000000 -0.341475 0.939891 B 2.000000 4.000000 18.000000 C[purple]
-0.914948 31.037318 -77.813516 0.762290 0.608331 0.221015 -0.647236 0.716469 0.260303 0.000000 -0.341475 0.939891 B 2.000000 4.000000 18.000000 C[purple]
-0.950571 24.702416 -60.893182 0.882415 0.442192 0.160654 -0.470472 0.829374 0.301323 -0.000000 -0.341475 0.939891 B 2.000000 4.000000 18.000000 C[purple]
-1.003449 18.568105 -43.442736 0.921475 0.365090 0.132642 -0.388439 0.866085 0.314661 -0.000000 -0.341475 0.939891 B 2.000000 4.000000 18.000000 C[purple]
-0.916198 12.744756 -26.256935 0.937944 0.325942 0.118419 -0.346787 0.881565 0.320285 -0.000000 -0.341475 0.939891 B 2.000000 4.000000 18.000000 C[purple]
-0.839968 6.656814 -9.121429 0.815222 0.544336 0.197765 -0.579148 0.766220 0.278378 -0.000000 -0.341475 0.939891 B 2.000000 4.000000 18.000000 C[purple]
-0.887029 0.213774 8.259928 0.843338 0.505081 0.183503 -0.537383 0.792646 0.287979 0.000000 -0.341475 0.939891 B 2.000000 4.000000 18.000000 C[purple]
-0.746393 -6.078459 25.637938 0.777750 0.590791 0.214643 -0.628574 0.731000 0.265582 0.000000 -0.341475 0.939891 B 2.000000 4.000000 18.000000 C[purple]
-0.800487 -12.677564 43.039831 0.734711 0.637603 0.231650 -0.678380 0.690548 0.250886 0.000000 -0.341475 0.939891 B 2.000000 4.000000 18.000000 C[purple]
-0.731537 -19.113056 59.916399 0.867414 0.467678 0.169914 -0.497587 0.815274 0.296201 -0.000000 -0.341475 0.939891 B 2.000000 4.000000 18.000000 C[purple]
-1.003573 -25.409080 77.021831 0.831609 0.521979 0.189642 -0.555361 0.781622 0.283974 0.000000 -0.341475 0.939891 B 2.000000 4.000000 18.000000 C[purple]
17.876806 27.984079 77.491210 0.992961 0.111322 0.040445 -0.118441 0.933275 0.339072 0.000000 -0.341475 0.939891 B 2.000000 4.000000 18.000000 C[purple]
17.495202 21.640032 -77.443582 0.986829 0.152043 0.055240 -0.161767 0.927511 0.336978 -0.000000 -0.341475 0.939891 B 2.000000 4.000000 18.000000 C[purple]
17.480335 15.107170 -59.978188 0.994254 0.100614 0.036555 -0.107049 0.934490 0.339513 -0.000000 -0.341475 0.939891 B 2.000000 4.000000 18.000000 C[purple]
17.543642 8.806642 -42.943732 0.980531 0.184560 0.067053 -0.196363 0.921592 0.334827 -0.000000 -0.341475 0.939891 B 2.000000 4.000000 18.000000 C[purple]
17.583320 2.606603 -25.910867 0.984977 -0.162305 -0.058968 0.172685 0.925771 0.336345 0.000000 -0.341475 0.939891 B 2.000000 4.000000 18.000000 C[purple]
17.663671 -3.233950 -8.791241 0.940290 -0.319916 -0.116230 0.340375 0.883769 0.321086 -0.000000 -0.341475 0.939891 B 2.000000 4.000000 18.000000 C[purple]
17.589012 -9.698604 8.338618 0.999716 0.022382 0.008132 -0.023813 0.939624 0.341379 0.000000 -0.341475 0.939891 B 2.000000 4.000000 18.000000 C[purple]
17.625808 -16.143239 25.572152 0.995762 -0.086434 -0.031403 0.091962 0.935908 0.340028 0.000000 -0.341475 0.939891 B 2.000000 4.000000 18.000000 C[purple]
17.558314 -21.994699 42.725080 0.999776 0.019883 0.007224 -0.021155 0.939680 0.341399 0.000000 -0.341475 0.939891 B 2.000000 4.000000 18.000000 C[purple]
17.884120 -28.196616 59.811897 0.988714 0.140812 0.051159 -0.149817 0.929283 0.337621 0.000000 -0.341475 0.939891 B 2.000000 4.000000 18.000000 C[purple]
21.749564 -6.048372 -77.795778 0.823325 0.533454 0.193811 -0.567571 0.773835 0.281145 0.000000 -0.341475 0.939891 B 2.000000 4.000000 18.000000 C[purple]
21.495244 -12.182638 -60.385510 0.918026 0.372687 0.135402 -0.396521 0.862844 0.313483 0.000000 -0.341475 0.939891 B 2.000000 4.000000 18.000000 C[purple]
21.366236 -18.472399 -43.137986 0.976830 0.201151 0.073081 -0.214015 0.918114 0.333564 -0.000000 -0.341475 0.939891 B 2.000000 4.000000 18.000000 C[purple]
21.228569 -24.435356 -25.876342 0.999520 -0.029121 -0.010580 0.030983 0.939439 0.341311 -0.000000 -0.341475 0.939891 B 2.000000 4.000000 18.000000 C[purple]
21.303780 -30.334235 -8.616232 0.993824 0.104301 0.037894 -0.110972 0.934086 0.339366 -0.000000 -0.341475 0.939891 B 2.000000 4.000000 18.000000 C[purple]
21.471467 25.714831 8.637280 0.910220 0.389233 0.141414 -0.414126 0.855507 0.310818 0.000000 -0.341475 0.939891 B 2.000000 4.000000 18.000000 C[purple]
21.301931 19.696194 26.082127 0.954806 0.279365 0.101497 -0.297231 0.897413 0.326043 0.000000 -0.341475 0.939891 B 2.000000 4.000000 18.000000 C[purple]
21.381696 13.329846 43.283083 0.838760 0.511772 0.185934 -0.544502 0.788343 0.286416 0.000000 -0.341475 0.939891 B 2.000000 4.000000 18.000000 C[purple]
21.597090 6.976884 60.264671 0.696353 0.674559 0.245077 -0.717699 0.654496 0.237787 -0.000000 -0.341475 0.939891 B 2.000000 4.000000 18.000000 C[purple]
21.897456 0.453328 77.337257 0.798583 0.565706 0.205529 -0.601885 0.750580 0.272696 0.000000 -0.341475 0.939891 B 2.000000 4.000000 18.000000 C[purple]
6.088964 30.336296 77.619699 0.271395 0.904615 0.328659 -0.962468 0.255082 0.092675 -0.000000 -0.341475 0.939891 B 2.000000 4.000000 18.000000 C[purple]
6.174727 24.443071 -77.086525 0.316023 0.891723 0.323975 -0.948751 0.297027 0.107914 0.000000 -0.341475 0.939891 B 2.000000 4.000000 18.000000 C[purple]
5.893499 18.371681 -59.952664 0.312799 0.892726 0.324340 -0.949819 0.293997 0.106813 0.000000 -0.341475 0.939891 B 2.000000 4.000000 18.000000 C[purple]
6.207606 12.002119 -43.031627 0.310535 0.893424 0.324593 -0.950562 0.291869 0.106040 -0.000000 -0.341475 0.939891 B 2.000000 4.000000 18.000000 C[purple]
6.252289 5.753925 -25.409127 0.221464 0.916552 0.332996 -0.975169 0.208152 0.075625 -0.000000 -0.341475 0.939891 B 2.000000 4.000000 18.000000 C[purple]
6.319107 -0.506865 -8.312723 0.097833 0.935382 0.339837 -0.995203 0.091952 0.033408 -0.000000 -0.341475 0.939891 B 2.000000 4.000000 18.000000 C[purple]
6.167654 -7.004607 9.008285 0.002130 0.939889 0.341475 -0.999998 0.002002 0.000727 0.000000 -0.341475 0.939891 B 2.000000 4.000000 18.000000 C[purple]
6.239985 -13.002664 26.040566 -0.050598 0.938687 0.341038 -0.998719 -0.047556 -0.017278 0.000000 -0.341475 0.939891 B 2.000000 4.000000 18.000000 C[purple]
