7.825520 29.287729 77.521789 0.273294 0.904110 0.328476 -0.961930 0.256867 0.093323 -0.000000 -0.341475 0.939891 B 2.000000 4.000000 18.000000 C[purple]
7.722168 23.229554 -77.460654 0.500690 0.813594 0.295590 -0.865627 0.470594 0.170973 0.000000 -0.341475 0.939891 B 2.000000 4.000000 18.000000 C[purple]
7.450971 17.075167 -59.941733 0.517791 0.804083 0.292135 -0.855507 0.486667 0.176813 -0.000000 -0.341475 0.939891 B 2.000000 4.000000 18.000000 C[purple]
7.884202 10.814318 -42.901883 0.549087 0.785528 0.285393 -0.835765 0.516082 0.187500 -0.000000 -0.341475 0.939891 B 2.000000 4.000000 18.000000 C[purple]
7.889203 4.514802 -25.877719 0.451121 0.838818 0.304754 -0.892463 0.424004 0.154047 -0.000000 -0.341475 0.939891 B 2.000000 4.000000 18.000000 C[purple]
7.650461 -1.964691 -8.436371 0.477232 0.825955 0.300081 -0.878777 0.448546 0.162963 0.000000 -0.341475 0.939891 B 2.000000 4.000000 18.000000 C[purple]
7.713523 -8.288532 8.854564 0.507777 0.809705 0.294177 -0.861489 0.477255 0.173393 -0.000000 -0.341475 0.939891 B 2.000000 4.000000 18.000000 C[purple]
7.812985 -14.506898 25.786502 0.303829 0.895459 0.325333 -0.952727 0.285566 0.103750 0.000000 -0.341475 0.939891 B 2.000000 4.000000 18.000000 C[purple]
8.104808 -20.888353 43.149842 0.137004 0.931028 0.338255 -0.990570 0.128769 0.046784 -0.000000 -0.341475 0.939891 B 2.000000 4.000000 18.000000 C[purple]
7.748433 -27.122597 60.291540 0.116199 0.933524 0.339162 -0.993226 0.109214 0.039679 0.000000 -0.341475 0.939891 B 2.000000 4.000000 18.000000 C[purple]
48.387710 29.083020 77.384455 0.737496 0.634757 0.230616 -0.675352 0.693165 0.251837 -0.000000 -0.341475 0.939891 B 2.000000 4.000000 18.000000 C[purple]
48.188903 23.147447 -77.492330 0.655534 0.709773 0.257870 -0.755166 0.616130 0.223849 0.000000 -0.341475 0.939891 B 2.000000 4.000000 18.000000 C[purple]
48.144754 17.001984 -59.967887 0.735494 0.636806 0.231360 -0.677532 0.691284 0.251153 -0.000000 -0.341475 0.939891 B 2.000000 4.000000 18.000000 C[purple]
48.077096 11.013611 -42.496680 0.722553 0.649761 0.236067 -0.691316 0.679121 0.246734 0.000000 -0.341475 0.939891 B 2.000000 4.000000 18.000000 C[purple]
47.820989 4.773759 -25.544014 0.809112 0.552332 0.200670 -0.587655 0.760476 0.276292 0.000000 -0.341475 0.939891 B 2.000000 4.000000 18.000000 C[purple]
48.266256 -1.617926 -8.462483 0.803246 0.559843 0.203399 -0.595647 0.754964 0.274289 -0.000000 -0.341475 0.939891 B 2.000000 4.000000 18.000000 C[purple]
48.092378 -8.007434 9.143045 0.763562 0.606919 0.220502 -0.645734 0.717665 0.260738 -0.000000 -0.341475 0.939891 B 2.000000 4.000000 18.000000 C[purple]
47.730356 -14.139901 26.091046 0.724878 0.647469 0.235235 -0.688877 0.681306 0.247528 -0.000000 -0.341475 0.939891 B 2.000000 4.000000 18.000000 C[purple]
48.095566 -20.470869 43.220845 0.803343 0.559721 0.203354 -0.595517 0.755054 0.274322 0.000000 -0.341475 0.939891 B 2.000000 4.000000 18.000000 C[purple]
48.318101 -26.780450 60.148555 0.785646 0.581489 0.211263 -0.618677 0.738421 0.268279 -0.000000 -0.341475 0.939891 B 2.000000 4.000000 18.000000 C[purple]
18.875764 13.956934 77.157996 -0.484954 0.821972 0.298634 -0.874540 -0.455804 -0.165600 -0.000000 -0.341475 0.939891 B 2.000000 4.000000 18.000000 C[purple]
18.509890 7.698351 -77.648717 -0.473227 0.827988 0.300819 -0.880940 -0.444782 -0.161596 -0.000000 -0.341475 0.939891 B 2.000000 4.000000 18.000000 C[purple]
18.816405 1.544521 -60.272025 -0.321717 0.889922 0.323321 -0.946836 -0.302379 -0.109859 -0.000000 -0.341475 0.939891 B 2.000000 4.000000 18.000000 C[purple]
18.802188 -4.576738 -42.957193 -0.541684 0.790055 0.287038 -0.840582 -0.509124 -0.184972 -0.000000 -0.341475 0.939891 B 2.000000 4.000000 18.000000 C[purple]
19.228087 -10.922186 -25.921019 -0.519231 0.803262 0.291836 -0.854634 -0.488021 -0.177305 0.000000 -0.341475 0.939891 B 2.000000 4.000000 18.000000 C[purple]
19.418022 -17.265092 -9.057096 -0.481543 0.823741 0.299277 -0.876423 -0.452598 -0.164435 -0.000000 -0.341475 0.939891 B 2.000000 4.000000 18.000000 C[purple]
19.532378 -23.178244 8.068304 -0.365079 0.875016 0.317906 -0.930976 -0.343135 -0.124666 0.000000 -0.341475 0.939891 B 2.000000 4.000000 18.000000 C[purple]
19.344871 -29.700469 25.521370 -0.325064 0.888847 0.322931 -0.945692 -0.305525 -0.111001 0.000000 -0.341475 0.939891 B 2.000000 4.000000 18.000000 C[purple]
18.965736 26.612582 42.502841 -0.288269 0.899992 0.326980 -0.957550 -0.270941 -0.098437 -0.000000 -0.341475 0.939891 B 2.000000 4.000000 18.000000 C[purple]
18.746077 20.269549 60.001390 -0.325698 0.888642 0.322856 -0.945474 -0.306121 -0.111218 -0.000000 -0.341475 0.939891 B 2.000000 4.000000 18.000000 C[purple]
-19.844149 -20.761788 -77.694947 0.952136 0.287301 0.104381 -0.305675 0.894904 0.325131 -0.000000 -0.341475 0.939891 B 2.000000 4.000000 18.000000 C[purple]
-19.782698 -27.406168 -60.546643 0.967468 0.237786 0.086391 -0.252993 0.909314 0.330367 -0.000000 -0.341475 0.939891 B 2.000000 4.000000 18.000000 C[purple]
-19.813351 28.928273 -43.181937 0.995694 0.087132 0.031656 -0.092705 0.935843 0.340005 -0.000000 -0.341475 0.939891 B 2.000000 4.000000 18.000000 C[purple]
-20.005769 22.690298 -25.922345 0.943621 0.311131 0.113038 -0.331029 0.886900 0.322223 0.000000 -0.341475 0.939891 B 2.000000 4.000000 18.000000 C[purple]
-20.132369 16.412962 -8.594937 0.950956 0.290732 0.105627 -0.309325 0.893795 0.324728 -0.000000 -0.341475 0.939891 B 2.000000 4.000000 18.000000 C[purple]
-19.866174 10.040133 8.380036 0.976995 0.200441 0.072823 -0.213260 0.918269 0.333620 -0.000000 -0.341475 0.939891 B 2.000000 4.000000 18.000000 C[purple]
-19.934323 3.844542 25.369610 0.979703 0.188407 0.068451 -0.200456 0.920813 0.334544 -0.000000 -0.341475 0.939891 B 2.000000 4.000000 18.000000 C[purple]
-19.787414 -2.312884 42.831528 0.905540 0.398758 0.144874 -0.424260 0.851109 0.309220 -0.000000 -0.341475 0.939891 B 2.000000 4.000000 18.000000 C[purple]
-19.991632 -8.321505 60.084101 0.765825 0.604396 0.219585 -0.643049 0.719792 0.261510 0.000000 -0.341475 0.939891 B 2.000000 4.000000 18.000000 C[purple]
-19.676542 -14.555228 77.254839 0.876734 0.452064 0.164241 -0.480975 0.824034 0.299383 -0.000000 -0.341475 0.939891 B 2.000000 4.000000 18.000000 C[purple]
27.955330 -15.306436 77.182951 0.941303 0.317271 0.115269 -0.337561 0.884722 0.321432 0.000000 -0.341475 0.939891 B 2.000000 4.000000 18.000000 C[purple]
27.560292 -21.313206 -77.643422 0.953914 0.282044 0.102470 -0.300082 0.896574 0.325738 -0.000000 -0.341475 0.939891 B 2.000000 4.000000 18.000000 C[purple]
27.927900 -27.632805 -60.639360 0.952733 0.285548 0.103743 -0.303809 0.895465 0.325335 -0.000000 -0.341475 0.939891 B 2.000000 4.000000 18.000000 C[purple]
28.016333 28.513302 -43.126493 0.868221 0.466353 0.169432 -0.496177 0.816033 0.296476 -0.000000 -0.341475 0.939891 B 2.000000 4.000000 18.000000 C[purple]
28.201931 21.958311 -25.693270 0.896432 0.416543 0.151336 -0.443182 0.842548 0.306109 -0.000000 -0.341475 0.939891 B 2.000000 4.000000 18.000000 C[purple]
27.991340 16.090791 -8.440855 0.937341 0.327471 0.118975 -0.348413 0.880998 0.320079 0.000000 -0.341475 0.939891 B 2.000000 4.000000 18.000000 C[purple]
27.762439 9.923627 8.864059 0.864638 0.472197 0.171556 -0.502396 0.812665 0.295253 -0.000000 -0.341475 0.939891 B 2.000000 4.000000 18.000000 C[purple]
27.514887 3.661293 25.757037 0.857694 0.483255 0.175573 -0.514161 0.806138 0.292881 0.000000 -0.341475 0.939891 B 2.000000 4.000000 18.000000 C[purple]
27.651635 -2.822386 42.740677 0.908251 0.393274 0.142882 -0.418425 0.853657 0.310145 -0.000000 -0.341475 0.939891 B 2.000000 4.000000 18.000000 C[purple]
27.760064 -9.299082 60.010231 0.876257 0.452881 0.164538 -0.481844 0.823586 0.299220 0.000000 -0.341475 0.939891 B 2.000000 4.000000 18.000000 C[purple]
35.774675 0.101472 -77.092219 0.693035 -0.677571 -0.246171 0.720904 0.651377 0.236654 0.000000 -0.341475 0.939891 B 2.000000 4.000000 18.000000 C[purple]
35.680727 -6.298433 -59.789507 0.886975 -0.434058 -0.157699 0.461818 0.833659 0.302880 -0.000000 -0.341475 0.939891 B 2.000000 4.000000 18.000000 C[purple]
35.544533 -12.746521 -42.588299 0.663023 -0.703601 -0.255628 0.748599 0.623169 0.226406 -0.000000 -0.341475 0.939891 B 2.000000 4.000000 18.000000 C[purple]
35.432735 -19.083886 -25.337458 0.901611 -0.406547 -0.147704 0.432547 0.847416 0.307878 0.000000 -0.341475 0.939891 B 2.000000 4.000000 18.000000 C[purple]
35.730111 -25.368436 -8.173870 0.957041 -0.272524 -0.099012 0.289953 0.899514 0.326806 0.000000 -0.341475 0.939891 B 2.000000 4.000000 18.000000 C[purple]
35.789131 30.934868 9.188981 0.830756 -0.523178 -0.190078 0.556637 0.780820 0.283683 -0.000000 -0.341475 0.939891 B 2.000000 4.000000 18.000000 C[purple]
36.196922 24.684685 26.217078 0.842624 -0.506133 -0.183885 0.538502 0.791975 0.287735 -0.000000 -0.341475 0.939891 B 2.000000 4.000000 18.000000 C[purple]
36.034387 18.686155 43.694169 0.845734 -0.501530 -0.182213 0.533605 0.794897 0.288797 0.000000 -0.341475 0.939891 B 2.000000 4.000000 18.000000 C[purple]
35.948214 12.365977 60.752507 0.956187 -0.275158 -0.099969 0.292756 0.898712 0.326514 0.000000 -0.341475 0.939891 B 2.000000 4.000000 18.000000 C[purple]
35.841312 6.088402 77.815594 0.758137 -0.612899 -0.222675 0.652095 0.712566 0.258885 0.000000 -0.341475 0.939891 B 2.000000 4.000000 18.000000 C[purple]
-34.509845 22.178777 -77.818073 0.995088 -0.093041 -0.033803 0.098991 0.935274 0.339798 -0.000000 -0.341475 0.939891 B 2.000000 4.000000 18.000000 C[purple]
-34.693711 15.727290 -60.951360 0.985093 -0.161684 -0.058742 0.172024 0.925880 0.336385 0.000000 -0.341475 0.939891 B 2.000000 4.000000 18.000000 C[purple]
-34.718780 9.427810 -43.772001 0.999973 0.006914 0.002512 -0.007356 0.939865 0.341466 0.000000 -0.341475 0.939891 B 2.000000 4.000000 18.000000 C[purple]
-34.828574 3.255134 -26.368950 0.993664 -0.105633 -0.038378 0.112389 0.933936 0.339312 0.000000 -0.341475 0.939891 B 2.000000 4.000000 18.000000 C[purple]
-34.614198 -2.959541 -9.306953 0.996761 -0.075592 -0.027464 0.080427 0.936846 0.340369 0.000000 -0.341475 0.939891 B 2.000000 4.000000 18.000000 C[purple]
-34.557103 -9.054637 8.068484 0.901533 -0.406700 -0.147760 0.432710 0.847343 0.307851 0.000000 -0.341475 0.939891 B 2.000000 4.000000 18.000000 C[purple]
-34.574563 -15.176778 25.132191 0.968224 -0.235053 -0.085398 0.250085 0.910025 0.330625 0.000000 -0.341475 0.939891 B 2.000000 4.000000 18.000000 C[purple]
-34.218958 -21.695941 42.477325 0.974999 -0.208851 -0.075879 0.222208 0.916393 0.332938 -0.000000 -0.341475 0.939891 B 2.000000 4.000000 18.000000 C[purple]
-34.330447 -27.978879 59.979967 0.966232 -0.242186 -0.087989 0.257674 0.908152 0.329944 0.000000 -0.341475 0.939891 B 2.000000 4.000000 18.000000 C[purple]
-34.742228 28.470720 77.221509 0.965272 -0.245545 -0.089210 0.261249 0.907250 0.329616 0.000000 -0.341475 0.939891 B 2.000000 4.000000 18.000000 C[purple]
40.531419 28.411944 -77.325228 0.209230 -0.919088 -0.333917 0.977867 0.196653 0.071447 -0.000000 -0.341475 0.939891 B 2.000000 4.000000 18.000000 C[purple]
40.546456 22.012278 -60.013294 0.199366 -0.921023 -0.334620 0.979925 0.187382 0.068079 -0.000000 -0.341475 0.939891 B 2.000000 4.000000 18.000000 C[purple]
40.729975 16.058033 -42.481321 0.182794 -0.924055 -0.335722 0.983151 0.171806 0.062420 -0.000000 -0.341475 0.939891 B 2.000000 4.000000 18.000000 C[purple]
40.611099 9.825037 -25.513655 0.337617 -0.884704 -0.321425 0.941283 0.317323 0.115288 -0.000000 -0.341475 0.939891 B 2.000000 4.000000 18.000000 C[purple]
40.783366 3.427911 -8.648056 0.412392 -0.856247 -0.311086 0.911006 0.387603 0.140822 -0.000000 -0.341475 0.939891 B 2.000000 4.000000 18.000000 C[purple]
40.595695 -2.964069 8.210751 0.437406 -0.845210 -0.307077 0.899264 0.411114 0.149363 0.000000 -0.341475 0.939891 B 2.000000 4.000000 18.000000 C[purple]
40.838205 -9.339955 25.751920 0.496586 -0.815813 -0.296396 0.867987 0.466737 0.169572 0.000000 -0.341475 0.939891 B 2.000000 4.000000 18.000000 C[purple]
40.702819 -15.590356 42.833265 0.473769 -0.827714 -0.300720 0.880649 0.445291 0.161780 0.000000 -0.341475 0.939891 B 2.000000 4.000000 18.000000 C[purple]
40.626109 -21.736879 60.033558 0.301955 -0.896019 -0.325536 0.953322 0.283805 0.103110 0.000000 -0.341475 0.939891 B 2.000000 4.000000 18.000000 C[purple]
40.747601 -27.717891 77.476478 0.235637 -0.913424 -0.331860 0.971841 0.221473 0.080464 -0.000000 -0.341475 0.939891 B 2.000000 4.000000 18.000000 C[purple]
-34.672591 22.632696 77.871722 0.988301 -0.143350 -0.052081 0.152518 0.928895 0.337480 0.000000 -0.341475 0.939891 B 2.000000 4.000000 18.000000 C[purple]
-34.639061 16.170817 -77.125594 0.998180 -0.056682 -0.020593 0.060307 0.938180 0.340854 -0.000000 -0.341475 0.939891 B 2.000000 4.000000 18.000000 C[purple]
-34.450983 10.038770 -59.540895 0.999914 0.012335 0.004481 -0.013124 0.939810 0.341446 0.000000 -0.341475 0.939891 B 2.000000 4.000000 18.000000 C[purple]
-34.325598 4.076540 -42.544857 0.994494 -0.098495 -0.035785 0.104794 0.934716 0.339595 -0.000000 -0.341475 0.939891 B 2.000000 4.000000 18.000000 C[purple]
-34.393170 -2.477082 -25.318187 0.991582 0.121700 0.044215 -0.129483 0.931978 0.338601 -0.000000 -0.341475 0.939891 B 2.000000 4.000000 18.000000 C[purple]
-34.383073 -8.825927 -8.253452 0.995395 -0.090101 -0.032735 0.095863 0.935562 0.339903 -0.000000 -0.341475 0.939891 B 2.000000 4.000000 18.000000 C[purple]
-34.497245 -15.215009 9.086946 0.963876 -0.250341 -0.090952 0.266351 0.905938 0.329140 0.000000 -0.341475 0.939891 B 2.000000 4.000000 18.000000 C[purple]
-34.727459 -21.147492 26.158723 0.959373 -0.265181 -0.096344 0.282140 0.901706 0.327602 0.000000 -0.341475 0.939891 B 2.000000 4.000000 18.000000 C[purple]
-34.941334 -27.605352 43.136484 0.986602 -0.153339 -0.055710 0.163146 0.927298 0.336900 0.000000 -0.341475 0.939891 B 2.000000 4.000000 18.000000 C[purple]
-34.749535 29.026922 60.228857 0.970615 -0.226172 -0.082171 0.240636 0.912272 0.331441 0.000000 -0.341475 0.939891 B 2.000000 4.000000 18.000000 C[purple]
-22.644850 14.831523 -76.998933 0.727108 0.645257 0.234431 -0.686523 0.683402 0.248289 0.000000 -0.341475 0.939891 B 2.000000 4.000000 18.000000 C[purple]
-22.840907 8.859114 -59.964075 0.608988 0.745502 0.270851 -0.793180 0.572382 0.207954 0.000000 -0.341475 0.939891 B 2.000000 4.000000 18.000000 C[purple]
-22.833447 2.519439 -42.641205 0.767016 0.603060 0.219100 -0.641628 0.720911 0.261917 -0.000000 -0.341475 0.939891 B 2.000000 4.000000 18.000000 C[purple]
-23.082526 -3.552825 -25.688196 0.690132 0.680183 0.247120 -0.723683 0.648649 0.235663 0.000000 -0.341475 0.939891 B 2.000000 4.000000 18.000000 C[purple]
-23.116993 -9.750115 -8.541866 0.913430 0.382531 0.138979 -0.406995 0.858525 0.311914 0.000000 -0.341475 0.939891 B 2.000000 4.000000 18.000000 C[purple]
-23.121134 -16.159125 8.326187 0.934178 0.335361 0.121841 -0.356808 0.878025 0.318999 0.000000 -0.341475 0.939891 B 2.000000 4.000000 18.000000 C[purple]
-23.076836 -22.534713 25.804450 0.934037 0.335706 0.121967 -0.357176 0.877893 0.318951 0.000000 -0.341475 0.939891 B 2.000000 4.000000 18.000000 C[purple]
-22.928559 -28.896072 43.332002 0.912543 0.384397 0.139657 -0.408980 0.857691 0.311611 0.000000 -0.341475 0.939891 B 2.000000 4.000000 18.000000 C[purple]
-22.954308 27.466192 60.470859 0.864699 0.472098 0.171520 -0.502291 0.812722 0.295273 0.000000 -0.341475 0.939891 B 2.000000 4.000000 18.000000 C[purple]
-22.837085 21.172398 77.878382 0.769465 0.600298 0.218097 -0.638689 0.723213 0.262753 0.000000 -0.341475 0.939891 B 2.000000 4.000000 18.000000 C[purple]
8.972772 12.584220 77.038686 0.973321 0.215656 0.078351 -0.229448 0.914815 0.332365 0.000000 -0.341475 0.939891 B 2.000000 4.000000 18.000000 C[purple]
9.198663 6.272510 -77.516941 0.997003 0.072711 0.026417 -0.077361 0.937074 0.340452 -0.000000 -0.341475 0.939891 B 2.000000 4.000000 18.000000 C[purple]
9.064007 -0.030926 -60.326241 0.986320 -0.154931 -0.056289 0.164839 0.927033 0.336804 -0.000000 -0.341475 0.939891 B 2.000000 4.000000 18.000000 C[purple]
9.312142 -6.293152 -43.370619 0.999516 -0.029248 -0.010626 0.031118 0.939436 0.341310 0.000000 -0.341475 0.939891 B 2.000000 4.000000 18.000000 C[purple]
9.092096 -12.296199 -26.174514 0.997931 -0.060428 -0.021955 0.064293 0.937946 0.340769 -0.000000 -0.341475 0.939891 B 2.000000 4.000000 18.000000 C[purple]
8.977445 -18.513456 -8.744164 0.983077 0.172180 0.062555 -0.183191 0.923985 0.335697 0.000000 -0.341475 0.939891 B 2.000000 4.000000 18.000000 C[purple]
9.206110 -24.659467 8.367932 0.920075 0.368194 0.133770 -0.391741 0.864770 0.314183 -0.000000 -0.341475 0.939891 B 2.000000 4.000000 18.000000 C[purple]
9.038975 -30.706322 25.369401 0.981740 0.178794 0.064958 -0.190229 0.922728 0.335240 0.000000 -0.341475 0.939891 B 2.000000 4.000000 18.000000 C[purple]
9.043303 25.356701 42.554319 0.985848 -0.157568 -0.057246 0.167645 0.926589 0.336643 0.000000 -0.341475 0.939891 B 2.000000 4.000000 18.000000 C[purple]
9.105338 18.719942 59.935231 0.999065 -0.040627 -0.014760 0.043225 0.939012 0.341156 -0.000000 -0.341475 0.939891 B 2.000000 4.000000 18.000000 C[purple]
37.234061 7.623840 -77.287771 0.982760 -0.173775 -0.063135 0.184888 0.923687 0.335588 0.000000 -0.341475 0.939891 B 2.000000 4.000000 18.000000 C[purple]
37.338986 1.396791 -59.906992 0.968772 -0.233051 -0.084671 0.247955 0.910539 0.330812 0.000000 -0.341475 0.939891 B 2.000000 4.000000 18.000000 C[purple]
37.570827 -4.870634 -42.989844 0.996718 -0.076083 -0.027642 0.080949 0.936806 0.340355 -0.000000 -0.341475 0.939891 B 2.000000 4.000000 18.000000 C[purple]
37.624278 -10.941853 -25.638901 0.897857 -0.413823 -0.150348 0.440288 0.843887 0.306596 0.000000 -0.341475 0.939891 B 2.000000 4.000000 18.000000 C[purple]
37.698485 -16.767564 -8.480166 0.874355 -0.456117 -0.165714 0.485288 0.821798 0.298571 0.000000 -0.341475 0.939891 B 2.000000 4.000000 18.000000 C[purple]
37.383905 -22.903240 8.597013 0.801949 -0.561483 -0.203995 0.597392 0.753745 0.273846 -0.000000 -0.341475 0.939891 B 2.000000 4.000000 18.000000 C[purple]
37.516464 -28.979356 25.866643 0.896434 -0.416538 -0.151334 0.443177 0.842550 0.306110 -0.000000 -0.341475 0.939891 B 2.000000 4.000000 18.000000 C[purple]
37.186494 27.075236 42.933036 0.932568 -0.339295 -0.123271 0.360994 0.876512 0.318449 -0.000000 -0.341475 0.939891 B 2.000000 4.000000 18.000000 C[purple]
37.027464 20.594184 60.283874 0.880520 -0.445517 -0.161863 0.474010 0.827592 0.300676 -0.000000 -0.341475 0.939891 B 2.000000 4.000000 18.000000 C[purple]
36.906796 14.217310 77.398820 0.982810 -0.173523 -0.063043 0.184620 0.923734 0.335605 -0.000000 -0.341475 0.939891 B 2.000000 4.000000 18.000000 C[purple]
-9.452220 -0.831125 -77.450735 0.610064 -0.744724 -0.270569 0.792352 0.573394 0.208322 0.000000 -0.341475 0.939891 B 2.000000 4.000000 18.000000 C[purple]
-9.409705 -7.023899 -60.057352 0.655288 -0.709974 -0.257943 0.755379 0.615899 0.223765 0.000000 -0.341475 0.939891 B 2.000000 4.000000 18.000000 C[purple]
-9.443833 -13.088968 -42.695288 0.720614 -0.651660 -0.236757 0.693336 0.677299 0.246072 -0.000000 -0.341475 0.939891 B 2.000000 4.000000 18.000000 C[purple]
-9.194057 -19.193142 -25.606442 0.532417 -0.795601 -0.289053 0.846482 0.500413 0.181807 -0.000000 -0.341475 0.939891 B 2.000000 4.000000 18.000000 C[purple]
-9.176120 -25.643899 -8.098738 0.473876 -0.827660 -0.300700 0.880592 0.445392 0.161817 0.000000 -0.341475 0.939891 B 2.000000 4.000000 18.000000 C[purple]
-9.248621 30.608076 8.841805 0.734808 -0.637505 -0.231614 0.678275 0.690639 0.250919 -0.000000 -0.341475 0.939891 B 2.000000 4.000000 18.000000 C[purple]
-9.388642 24.403150 25.956663 0.511169 -0.807818 -0.293491 0.859480 0.480443 0.174552 -0.000000 -0.341475 0.939891 B 2.000000 4.000000 18.000000 C[purple]
-9.496264 18.083714 42.879847 0.375583 -0.871080 -0.316476 0.926789 0.353007 0.128252 0.000000 -0.341475 0.939891 B 2.000000 4.000000 18.000000 C[purple]
-9.417976 11.774734 59.928462 0.181516 -0.924277 -0.335803 0.983388 0.170605 0.061983 0.000000 -0.341475 0.939891 B 2.000000 4.000000 18.000000 C[purple]
-9.505360 5.459334 77.387865 0.287685 -0.900157 -0.327040 0.957725 0.270393 0.098237 -0.000000 -0.341475 0.939891 B 2.000000 4.000000 18.000000 C[purple]
22.941914 -6.977528 -77.710802 0.915009 -0.379184 -0.137763 0.403434 0.860008 0.312453 -0.000000 -0.341475 0.939891 B 2.000000 4.000000 18.000000 C[purple]
23.185552 -13.501140 -60.411497 0.944845 -0.307831 -0.111839 0.327517 0.888051 0.322641 -0.000000 -0.341475 0.939891 B 2.000000 4.000000 18.000000 C[purple]
23.107790 -19.652284 -43.197233 0.966444 -0.241437 -0.087717 0.256878 0.908352 0.330017 0.000000 -0.341475 0.939891 B 2.000000 4.000000 18.000000 C[purple]
23.048779 -25.755529 -26.030793 0.941747 -0.316105 -0.114845 0.336321 0.885140 0.321584 0.000000 -0.341475 0.939891 B 2.000000 4.000000 18.000000 C[purple]
23.037171 30.149796 -8.828406 0.998191 -0.056505 -0.020529 0.060118 0.938191 0.340858 0.000000 -0.341475 0.939891 B 2.000000 4.000000 18.000000 C[purple]
22.992802 23.690336 8.106352 0.995475 -0.089312 -0.032448 0.095024 0.935638 0.339930 0.000000 -0.341475 0.939891 B 2.000000 4.000000 18.000000 C[purple]
23.126203 17.625717 25.121756 0.997176 0.070589 0.025646 -0.075103 0.937236 0.340511 0.000000 -0.341475 0.939891 B 2.000000 4.000000 18.000000 C[purple]
23.004714 11.348161 42.687765 0.993035 -0.110740 -0.040233 0.117822 0.933344 0.339097 0.000000 -0.341475 0.939891 B 2.000000 4.000000 18.000000 C[purple]
23.061580 5.026466 59.910779 0.950324 -0.292552 -0.106288 0.311262 0.893201 0.324512 0.000000 -0.341475 0.939891 B 2.000000 4.000000 18.000000 C[purple]
23.087509 -0.940831 77.291303 0.874003 -0.456712 -0.165930 0.485921 0.821467 0.298451 0.000000 -0.341475 0.939891 B 2.000000 4.000000 18.000000 C[purple]
6.321684 28.472159 -77.644636 0.741561 -0.630559 -0.229091 0.670885 0.696986 0.253225 0.000000 -0.341475 0.939891 B 2.000000 4.000000 18.000000 C[purple]
5.989943 22.134628 -60.704001 0.737386 -0.634869 -0.230657 0.675471 0.693063 0.251799 -0.000000 -0.341475 0.939891 B 2.000000 4.000000 18.000000 C[purple]
5.707584 16.117314 -43.537569 0.820088 -0.537840 -0.195405 0.572237 0.770793 0.280040 0.000000 -0.341475 0.939891 B 2.000000 4.000000 18.000000 C[purple]
6.067226 10.150455 -26.229285 0.812505 -0.547913 -0.199064 0.582954 0.763666 0.277451 0.000000 -0.341475 0.939891 B 2.000000 4.000000 18.000000 C[purple]
6.311390 4.064164 -9.167464 0.924175 -0.359010 -0.130433 0.381970 0.868623 0.315583 0.000000 -0.341475 0.939891 B 2.000000 4.000000 18.000000 C[purple]
6.411611 -2.191629 8.012535 0.872910 -0.458555 -0.166599 0.487881 0.820440 0.298077 -0.000000 -0.341475 0.939891 B 2.000000 4.000000 18.000000 C[purple]
6.452869 -8.441176 25.266822 0.932734 -0.338892 -0.123124 0.360566 0.876668 0.318506 -0.000000 -0.341475 0.939891 B 2.000000 4.000000 18.000000 C[purple]
6.306747 -14.973006 42.425837 0.808154 -0.553568 -0.201119 0.588971 0.759577 0.275965 0.000000 -0.341475 0.939891 B 2.000000 4.000000 18.000000 C[purple]
6.730350 -21.401221 59.733552 0.823854 -0.532732 -0.193549 0.566803 0.774332 0.281326 -0.000000 -0.341475 0.939891 B 2.000000 4.000000 18.000000 C[purple]
6.531299 -27.797149 77.045517 0.664654 -0.702241 -0.255134 0.747152 0.624702 0.226963 0.000000 -0.341475 0.939891 B 2.000000 4.000000 18.000000 C[purple]
-47.874550 8.589179 77.746516 0.895064 0.419133 0.152277 -0.445938 0.841262 0.305642 0.000000 -0.341475 0.939891 B 2.000000 4.000000 18.000000 C[purple]
-48.111664 2.679412 -76.991142 0.900764 0.408204 0.148306 -0.434310 0.846619 0.307589 0.000000 -0.341475 0.939891 B 2.000000 4.000000 18.000000 C[purple]
-48.157577 -3.545048 -60.049990 0.803811 0.559127 0.203139 -0.594885 0.755494 0.274482 0.000000 -0.341475 0.939891 B 2.000000 4.000000 18.000000 C[purple]
-48.266356 -9.530020 -42.728386 0.691239 0.679189 0.246759 -0.722626 0.649689 0.236041 0.000000 -0.341475 0.939891 B 2.000000 4.000000 18.000000 C[purple]
-47.983268 -15.731392 -25.179160 0.693120 0.677494 0.246143 -0.720822 0.651457 0.236684 0.000000 -0.341475 0.939891 B 2.000000 4.000000 18.000000 C[purple]
-47.983249 -21.880860 -8.247838 0.606804 0.747074 0.271422 -0.794852 0.570329 0.207209 -0.000000 -0.341475 0.939891 B 2.000000 4.000000 18.000000 C[purple]
-47.879743 -28.332022 8.842629 0.705995 0.665646 0.241839 -0.708217 0.663558 0.241080 -0.000000 -0.341475 0.939891 B 2.000000 4.000000 18.000000 C[purple]
-47.599275 27.623067 26.332118 0.712296 0.659690 0.239675 -0.701880 0.669480 0.243231 0.000000 -0.341475 0.939891 B 2.000000 4.000000 18.000000 C[purple]
-47.695993 21.395054 43.396078 0.705965 0.665675 0.241849 -0.708247 0.663530 0.241070 0.000000 -0.341475 0.939891 B 2.000000 4.000000 18.000000 C[purple]
-48.034639 14.924133 60.482050 0.732823 0.639520 0.232346 -0.680419 0.688773 0.250241 0.000000 -0.341475 0.939891 B 2.000000 4.000000 18.000000 C[purple]
32.200235 29.561161 -77.106672 0.691213 0.679213 0.246767 -0.722651 0.649665 0.236032 -0.000000 -0.341475 0.939891 B 2.000000 4.000000 18.000000 C[purple]
32.196821 23.651751 -59.859277 0.640715 0.721628 0.262178 -0.767779 0.602202 0.218788 -0.000000 -0.341475 0.939891 B 2.000000 4.000000 18.000000 C[purple]
32.427422 17.261666 -42.841042 0.773216 0.596024 0.216544 -0.634142 0.726739 0.264034 -0.000000 -0.341475 0.939891 B 2.000000 4.000000 18.000000 C[purple]
32.673293 10.799104 -25.668577 0.884886 0.437808 0.159062 -0.465807 0.831696 0.302167 0.000000 -0.341475 0.939891 B 2.000000 4.000000 18.000000 C[purple]
32.975918 4.692095 -8.636389 0.929249 0.347246 0.126159 -0.369454 0.873393 0.317316 -0.000000 -0.341475 0.939891 B 2.000000 4.000000 18.000000 C[purple]
32.939796 -1.309218 8.725659 0.810949 0.549946 0.199803 -0.585117 0.762204 0.276919 0.000000 -0.341475 0.939891 B 2.000000 4.000000 18.000000 C[purple]
32.937984 -7.417024 25.834829 0.889167 0.430078 0.156253 -0.457583 0.835720 0.303629 0.000000 -0.341475 0.939891 B 2.000000 4.000000 18.000000 C[purple]
32.924295 -13.736598 42.967915 0.796425 0.568387 0.206503 -0.604737 0.748552 0.271960 -0.000000 -0.341475 0.939891 B 2.000000 4.000000 18.000000 C[purple]
32.520569 -20.092287 60.345009 0.774087 0.595025 0.216181 -0.633079 0.727557 0.264332 -0.000000 -0.341475 0.939891 B 2.000000 4.000000 18.000000 C[purple]
32.291189 -26.446417 77.721859 0.668987 0.698597 0.253810 -0.743275 0.628774 0.228442 0.000000 -0.341475 0.939891 B 2.000000 4.000000 18.000000 C[purple]
-26.043383 1.083703 -77.482897 0.999796 0.019004 0.006904 -0.020219 0.939699 0.341406 -0.000000 -0.341475 0.939891 B 2.000000 4.000000 18.000000 C[purple]
-26.067804 -4.874869 -60.310695 0.976420 0.202904 0.073718 -0.215880 0.917728 0.333423 -0.000000 -0.341475 0.939891 B 2.000000 4.000000 18.000000 C[purple]
-25.982777 -11.175510 -43.120934 0.956098 0.275431 0.100068 -0.293046 0.898628 0.326484 -0.000000 -0.341475 0.939891 B 2.000000 4.000000 18.000000 C[purple]
-25.910923 -17.488482 -25.692283 0.995425 0.089799 0.032625 -0.095542 0.935591 0.339913 0.000000 -0.341475 0.939891 B 2.000000 4.000000 18.000000 C[purple]
-25.732864 -23.825567 -8.625041 0.988215 -0.143870 -0.052270 0.153071 0.928814 0.337451 0.000000 -0.341475 0.939891 B 2.000000 4.000000 18.000000 C[purple]
-26.100037 -30.069463 8.709563 0.996422 -0.079438 -0.028861 0.084518 0.936528 0.340254 0.000000 -0.341475 0.939891 B 2.000000 4.000000 18.000000 C[purple]
-25.910361 26.400296 25.700113 0.966009 -0.242970 -0.088275 0.258509 0.907943 0.329868 -0.000000 -0.341475 0.939891 B 2.000000 4.000000 18.000000 C[purple]
-25.996173 20.321724 42.999744 0.996325 -0.080502 -0.029248 0.085651 0.936437 0.340221 0.000000 -0.341475 0.939891 B 2.000000 4.000000 18.000000 C[purple]
-25.836794 13.912224 60.227106 0.997516 0.066204 0.024053 -0.070438 0.937556 0.340627 -0.000000 -0.341475 0.939891 B 2.000000 4.000000 18.000000 C[purple]
-26.134412 7.458398 77.615730 0.994476 0.098652 0.035842 -0.104962 0.934699 0.339589 0.000000 -0.341475 0.939891 B 2.000000 4.000000 18.000000 C[purple]
-26.483399 -17.662617 -77.287156 0.999790 0.019241 0.006991 -0.020472 0.939694 0.341404 -0.000000 -0.341475 0.939891 B 2.000000 4.000000 18.000000 C[purple]
-26.392908 -24.022358 -60.357779 0.992564 0.114408 0.041566 -0.121724 0.932902 0.338936 0.000000 -0.341475 0.939891 B 2.000000 4.000000 18.000000 C[purple]
-26.397707 -30.477434 -43.352596 0.961295 0.258961 0.094084 -0.275523 0.903512 0.328258 -0.000000 -0.341475 0.939891 B 2.000000 4.000000 18.000000 C[purple]
-26.298592 25.899384 -26.142801 0.932560 0.339314 0.123277 -0.361014 0.876505 0.318446 -0.000000 -0.341475 0.939891 B 2.000000 4.000000 18.000000 C[purple]
-26.239223 19.890439 -8.706507 0.859936 0.479722 0.174290 -0.510401 0.808246 0.293647 0.000000 -0.341475 0.939891 B 2.000000 4.000000 18.000000 C[purple]
-25.976653 13.596025 8.472525 0.914295 0.380702 0.138314 -0.405049 0.859337 0.312209 0.000000 -0.341475 0.939891 B 2.000000 4.000000 18.000000 C[purple]
-26.131926 7.807733 25.586949 0.914491 0.380286 0.138163 -0.404607 0.859521 0.312276 0.000000 -0.341475 0.939891 B 2.000000 4.000000 18.000000 C[purple]
-26.136412 1.838037 42.796514 0.969283 0.231165 0.083986 -0.245949 0.911020 0.330986 0.000000 -0.341475 0.939891 B 2.000000 4.000000 18.000000 C[purple]
-26.052362 -4.732824 60.045325 0.966826 0.240081 0.087225 -0.255435 0.908711 0.330147 0.000000 -0.341475 0.939891 B 2.000000 4.000000 18.000000 C[purple]
-26.245223 -11.048802 77.390060 0.996629 0.077114 0.028017 -0.082046 0.936722 0.340324 -0.000000 -0.341475 0.939891 B 2.000000 4.000000 18.000000 C[purple]
-40.909249 19.232317 77.319550 0.981144 0.181661 0.066000 -0.193279 0.922168 0.335036 -0.000000 -0.341475 0.939891 B 2.000000 4.000000 18.000000 C[purple]
-40.797888 12.974784 -77.781408 0.934912 0.333549 0.121183 -0.354880 0.878715 0.319249 -0.000000 -0.341475 0.939891 B 2.000000 4.000000 18.000000 C[purple]
-40.724424 6.464009 -60.409533 0.992364 0.115927 0.042118 -0.123341 0.932714 0.338868 0.000000 -0.341475 0.939891 B 2.000000 4.000000 18.000000 C[purple]
-40.861991 0.173164 -43.142511 0.923965 0.359485 0.130606 -0.382476 0.868427 0.315511 -0.000000 -0.341475 0.939891 B 2.000000 4.000000 18.000000 C[purple]
-40.986645 -5.761017 -25.591372 0.951026 0.290530 0.105554 -0.309110 0.893861 0.324752 0.000000 -0.341475 0.939891 B 2.000000 4.000000 18.000000 C[purple]
-41.104071 -11.768432 -8.487388 0.940259 0.319995 0.116259 -0.340460 0.883741 0.321075 0.000000 -0.341475 0.939891 B 2.000000 4.000000 18.000000 C[purple]
-41.089371 -18.071105 8.512103 0.903125 0.403567 0.146622 -0.429377 0.848839 0.308395 0.000000 -0.341475 0.939891 B 2.000000 4.000000 18.000000 C[purple]
-41.232234 -24.446290 25.501884 0.956253 0.274955 0.099895 -0.292540 0.898774 0.326537 -0.000000 -0.341475 0.939891 B 2.000000 4.000000 18.000000 C[purple]
-41.208493 -30.962111 42.922249 0.995806 0.085988 0.031241 -0.091488 0.935949 0.340043 0.000000 -0.341475 0.939891 B 2.000000 4.000000 18.000000 C[purple]
-41.251031 25.548271 60.085534 0.993357 0.108155 0.039294 -0.115072 0.933647 0.339207 0.000000 -0.341475 0.939891 B 2.000000 4.000000 18.000000 C[purple]
-31.691512 14.024984 -77.184642 0.773489 -0.595711 -0.216430 0.633809 0.726996 0.264128 0.000000 -0.341475 0.939891 B 2.000000 4.000000 18.000000 C[purple]
-32.079811 7.699016 -59.994855 0.842235 -0.506705 -0.184093 0.539111 0.791609 0.287602 -0.000000 -0.341475 0.939891 B 2.000000 4.000000 18.000000 C[purple]
-31.840003 1.460347 -42.792288 0.829102 -0.525490 -0.190918 0.559097 0.779265 0.283118 0.000000 -0.341475 0.939891 B 2.000000 4.000000 18.000000 C[purple]
-32.039326 -4.496188 -25.766670 0.805856 -0.556520 -0.202191 0.592111 0.757417 0.275180 -0.000000 -0.341475 0.939891 B 2.000000 4.000000 18.000000 C[purple]
-32.106933 -10.944877 -8.662603 0.749634 -0.622069 -0.226006 0.661852 0.704574 0.255982 -0.000000 -0.341475 0.939891 B 2.000000 4.000000 18.000000 C[purple]
-32.043527 -17.459564 8.518664 0.827735 -0.527390 -0.191608 0.561119 0.777981 0.282651 0.000000 -0.341475 0.939891 B 2.000000 4.000000 18.000000 C[purple]
-31.808597 -23.386640 25.761794 0.693407 -0.677234 -0.246049 0.720546 0.651727 0.236781 0.000000 -0.341475 0.939891 B 2.000000 4.000000 18.000000 C[purple]
-31.877054 -29.356533 43.129189 0.695070 -0.675727 -0.245501 0.718942 0.653290 0.237349 0.000000 -0.341475 0.939891 B 2.000000 4.000000 18.000000 C[purple]
-31.574868 26.920957 60.392602 0.683066 -0.686455 -0.249399 0.730357 0.642008 0.233250 -0.000000 -0.341475 0.939891 B 2.000000 4.000000 18.000000 C[purple]
-31.847238 20.395769 77.642908 0.778375 -0.590063 -0.214378 0.627799 0.731588 0.265796 0.000000 -0.341475 0.939891 B 2.000000 4.000000 18.000000 C[purple]
14.415623 -7.420931 77.538009 0.950715 -0.291428 -0.105880 0.310066 0.893568 0.324646 -0.000000 -0.341475 0.939891 B 2.000000 4.000000 18.000000 C[purple]
14.415356 -13.786626 -77.528259 0.925185 -0.356704 -0.129595 0.379516 0.869573 0.315928 0.000000 -0.341475 0.939891 B 2.000000 4.000000 18.000000 C[purple]
14.396087 -19.912456 -60.259698 0.926672 -0.353278 -0.128351 0.375871 0.870970 0.316436 -0.000000 -0.341475 0.939891 B 2.000000 4.000000 18.000000 C[purple]
14.342991 -26.333200 -43.307876 0.929247 -0.347251 -0.126161 0.369459 0.873391 0.317315 0.000000 -0.341475 0.939891 B 2.000000 4.000000 18.000000 C[purple]
14.559959 30.252072 -25.962587 0.820118 -0.537800 -0.195390 0.572194 0.770822 0.280050 0.000000 -0.341475 0.939891 B 2.000000 4.000000 18.000000 C[purple]
14.682603 23.674901 -8.812983 0.893095 -0.422826 -0.153619 0.449867 0.839412 0.304970 0.000000 -0.341475 0.939891 B 2.000000 4.000000 18.000000 C[purple]
14.442104 17.622071 8.715683 0.905871 -0.398095 -0.144633 0.423554 0.851419 0.309333 0.000000 -0.341475 0.939891 B 2.000000 4.000000 18.000000 C[purple]
14.157617 11.373151 25.872013 0.852345 -0.491544 -0.178585 0.522980 0.801111 0.291055 0.000000 -0.341475 0.939891 B 2.000000 4.000000 18.000000 C[purple]
14.403660 5.068458 43.189608 0.912737 -0.383990 -0.139509 0.408547 0.857873 0.311677 0.000000 -0.341475 0.939891 B 2.000000 4.000000 18.000000 C[purple]
14.202407 -1.070217 60.209984 0.985145 -0.161404 -0.058640 0.171727 0.925928 0.336403 0.000000 -0.341475 0.939891 B 2.000000 4.000000 18.000000 C[purple]
47.300603 -29.312437 -77.551125 0.322695 -0.889609 -0.323208 0.946503 0.303298 0.110192 -0.000000 -0.341475 0.939891 B 2.000000 4.000000 18.000000 C[purple]
47.431213 26.702180 -60.249543 0.085456 -0.936453 -0.340226 0.996342 0.080319 0.029181 0.000000 -0.341475 0.939891 B 2.000000 4.000000 18.000000 C[purple]
47.348871 20.519620 -43.079012 0.306911 -0.894530 -0.324995 0.951738 0.288462 0.104802 0.000000 -0.341475 0.939891 B 2.000000 4.000000 18.000000 C[purple]
47.541508 14.234747 -25.714355 -0.102133 -0.934976 -0.339690 0.994771 -0.095993 -0.034876 -0.000000 -0.341475 0.939891 B 2.000000 4.000000 18.000000 C[purple]
47.241182 8.145923 -8.705933 -0.268620 -0.905346 -0.328925 0.963246 -0.252473 -0.091727 0.000000 -0.341475 0.939891 B 2.000000 4.000000 18.000000 C[purple]
47.025433 1.927947 8.306644 -0.239984 -0.912424 -0.331496 0.970777 -0.225559 -0.081949 -0.000000 -0.341475 0.939891 B 2.000000 4.000000 18.000000 C[purple]
47.266415 -4.386294 25.638234 0.129874 -0.931930 -0.338583 0.991531 0.122067 0.044349 0.000000 -0.341475 0.939891 B 2.000000 4.000000 18.000000 C[purple]
47.510921 -10.427154 42.947536 -0.010032 -0.939843 -0.341458 0.999950 -0.009429 -0.003426 0.000000 -0.341475 0.939891 B 2.000000 4.000000 18.000000 C[purple]
47.486398 -16.527738 59.917225 -0.005755 -0.939875 -0.341470 0.999983 -0.005409 -0.001965 0.000000 -0.341475 0.939891 B 2.000000 4.000000 18.000000 C[purple]
47.428455 -22.746228 77.127821 0.256142 -0.908535 -0.330083 0.966639 0.240746 0.087466 0.000000 -0.341475 0.939891 B 2.000000 4.000000 18.000000 C[purple]
-44.363167 29.369193 77.079805 0.795860 0.569086 0.206757 -0.605481 0.748021 0.271767 -0.000000 -0.341475 0.939891 B 2.000000 4.000000 18.000000 C[purple]
-44.574528 23.335409 -77.549311 0.603951 0.749113 0.272163 -0.797021 0.567648 0.206235 -0.000000 -0.341475 0.939891 B 2.000000 4.000000 18.000000 C[purple]
-44.506558 17.246918 -60.438862 0.666996 0.700276 0.254420 -0.745061 0.626903 0.227763 -0.000000 -0.341475 0.939891 B 2.000000 4.000000 18.000000 C[purple]
-44.570045 10.855566 -43.494223 0.808506 0.553115 0.200954 -0.588488 0.759907 0.276085 0.000000 -0.341475 0.939891 B 2.000000 4.000000 18.000000 C[purple]
-44.485573 4.416608 -26.180095 0.897626 0.414264 0.150508 -0.440758 0.843670 0.306517 0.000000 -0.341475 0.939891 B 2.000000 4.000000 18.000000 C[purple]
-44.692497 -1.840224 -8.979417 0.962895 0.253653 0.092156 -0.269875 0.905016 0.328805 0.000000 -0.341475 0.939891 B 2.000000 4.000000 18.000000 C[purple]
-44.653867 -8.137616 8.230297 0.795875 0.569068 0.206750 -0.605461 0.748035 0.271772 -0.000000 -0.341475 0.939891 B 2.000000 4.000000 18.000000 C[purple]
-44.480653 -14.373845 25.750029 0.697783 0.673252 0.244602 -0.716309 0.655840 0.238276 -0.000000 -0.341475 0.939891 B 2.000000 4.000000 18.000000 C[purple]
-44.309422 -20.804991 43.100013 0.590528 0.758508 0.275577 -0.807017 0.555031 0.201651 0.000000 -0.341475 0.939891 B 2.000000 4.000000 18.000000 C[purple]
-44.391255 -26.810716 60.180682 0.802547 0.560729 0.203721 -0.596589 0.754306 0.274050 0.000000 -0.341475 0.939891 B 2.000000 4.000000 18.000000 C[purple]
29.583724 9.898704 -77.322559 0.696962 -0.674003 -0.244875 0.717108 0.655068 0.237995 0.000000 -0.341475 0.939891 B 2.000000 4.000000 18.000000 C[purple]
29.360617 3.615440 -60.094068 0.760157 -0.610684 -0.221870 0.649740 0.714464 0.259575 -0.000000 -0.341475 0.939891 B 2.000000 4.000000 18.000000 C[purple]
29.537883 -2.469629 -42.652171 0.779818 -0.588377 -0.213766 0.626006 0.732944 0.266289 0.000000 -0.341475 0.939891 B 2.000000 4.000000 18.000000 C[purple]
29.682105 -8.711349 -25.208814 0.809447 -0.551898 -0.200512 0.587193 0.760791 0.276406 -0.000000 -0.341475 0.939891 B 2.000000 4.000000 18.000000 C[purple]
29.853606 -14.934038 -8.175235 0.898454 -0.412675 -0.149931 0.439067 0.844449 0.306800 0.000000 -0.341475 0.939891 B 2.000000 4.000000 18.000000 C[purple]
29.727863 -21.140291 8.831791 0.812871 -0.547433 -0.198890 0.582444 0.764010 0.277575 0.000000 -0.341475 0.939891 B 2.000000 4.000000 18.000000 C[purple]
29.433917 -27.597533 25.841249 0.676540 -0.692141 -0.251465 0.736406 0.635873 0.231022 0.000000 -0.341475 0.939891 B 2.000000 4.000000 18.000000 C[purple]
29.497153 28.844176 43.219117 0.799664 -0.564356 -0.205038 0.600448 0.751596 0.273065 -0.000000 -0.341475 0.939891 B 2.000000 4.000000 18.000000 C[purple]
29.278935 22.707993 60.151921 0.900405 -0.408901 -0.148559 0.435052 0.846283 0.307466 -0.000000 -0.341475 0.939891 B 2.000000 4.000000 18.000000 C[purple]
29.294656 16.417477 77.269268 0.723840 -0.648494 -0.235607 0.689967 0.680331 0.247174 0.000000 -0.341475 0.939891 B 2.000000 4.000000 18.000000 C[purple]
46.552872 4.150242 -77.193491 0.701734 -0.669615 -0.243280 0.712439 0.659553 0.239625 -0.000000 -0.341475 0.939891 B 2.000000 4.000000 18.000000 C[purple]
46.555885 -2.177572 -60.235383 0.897133 -0.415207 -0.150850 0.441761 0.843207 0.306349 0.000000 -0.341475 0.939891 B 2.000000 4.000000 18.000000 C[purple]
46.737871 -8.460927 -42.905166 0.884073 -0.439257 -0.159588 0.467349 0.830932 0.301889 0.000000 -0.341475 0.939891 B 2.000000 4.000000 18.000000 C[purple]
46.668090 -14.439166 -25.543783 0.866611 -0.468991 -0.170391 0.498984 0.814520 0.295926 -0.000000 -0.341475 0.939891 B 2.000000 4.000000 18.000000 C[purple]
46.848480 -20.760599 -8.492311 0.772109 -0.597291 -0.217004 0.635490 0.725699 0.263656 -0.000000 -0.341475 0.939891 B 2.000000 4.000000 18.000000 C[purple]
46.860432 -27.248930 8.764171 0.741093 -0.631045 -0.229267 0.671402 0.696547 0.253065 0.000000 -0.341475 0.939891 B 2.000000 4.000000 18.000000 C[purple]
46.916090 29.037301 26.134475 0.840757 -0.508869 -0.184879 0.541413 0.790219 0.287098 -0.000000 -0.341475 0.939891 B 2.000000 4.000000 18.000000 C[purple]
46.837137 22.758851 43.243565 0.815924 -0.543406 -0.197427 0.578159 0.766879 0.278618 -0.000000 -0.341475 0.939891 B 2.000000 4.000000 18.000000 C[purple]
