7.813752 -19.984235 -77.164318 0.864879 -0.471807 -0.171414 0.501980 0.812892 0.295335 0.000000 -0.341475 0.939891 B 2.000000 4.000000 18.000000 C[purple]
7.974176 -25.990841 -60.102664 0.906865 -0.396091 -0.143905 0.421422 0.852354 0.309672 -0.000000 -0.341475 0.939891 B 2.000000 4.000000 18.000000 C[purple]
7.751021 30.104389 -42.805175 0.808060 -0.553690 -0.201163 0.589100 0.759488 0.275933 -0.000000 -0.341475 0.939891 B 2.000000 4.000000 18.000000 C[purple]
7.957559 23.911835 -25.690594 0.877517 -0.450721 -0.163753 0.479546 0.824770 0.299650 0.000000 -0.341475 0.939891 B 2.000000 4.000000 18.000000 C[purple]
7.943896 17.287875 -8.275473 0.876740 -0.452053 -0.164237 0.480964 0.824040 0.299385 0.000000 -0.341475 0.939891 B 2.000000 4.000000 18.000000 C[purple]
7.699382 11.214541 8.712153 0.885740 -0.436279 -0.158506 0.464181 0.832499 0.302459 -0.000000 -0.341475 0.939891 B 2.000000 4.000000 18.000000 C[purple]
7.547847 5.094472 25.983558 0.869577 -0.464115 -0.168619 0.493797 0.817308 0.296939 -0.000000 -0.341475 0.939891 B 2.000000 4.000000 18.000000 C[purple]
7.649881 -1.289698 43.205156 0.826433 -0.529192 -0.192263 0.563035 0.776756 0.282206 0.000000 -0.341475 0.939891 B 2.000000 4.000000 18.000000 C[purple]
7.714379 -7.174645 60.465399 0.762264 -0.608360 -0.221026 0.647266 0.716445 0.260294 0.000000 -0.341475 0.939891 B 2.000000 4.000000 18.000000 C[purple]
7.627598 -13.415210 77.960318 0.863325 -0.474315 -0.172325 0.504649 0.811431 0.294804 0.000000 -0.341475 0.939891 B 2.000000 4.000000 18.000000 C[purple]
26.482189 5.142957 -77.335909 -0.231890 -0.914271 -0.332167 0.972742 -0.217951 -0.079185 -0.000000 -0.341475 0.939891 B 2.000000 4.000000 18.000000 C[purple]
26.182752 -0.903974 -59.947756 -0.118341 -0.933286 -0.339076 0.992973 -0.111227 -0.040410 -0.000000 -0.341475 0.939891 B 2.000000 4.000000 18.000000 C[purple]
26.466132 -7.514555 -42.751583 -0.073166 -0.937372 -0.340560 0.997320 -0.068768 -0.024984 -0.000000 -0.341475 0.939891 B 2.000000 4.000000 18.000000 C[purple]
26.518397 -13.931848 -25.895976 -0.195557 -0.921744 -0.334882 0.980692 -0.183802 -0.066778 0.000000 -0.341475 0.939891 B 2.000000 4.000000 18.000000 C[purple]
26.442453 -20.422969 -8.643684 -0.076777 -0.937116 -0.340467 0.997048 -0.072162 -0.026218 0.000000 -0.341475 0.939891 B 2.000000 4.000000 18.000000 C[purple]
26.095710 -26.323229 8.604179 -0.085199 -0.936473 -0.340234 0.996364 -0.080077 -0.029093 -0.000000 -0.341475 0.939891 B 2.000000 4.000000 18.000000 C[purple]
26.053068 29.665484 25.946908 0.130273 -0.931881 -0.338565 0.991478 0.122442 0.044485 0.000000 -0.341475 0.939891 B 2.000000 4.000000 18.000000 C[purple]
26.479477 23.478269 42.985879 0.240553 -0.912292 -0.331448 0.970636 0.226094 0.082143 0.000000 -0.341475 0.939891 B 2.000000 4.000000 18.000000 C[purple]
26.497353 17.236020 60.553479 0.175782 -0.925256 -0.336158 0.984429 0.165216 0.060025 -0.000000 -0.341475 0.939891 B 2.000000 4.000000 18.000000 C[purple]
26.579759 11.117481 77.588108 -0.066838 -0.937789 -0.340712 0.997764 -0.062820 -0.022823 -0.000000 -0.341475 0.939891 B 2.000000 4.000000 18.000000 C[purple]
-6.768506 -27.784146 77.196765 0.973210 -0.216099 -0.078512 0.229920 0.914711 0.332327 -0.000000 -0.341475 0.939891 B 2.000000 4.000000 18.000000 C[purple]
-7.053586 28.515684 -77.428147 0.921750 -0.364476 -0.132419 0.387786 0.866344 0.314755 -0.000000 -0.341475 0.939891 B 2.000000 4.000000 18.000000 C[purple]
-7.074101 21.996337 -59.949393 0.973937 -0.213184 -0.077453 0.226818 0.915395 0.332576 -0.000000 -0.341475 0.939891 B 2.000000 4.000000 18.000000 C[purple]
-7.091542 15.763014 -42.868231 0.904793 -0.400254 -0.145418 0.425851 0.850407 0.308965 0.000000 -0.341475 0.939891 B 2.000000 4.000000 18.000000 C[purple]
-7.509532 9.459199 -25.623209 0.932791 -0.338754 -0.123074 0.360419 0.876721 0.318525 -0.000000 -0.341475 0.939891 B 2.000000 4.000000 18.000000 C[purple]
-7.264018 3.160235 -8.553109 0.938426 -0.324714 -0.117973 0.345480 0.882018 0.320449 -0.000000 -0.341475 0.939891 B 2.000000 4.000000 18.000000 C[purple]
-7.026575 -2.828296 8.439904 0.976077 -0.204355 -0.074245 0.217425 0.917406 0.333306 -0.000000 -0.341475 0.939891 B 2.000000 4.000000 18.000000 C[purple]
-6.562347 -9.093337 25.623308 0.982187 -0.176610 -0.064165 0.187904 0.923149 0.335393 -0.000000 -0.341475 0.939891 B 2.000000 4.000000 18.000000 C[purple]
-6.802425 -15.283167 42.636464 0.940432 -0.319545 -0.116095 0.339981 0.883904 0.321135 -0.000000 -0.341475 0.939891 B 2.000000 4.000000 18.000000 C[purple]
-6.893745 -21.719523 59.761600 0.995395 -0.090096 -0.032733 0.095858 0.935563 0.339903 0.000000 -0.341475 0.939891 B 2.000000 4.000000 18.000000 C[purple]
-33.526957 23.633843 -77.451484 0.362483 0.875969 0.318252 -0.931990 0.340695 0.123779 0.000000 -0.341475 0.939891 B 2.000000 4.000000 18.000000 C[purple]
-33.882965 17.387263 -60.219882 0.380451 0.869212 0.315797 -0.924801 0.357582 0.129915 0.000000 -0.341475 0.939891 B 2.000000 4.000000 18.000000 C[purple]
-34.357120 11.053399 -43.056072 0.403348 0.860044 0.312466 -0.915047 0.379103 0.137733 0.000000 -0.341475 0.939891 B 2.000000 4.000000 18.000000 C[purple]
-34.347643 4.629827 -25.932033 0.303334 0.895607 0.325387 -0.952884 0.285101 0.103581 -0.000000 -0.341475 0.939891 B 2.000000 4.000000 18.000000 C[purple]
-34.093765 -1.354043 -8.410817 0.311726 0.893058 0.324460 -0.950172 0.292988 0.106447 -0.000000 -0.341475 0.939891 B 2.000000 4.000000 18.000000 C[purple]
-34.182585 -7.456069 8.708815 0.429479 0.848793 0.308378 -0.903077 0.403664 0.146657 0.000000 -0.341475 0.939891 B 2.000000 4.000000 18.000000 C[purple]
-33.860812 -13.814291 25.738594 0.311125 0.893243 0.324528 -0.950369 0.292423 0.106242 0.000000 -0.341475 0.939891 B 2.000000 4.000000 18.000000 C[purple]
-33.781397 -20.190422 42.783151 0.042618 0.939037 0.341165 -0.999091 0.040057 0.014553 -0.000000 -0.341475 0.939891 B 2.000000 4.000000 18.000000 C[purple]
-33.578315 -26.135690 60.193875 0.082286 0.936703 0.340317 -0.996609 0.077339 0.028098 0.000000 -0.341475 0.939891 B 2.000000 4.000000 18.000000 C[purple]
-33.538457 29.857788 77.352498 0.310711 0.893370 0.324574 -0.950504 0.292034 0.106100 -0.000000 -0.341475 0.939891 B 2.000000 4.000000 18.000000 C[purple]
37.497942 21.503393 -77.398635 0.851294 -0.493151 -0.179169 0.524689 0.800123 0.290696 0.000000 -0.341475 0.939891 B 2.000000 4.000000 18.000000 C[purple]
37.288675 15.377154 -60.409551 0.916711 -0.375534 -0.136437 0.399551 0.861608 0.313034 -0.000000 -0.341475 0.939891 B 2.000000 4.000000 18.000000 C[purple]
37.381770 9.233366 -43.157160 0.990579 -0.128712 -0.046763 0.136944 0.931036 0.338258 -0.000000 -0.341475 0.939891 B 2.000000 4.000000 18.000000 C[purple]
37.518311 2.989577 -25.926543 0.954931 -0.278987 -0.101360 0.296829 0.897530 0.326085 0.000000 -0.341475 0.939891 B 2.000000 4.000000 18.000000 C[purple]
37.202934 -3.071931 -8.802880 0.927224 -0.351997 -0.127885 0.374508 0.871489 0.316624 0.000000 -0.341475 0.939891 B 2.000000 4.000000 18.000000 C[purple]
37.265177 -9.401578 8.197929 0.888700 -0.430930 -0.156563 0.458490 0.835281 0.303469 0.000000 -0.341475 0.939891 B 2.000000 4.000000 18.000000 C[purple]
37.271941 -15.333948 25.685977 0.841075 -0.508405 -0.184711 0.540919 0.790518 0.287206 0.000000 -0.341475 0.939891 B 2.000000 4.000000 18.000000 C[purple]
37.491759 -21.830023 42.804397 0.752980 -0.618489 -0.224706 0.658043 0.707719 0.257124 -0.000000 -0.341475 0.939891 B 2.000000 4.000000 18.000000 C[purple]
37.167040 -28.122793 60.035692 0.802639 -0.560612 -0.203678 0.596465 0.754393 0.274081 0.000000 -0.341475 0.939891 B 2.000000 4.000000 18.000000 C[purple]
37.400082 27.862462 77.405790 0.755411 -0.615865 -0.223752 0.655252 0.710003 0.257954 -0.000000 -0.341475 0.939891 B 2.000000 4.000000 18.000000 C[purple]
42.132603 4.089177 -77.319303 -0.315796 -0.891794 -0.324001 0.948827 -0.296813 -0.107836 -0.000000 -0.341475 0.939891 B 2.000000 4.000000 18.000000 C[purple]
42.242800 -2.028949 -60.259704 -0.101114 -0.935074 -0.339725 0.994875 -0.095036 -0.034528 0.000000 -0.341475 0.939891 B 2.000000 4.000000 18.000000 C[purple]
42.545568 -8.198227 -42.954663 -0.293507 -0.898495 -0.326436 0.955957 -0.275865 -0.100225 -0.000000 -0.341475 0.939891 B 2.000000 4.000000 18.000000 C[purple]
42.550292 -14.769572 -25.813627 -0.333893 -0.885951 -0.321878 0.942611 -0.313823 -0.114016 0.000000 -0.341475 0.939891 B 2.000000 4.000000 18.000000 C[purple]
42.268388 -20.988401 -8.535640 -0.367341 -0.874180 -0.317602 0.930086 -0.345260 -0.125438 0.000000 -0.341475 0.939891 B 2.000000 4.000000 18.000000 C[purple]
42.324729 -27.208154 8.536623 -0.422897 -0.851708 -0.309437 0.906178 -0.397477 -0.144409 -0.000000 -0.341475 0.939891 B 2.000000 4.000000 18.000000 C[purple]
42.120660 29.023892 25.950450 -0.242045 -0.911943 -0.331322 0.970265 -0.227496 -0.082652 0.000000 -0.341475 0.939891 B 2.000000 4.000000 18.000000 C[purple]
42.114397 22.944096 43.216999 -0.100012 -0.935178 -0.339763 0.994986 -0.094000 -0.034152 0.000000 -0.341475 0.939891 B 2.000000 4.000000 18.000000 C[purple]
41.754283 16.665310 60.331406 0.055444 -0.938445 -0.340950 0.998462 0.052112 0.018933 -0.000000 -0.341475 0.939891 B 2.000000 4.000000 18.000000 C[purple]
41.846484 10.574604 77.636219 -0.225095 -0.915770 -0.332712 0.974337 -0.211565 -0.076865 0.000000 -0.341475 0.939891 B 2.000000 4.000000 18.000000 C[purple]
49.472765 -17.577860 -77.126867 0.260977 0.907319 0.329642 -0.965345 0.245290 0.089117 -0.000000 -0.341475 0.939891 B 2.000000 4.000000 18.000000 C[purple]
49.390124 -23.858107 -59.730189 0.178742 0.924755 0.335976 -0.983896 0.167998 0.061036 0.000000 -0.341475 0.939891 B 2.000000 4.000000 18.000000 C[purple]
49.563083 -30.280321 -42.731606 0.185824 0.923521 0.335528 -0.982583 0.174654 0.063454 -0.000000 -0.341475 0.939891 B 2.000000 4.000000 18.000000 C[purple]
49.631736 26.006107 -25.619381 -0.179471 0.924630 0.335931 -0.983763 -0.168683 -0.061285 0.000000 -0.341475 0.939891 B 2.000000 4.000000 18.000000 C[purple]
49.762700 19.684848 -8.279827 -0.403486 0.859987 0.312445 -0.914986 -0.379233 -0.137781 0.000000 -0.341475 0.939891 B 2.000000 4.000000 18.000000 C[purple]
49.730924 13.487549 8.904285 -0.169047 0.926364 0.336561 -0.985608 -0.158885 -0.057725 -0.000000 -0.341475 0.939891 B 2.000000 4.000000 18.000000 C[purple]
49.676271 7.484655 26.163666 -0.313808 0.892414 0.324226 -0.949486 -0.294945 -0.107158 -0.000000 -0.341475 0.939891 B 2.000000 4.000000 18.000000 C[purple]
49.917090 1.261056 43.238292 -0.119222 0.933187 0.339040 -0.992868 -0.112055 -0.040711 0.000000 -0.341475 0.939891 B 2.000000 4.000000 18.000000 C[purple]
49.721790 -5.136331 60.302484 -0.045675 0.938910 0.341119 -0.998956 -0.042930 -0.015597 -0.000000 -0.341475 0.939891 B 2.000000 4.000000 18.000000 C[purple]
49.861864 -11.588895 77.674530 0.200609 0.920784 0.334534 -0.979671 0.188551 0.068503 0.000000 -0.341475 0.939891 B 2.000000 4.000000 18.000000 C[purple]
-39.946486 -28.695621 -77.204116 0.068504 -0.937683 -0.340673 0.997651 0.064386 0.023392 -0.000000 -0.341475 0.939891 B 2.000000 4.000000 18.000000 C[purple]
-40.104819 27.780426 -60.174574 -0.033214 -0.939372 -0.341287 0.999448 -0.031217 -0.011342 0.000000 -0.341475 0.939891 B 2.000000 4.000000 18.000000 C[purple]
-40.192120 21.437008 -42.634454 -0.140179 -0.930610 -0.338104 0.990126 -0.131753 -0.047868 0.000000 -0.341475 0.939891 B 2.000000 4.000000 18.000000 C[purple]
-39.990820 15.189462 -25.496312 -0.057152 -0.938354 -0.340917 0.998366 -0.053716 -0.019516 0.000000 -0.341475 0.939891 B 2.000000 4.000000 18.000000 C[purple]
-39.815532 9.053858 -8.223160 0.209538 -0.919026 -0.333895 0.977801 0.196943 0.071552 -0.000000 -0.341475 0.939891 B 2.000000 4.000000 18.000000 C[purple]
-39.481704 3.018540 9.195540 0.183220 -0.923980 -0.335695 0.983072 0.172207 0.062565 -0.000000 -0.341475 0.939891 B 2.000000 4.000000 18.000000 C[purple]
-39.428925 -3.479810 26.304285 0.208334 -0.919267 -0.333983 0.978058 0.195811 0.071141 0.000000 -0.341475 0.939891 B 2.000000 4.000000 18.000000 C[purple]
-39.696908 -9.959333 43.481288 0.306272 -0.894723 -0.325065 0.951944 0.287862 0.104584 0.000000 -0.341475 0.939891 B 2.000000 4.000000 18.000000 C[purple]
-39.345465 -16.204351 60.605717 0.282718 -0.901546 -0.327544 0.959203 0.265724 0.096541 -0.000000 -0.341475 0.939891 B 2.000000 4.000000 18.000000 C[purple]
-39.665583 -22.514635 77.838045 0.053809 -0.938529 -0.340981 0.998551 0.050574 0.018374 0.000000 -0.341475 0.939891 B 2.000000 4.000000 18.000000 C[purple]
3.426018 -22.376874 77.375678 0.861183 -0.477741 -0.173570 0.508294 0.809418 0.294073 0.000000 -0.341475 0.939891 B 2.000000 4.000000 18.000000 C[purple]
3.195365 -28.519847 -77.202241 0.819622 -0.538468 -0.195633 0.572905 0.770355 0.279881 -0.000000 -0.341475 0.939891 B 2.000000 4.000000 18.000000 C[purple]
3.430954 27.553457 -59.694324 0.756591 -0.614583 -0.223287 0.653888 0.711113 0.258357 -0.000000 -0.341475 0.939891 B 2.000000 4.000000 18.000000 C[purple]
3.761470 21.114582 -42.604027 0.751975 -0.619568 -0.225098 0.659192 0.706774 0.256781 0.000000 -0.341475 0.939891 B 2.000000 4.000000 18.000000 C[purple]
3.664747 14.765486 -25.589067 0.931607 -0.341620 -0.124115 0.363468 0.875608 0.318121 0.000000 -0.341475 0.939891 B 2.000000 4.000000 18.000000 C[purple]
3.374374 8.382427 -8.628048 0.938879 -0.323554 -0.117552 0.344246 0.882444 0.320604 0.000000 -0.341475 0.939891 B 2.000000 4.000000 18.000000 C[purple]
3.503505 2.529918 8.492024 0.901357 -0.407045 -0.147885 0.433077 0.847177 0.307791 0.000000 -0.341475 0.939891 B 2.000000 4.000000 18.000000 C[purple]
3.638141 -3.835912 25.542856 0.809954 -0.551240 -0.200273 0.586493 0.761268 0.276579 -0.000000 -0.341475 0.939891 B 2.000000 4.000000 18.000000 C[purple]
3.487947 -9.853847 43.055030 0.787939 -0.578740 -0.210264 0.615753 0.740577 0.269062 -0.000000 -0.341475 0.939891 B 2.000000 4.000000 18.000000 C[purple]
3.453025 -15.711341 60.197329 0.843398 -0.504993 -0.183471 0.537289 0.792702 0.288000 0.000000 -0.341475 0.939891 B 2.000000 4.000000 18.000000 C[purple]
0.955162 18.036768 -77.436561 0.445568 0.841435 0.305705 -0.895248 0.418785 0.152151 -0.000000 -0.341475 0.939891 B 2.000000 4.000000 18.000000 C[purple]
1.075440 11.619677 -59.974163 0.271501 0.904587 0.328649 -0.962438 0.255182 0.092711 0.000000 -0.341475 0.939891 B 2.000000 4.000000 18.000000 C[purple]
1.121883 5.493900 -42.890484 0.201947 0.920526 0.334440 -0.979396 0.189808 0.068960 0.000000 -0.341475 0.939891 B 2.000000 4.000000 18.000000 C[purple]
1.059529 -0.795602 -26.013487 0.406286 0.858821 0.312022 -0.913746 0.381865 0.138737 0.000000 -0.341475 0.939891 B 2.000000 4.000000 18.000000 C[purple]
0.706457 -6.937651 -8.511356 0.379365 0.869631 0.315949 -0.925247 0.356562 0.129544 0.000000 -0.341475 0.939891 B 2.000000 4.000000 18.000000 C[purple]
0.420085 -13.018114 8.536458 0.582208 0.764169 0.277633 -0.813040 0.547212 0.198810 -0.000000 -0.341475 0.939891 B 2.000000 4.000000 18.000000 C[purple]
0.594582 -19.463255 25.754080 0.668092 0.699353 0.254085 -0.744079 0.627933 0.228137 -0.000000 -0.341475 0.939891 B 2.000000 4.000000 18.000000 C[purple]
0.538153 -25.366163 43.013126 0.773904 0.595235 0.216257 -0.633303 0.727386 0.264269 -0.000000 -0.341475 0.939891 B 2.000000 4.000000 18.000000 C[purple]
0.891661 30.750179 60.121568 0.655440 0.709850 0.257898 -0.755248 0.616042 0.223817 0.000000 -0.341475 0.939891 B 2.000000 4.000000 18.000000 C[purple]
1.143402 24.342850 77.142237 0.658773 0.707119 0.256906 -0.752342 0.619175 0.224955 -0.000000 -0.341475 0.939891 B 2.000000 4.000000 18.000000 C[purple]
2.188975 5.806156 77.219941 -0.267537 0.905629 0.329028 -0.963547 -0.251456 -0.091357 -0.000000 -0.341475 0.939891 B 2.000000 4.000000 18.000000 C[purple]
2.369172 -0.414320 -77.742085 -0.100333 0.935148 0.339752 -0.994954 -0.094302 -0.034261 -0.000000 -0.341475 0.939891 B 2.000000 4.000000 18.000000 C[purple]
2.393887 -6.702442 -60.387812 0.156083 0.928371 0.337290 -0.987744 0.146701 0.053298 0.000000 -0.341475 0.939891 B 2.000000 4.000000 18.000000 C[purple]
2.768671 -12.830607 -43.083409 0.107146 0.934480 0.339510 -0.994243 0.100706 0.036588 0.000000 -0.341475 0.939891 B 2.000000 4.000000 18.000000 C[purple]
2.452270 -18.942561 -25.876508 0.115450 0.933606 0.339192 -0.993313 0.108511 0.039423 0.000000 -0.341475 0.939891 B 2.000000 4.000000 18.000000 C[purple]
2.579881 -25.390394 -8.652010 -0.107074 0.934487 0.339512 -0.994251 -0.100638 -0.036563 0.000000 -0.341475 0.939891 B 2.000000 4.000000 18.000000 C[purple]
2.530432 30.964324 8.643253 -0.113837 0.933781 0.339256 -0.993499 -0.106994 -0.038873 0.000000 -0.341475 0.939891 B 2.000000 4.000000 18.000000 C[purple]
2.287156 24.967172 25.729504 -0.196163 0.921630 0.334841 -0.980571 -0.184371 -0.066985 0.000000 -0.341475 0.939891 B 2.000000 4.000000 18.000000 C[purple]
2.208156 18.466488 42.834112 -0.312443 0.892836 0.324380 -0.949936 -0.293663 -0.106692 -0.000000 -0.341475 0.939891 B 2.000000 4.000000 18.000000 C[purple]
2.016016 12.207588 60.086346 -0.401624 0.860756 0.312725 -0.915805 -0.377483 -0.137145 0.000000 -0.341475 0.939891 B 2.000000 4.000000 18.000000 C[purple]
-48.779250 22.759339 -77.224499 0.573742 -0.769805 -0.279681 0.819036 0.539255 0.195919 0.000000 -0.341475 0.939891 B 2.000000 4.000000 18.000000 C[purple]
-48.795433 16.406310 -59.652101 0.560960 -0.778082 -0.282688 0.827843 0.527241 0.191554 0.000000 -0.341475 0.939891 B 2.000000 4.000000 18.000000 C[purple]
-49.237534 10.006428 -42.588947 0.579306 -0.766114 -0.278340 0.815110 0.544485 0.197819 -0.000000 -0.341475 0.939891 B 2.000000 4.000000 18.000000 C[purple]
-49.139374 3.831980 -25.661958 0.525090 -0.799891 -0.290612 0.851047 0.493527 0.179305 -0.000000 -0.341475 0.939891 B 2.000000 4.000000 18.000000 C[purple]
-49.098335 -2.764648 -8.712184 0.492989 -0.817738 -0.297096 0.870036 0.463356 0.168344 0.000000 -0.341475 0.939891 B 2.000000 4.000000 18.000000 C[purple]
-48.976530 -9.138341 8.166512 0.601805 -0.750637 -0.272717 0.798643 0.565631 0.205502 0.000000 -0.341475 0.939891 B 2.000000 4.000000 18.000000 C[purple]
-48.920924 -15.121848 25.216768 0.815136 -0.544451 -0.197807 0.579270 0.766138 0.278349 -0.000000 -0.341475 0.939891 B 2.000000 4.000000 18.000000 C[purple]
-48.760443 -21.218156 42.770748 0.685069 -0.684690 -0.248757 0.728478 0.643890 0.233934 -0.000000 -0.341475 0.939891 B 2.000000 4.000000 18.000000 C[purple]
-48.810045 -27.533870 60.000961 0.354835 -0.878731 -0.319255 0.934929 0.333506 0.121167 0.000000 -0.341475 0.939891 B 2.000000 4.000000 18.000000 C[purple]
-48.602316 28.720921 77.517486 0.616688 -0.739890 -0.268812 0.787208 0.579619 0.210584 0.000000 -0.341475 0.939891 B 2.000000 4.000000 18.000000 C[purple]
-29.676767 2.473313 -77.141086 0.963366 -0.252069 -0.091580 0.268190 0.905459 0.328966 -0.000000 -0.341475 0.939891 B 2.000000 4.000000 18.000000 C[purple]
-29.568969 -3.697181 -60.094267 0.898127 -0.413304 -0.150159 0.439736 0.844141 0.306688 0.000000 -0.341475 0.939891 B 2.000000 4.000000 18.000000 C[purple]
-29.598222 -9.662462 -42.814932 0.791928 -0.573911 -0.208510 0.610615 0.744325 0.270424 -0.000000 -0.341475 0.939891 B 2.000000 4.000000 18.000000 C[purple]
-29.562888 -15.997106 -25.566553 0.569421 -0.772633 -0.280708 0.822046 0.535194 0.194443 -0.000000 -0.341475 0.939891 B 2.000000 4.000000 18.000000 C[purple]
-29.737974 -22.434097 -8.494322 0.582612 -0.763896 -0.277534 0.812750 0.547592 0.198948 -0.000000 -0.341475 0.939891 B 2.000000 4.000000 18.000000 C[purple]
-29.818816 -28.790867 8.432949 0.690391 -0.679951 -0.247036 0.723437 0.648892 0.235752 -0.000000 -0.341475 0.939891 B 2.000000 4.000000 18.000000 C[purple]
-29.854528 27.308528 25.977659 0.823461 -0.533268 -0.193744 0.567372 0.773964 0.281192 -0.000000 -0.341475 0.939891 B 2.000000 4.000000 18.000000 C[purple]
-29.880453 20.729960 43.094542 0.832059 -0.521346 -0.189412 0.554688 0.782044 0.284128 0.000000 -0.341475 0.939891 B 2.000000 4.000000 18.000000 C[purple]
-29.875008 14.721723 60.085117 0.937309 -0.327552 -0.119004 0.348500 0.880968 0.320068 0.000000 -0.341475 0.939891 B 2.000000 4.000000 18.000000 C[purple]
-29.926987 8.433211 77.520627 0.934177 -0.335362 -0.121842 0.356810 0.878024 0.318998 0.000000 -0.341475 0.939891 B 2.000000 4.000000 18.000000 C[purple]
46.559862 -21.019994 77.525635 0.573087 -0.770235 -0.279837 0.819494 0.538639 0.195695 -0.000000 -0.341475 0.939891 B 2.000000 4.000000 18.000000 C[purple]
46.801332 -27.426431 -77.356971 0.650671 -0.713715 -0.259303 0.759360 0.611560 0.222188 0.000000 -0.341475 0.939891 B 2.000000 4.000000 18.000000 C[purple]
47.217552 28.949070 -60.176938 0.572021 -0.770935 -0.280091 0.820239 0.537637 0.195331 0.000000 -0.341475 0.939891 B 2.000000 4.000000 18.000000 C[purple]
47.037439 22.831801 -43.222311 0.328020 -0.887887 -0.322582 0.944671 0.308303 0.112011 -0.000000 -0.341475 0.939891 B 2.000000 4.000000 18.000000 C[purple]
47.065248 16.919133 -25.850602 0.263531 -0.906667 -0.329405 0.964651 0.247690 0.089989 -0.000000 -0.341475 0.939891 B 2.000000 4.000000 18.000000 C[purple]
47.063475 10.682160 -8.620556 0.119921 -0.933108 -0.339011 0.992783 0.112713 0.040950 0.000000 -0.341475 0.939891 B 2.000000 4.000000 18.000000 C[purple]
47.168145 4.220061 8.673979 0.122954 -0.932759 -0.338884 0.992412 0.115563 0.041986 -0.000000 -0.341475 0.939891 B 2.000000 4.000000 18.000000 C[purple]
47.066419 -2.085985 26.307774 0.192150 -0.922376 -0.335112 0.981366 0.180600 0.065614 0.000000 -0.341475 0.939891 B 2.000000 4.000000 18.000000 C[purple]
46.803378 -8.099142 43.278373 0.128876 -0.932053 -0.338628 0.991661 0.121130 0.044008 -0.000000 -0.341475 0.939891 B 2.000000 4.000000 18.000000 C[purple]
46.662202 -14.786424 60.455696 0.166264 -0.926809 -0.336723 0.986081 0.156270 0.056775 0.000000 -0.341475 0.939891 B 2.000000 4.000000 18.000000 C[purple]
29.812281 22.875405 77.227523 -0.459702 -0.834692 -0.303255 0.888073 -0.432070 -0.156977 0.000000 -0.341475 0.939891 B 2.000000 4.000000 18.000000 C[purple]
29.729789 16.473324 -77.259468 -0.664469 -0.702395 -0.255190 0.747316 -0.624528 -0.226900 0.000000 -0.341475 0.939891 B 2.000000 4.000000 18.000000 C[purple]
30.077755 9.922245 -60.168132 -0.680112 -0.689041 -0.250338 0.733108 -0.639231 -0.232242 0.000000 -0.341475 0.939891 B 2.000000 4.000000 18.000000 C[purple]
30.025193 3.612894 -43.002415 -0.841973 -0.507090 -0.184233 0.539520 -0.791362 -0.287513 0.000000 -0.341475 0.939891 B 2.000000 4.000000 18.000000 C[purple]
29.963631 -2.581891 -26.067733 -0.836888 -0.514472 -0.186915 0.547374 -0.786583 -0.285777 0.000000 -0.341475 0.939891 B 2.000000 4.000000 18.000000 C[purple]
30.229024 -8.927201 -8.855822 -0.726058 -0.646300 -0.234810 0.687633 -0.682415 -0.247931 0.000000 -0.341475 0.939891 B 2.000000 4.000000 18.000000 C[purple]
30.165136 -15.260426 8.562259 -0.714327 -0.657747 -0.238969 0.699812 -0.671389 -0.243925 0.000000 -0.341475 0.939891 B 2.000000 4.000000 18.000000 C[purple]
30.241176 -21.288957 25.652106 -0.533125 -0.795182 -0.288901 0.846037 -0.501079 -0.182049 0.000000 -0.341475 0.939891 B 2.000000 4.000000 18.000000 C[purple]
30.056476 -27.227902 42.648136 -0.499676 -0.814145 -0.295790 0.866212 -0.469641 -0.170627 0.000000 -0.341475 0.939891 B 2.000000 4.000000 18.000000 C[purple]
30.053858 28.993588 60.164546 -0.280486 -0.902162 -0.327768 0.959858 -0.263626 -0.095779 -0.000000 -0.341475 0.939891 B 2.000000 4.000000 18.000000 C[purple]
28.550970 -8.907038 76.758635 0.475767 -0.826701 -0.300352 0.879571 0.447169 0.162463 -0.000000 -0.341475 0.939891 B 2.000000 4.000000 18.000000 C[purple]
28.862144 -15.040375 -78.182987 0.601831 -0.750619 -0.272710 0.798623 0.565655 0.205511 0.000000 -0.341475 0.939891 B 2.000000 4.000000 18.000000 C[purple]
29.017187 -21.051135 -60.750120 0.711577 -0.660375 -0.239924 0.702608 0.668804 0.242986 0.000000 -0.341475 0.939891 B 2.000000 4.000000 18.000000 C[purple]
29.239713 -27.314475 -43.513729 0.593685 -0.756328 -0.274784 0.804697 0.557999 0.202729 0.000000 -0.341475 0.939891 B 2.000000 4.000000 18.000000 C[purple]
28.973056 28.575199 -26.393424 0.531654 -0.796051 -0.289217 0.846962 0.499697 0.181547 -0.000000 -0.341475 0.939891 B 2.000000 4.000000 18.000000 C[purple]
28.771087 22.285690 -9.508839 0.640088 -0.722120 -0.262356 0.768302 0.601613 0.218574 0.000000 -0.341475 0.939891 B 2.000000 4.000000 18.000000 C[purple]
28.981222 16.201774 7.842427 0.516371 -0.804890 -0.292428 0.856365 0.485332 0.176328 0.000000 -0.341475 0.939891 B 2.000000 4.000000 18.000000 C[purple]
28.711607 9.720178 25.002497 0.291003 -0.899214 -0.326697 0.956722 0.273511 0.099371 -0.000000 -0.341475 0.939891 B 2.000000 4.000000 18.000000 C[purple]
28.376612 3.765956 42.184462 0.325827 -0.888600 -0.322841 0.945429 0.306242 0.111262 0.000000 -0.341475 0.939891 B 2.000000 4.000000 18.000000 C[purple]
28.285328 -2.774725 59.697350 0.213640 -0.918191 -0.333592 0.976913 0.200798 0.072953 0.000000 -0.341475 0.939891 B 2.000000 4.000000 18.000000 C[purple]
9.091071 11.778500 -77.525089 0.935799 -0.331344 -0.120382 0.352534 0.879549 0.319552 -0.000000 -0.341475 0.939891 B 2.000000 4.000000 18.000000 C[purple]
9.291429 5.696709 -60.166344 0.789125 -0.577311 -0.209745 0.614232 0.741692 0.269467 0.000000 -0.341475 0.939891 B 2.000000 4.000000 18.000000 C[purple]
9.028262 -0.323524 -43.028012 0.762090 -0.608553 -0.221096 0.647472 0.716281 0.260235 -0.000000 -0.341475 0.939891 B 2.000000 4.000000 18.000000 C[purple]
9.129226 -6.381262 -25.974275 0.930114 -0.345194 -0.125414 0.367270 0.874206 0.317611 -0.000000 -0.341475 0.939891 B 2.000000 4.000000 18.000000 C[purple]
9.101577 -12.917473 -8.455433 0.839115 -0.511257 -0.185747 0.543954 0.788677 0.286537 0.000000 -0.341475 0.939891 B 2.000000 4.000000 18.000000 C[purple]
9.057756 -19.056423 8.569869 0.865150 -0.471367 -0.171254 0.501513 0.813147 0.295427 -0.000000 -0.341475 0.939891 B 2.000000 4.000000 18.000000 C[purple]
9.205675 -25.316493 25.794220 0.700457 -0.670795 -0.243709 0.713695 0.658353 0.239189 -0.000000 -0.341475 0.939891 B 2.000000 4.000000 18.000000 C[purple]
9.160703 31.014887 42.987063 0.806680 -0.555464 -0.201808 0.590988 0.758191 0.275462 0.000000 -0.341475 0.939891 B 2.000000 4.000000 18.000000 C[purple]
9.048698 24.521601 59.879117 0.876302 -0.452804 -0.164510 0.481763 0.823628 0.299236 0.000000 -0.341475 0.939891 B 2.000000 4.000000 18.000000 C[purple]
9.129245 18.380230 77.420957 0.865700 -0.470474 -0.170930 0.500563 0.813664 0.295615 0.000000 -0.341475 0.939891 B 2.000000 4.000000 18.000000 C[purple]
46.381994 16.478972 -77.441262 0.128218 0.932133 0.338657 -0.991746 0.120511 0.043783 0.000000 -0.341475 0.939891 B 2.000000 4.000000 18.000000 C[purple]
46.366585 10.239028 -60.098849 -0.038752 0.939185 0.341219 -0.999249 -0.036423 -0.013233 -0.000000 -0.341475 0.939891 B 2.000000 4.000000 18.000000 C[purple]
46.574356 3.990383 -43.087924 0.080896 0.936810 0.340356 -0.996723 0.076033 0.027624 0.000000 -0.341475 0.939891 B 2.000000 4.000000 18.000000 C[purple]
46.384086 -2.039678 -25.875691 0.067522 0.937746 0.340696 -0.997718 0.063463 0.023057 -0.000000 -0.341475 0.939891 B 2.000000 4.000000 18.000000 C[purple]
46.248808 -8.600822 -8.610855 0.162369 0.927419 0.336944 -0.986730 0.152609 0.055445 -0.000000 -0.341475 0.939891 B 2.000000 4.000000 18.000000 C[purple]
46.211205 -14.826429 8.415309 0.469188 0.830016 0.301556 -0.883098 0.440986 0.160216 0.000000 -0.341475 0.939891 B 2.000000 4.000000 18.000000 C[purple]
46.208849 -20.927749 25.678875 0.321645 0.889945 0.323329 -0.946860 0.302312 0.109834 0.000000 -0.341475 0.939891 B 2.000000 4.000000 18.000000 C[purple]
46.575587 -27.151862 42.708642 0.458079 0.835480 0.303541 -0.888911 0.430544 0.156423 0.000000 -0.341475 0.939891 B 2.000000 4.000000 18.000000 C[purple]
46.604456 29.134164 60.098395 0.171382 0.925985 0.336423 -0.985205 0.161080 0.058523 0.000000 -0.341475 0.939891 B 2.000000 4.000000 18.000000 C[purple]
46.281920 22.765070 77.320996 0.195655 0.921725 0.334876 -0.980673 0.183895 0.066811 -0.000000 -0.341475 0.939891 B 2.000000 4.000000 18.000000 C[purple]
1.069139 1.492119 77.709065 -0.999871 -0.015118 -0.005493 0.016085 -0.939769 -0.341431 0.000000 -0.341475 0.939891 B 2.000000 4.000000 18.000000 C[purple]
0.715104 -4.866259 -76.850336 -0.999783 -0.019562 -0.007107 0.020813 -0.939687 -0.341401 0.000000 -0.341475 0.939891 B 2.000000 4.000000 18.000000 C[purple]
0.833847 -11.360803 -59.436195 -0.961767 -0.257407 -0.093520 0.273870 -0.903956 -0.328420 -0.000000 -0.341475 0.939891 B 2.000000 4.000000 18.000000 C[purple]
1.104400 -17.736041 -42.440657 -0.987607 -0.147516 -0.053595 0.156950 -0.928242 -0.337243 0.000000 -0.341475 0.939891 B 2.000000 4.000000 18.000000 C[purple]
1.207295 -24.043746 -25.312142 -0.998414 0.052916 0.019225 -0.056300 -0.938400 -0.340934 0.000000 -0.341475 0.939891 B 2.000000 4.000000 18.000000 C[purple]
1.160072 -29.821055 -8.013197 -0.999988 -0.004535 -0.001648 0.004825 -0.939880 -0.341471 0.000000 -0.341475 0.939891 B 2.000000 4.000000 18.000000 C[purple]
1.133059 26.258709 9.094489 -0.942944 0.312939 0.113695 -0.332952 -0.886264 -0.321992 0.000000 -0.341475 0.939891 B 2.000000 4.000000 18.000000 C[purple]
1.025672 20.051618 26.104385 -0.966630 0.240778 0.087478 -0.256177 -0.908526 -0.330080 0.000000 -0.341475 0.939891 B 2.000000 4.000000 18.000000 C[purple]
0.976390 13.664082 43.493794 -0.991890 0.119456 0.043400 -0.127095 -0.932269 -0.338706 0.000000 -0.341475 0.939891 B 2.000000 4.000000 18.000000 C[purple]
1.005977 7.464464 60.563373 -0.970862 0.225236 0.081831 -0.239641 -0.912504 -0.331525 0.000000 -0.341475 0.939891 B 2.000000 4.000000 18.000000 C[purple]
-22.335641 1.981282 -77.292653 0.991286 -0.123809 -0.044982 0.131728 0.931700 0.338500 0.000000 -0.341475 0.939891 B 2.000000 4.000000 18.000000 C[purple]
-22.324140 -4.394942 -60.212596 0.999449 -0.031194 -0.011333 0.033189 0.939373 0.341287 -0.000000 -0.341475 0.939891 B 2.000000 4.000000 18.000000 C[purple]
-22.359617 -10.311372 -43.097319 0.986622 -0.153225 -0.055669 0.163025 0.927317 0.336907 -0.000000 -0.341475 0.939891 B 2.000000 4.000000 18.000000 C[purple]
-22.326862 -16.740216 -25.886306 0.956236 -0.275010 -0.099915 0.292598 0.898757 0.326531 0.000000 -0.341475 0.939891 B 2.000000 4.000000 18.000000 C[purple]
-22.339598 -23.017888 -8.634145 0.712353 -0.659635 -0.239655 0.701821 0.669534 0.243251 -0.000000 -0.341475 0.939891 B 2.000000 4.000000 18.000000 C[purple]
-21.979050 -29.446684 8.400938 0.733144 -0.639195 -0.232229 0.680074 0.689075 0.250350 0.000000 -0.341475 0.939891 B 2.000000 4.000000 18.000000 C[purple]
-22.010794 27.047940 25.695820 0.832493 -0.520733 -0.189190 0.554036 0.782452 0.284276 -0.000000 -0.341475 0.939891 B 2.000000 4.000000 18.000000 C[purple]
-22.007295 20.830411 42.999379 0.962701 -0.254303 -0.092392 0.270567 0.904834 0.328739 0.000000 -0.341475 0.939891 B 2.000000 4.000000 18.000000 C[purple]
-22.258049 14.520225 60.181822 0.976320 -0.203330 -0.073872 0.216333 0.917634 0.333389 0.000000 -0.341475 0.939891 B 2.000000 4.000000 18.000000 C[purple]
-22.457812 8.183384 77.384218 0.963313 -0.252247 -0.091645 0.268380 0.905409 0.328948 -0.000000 -0.341475 0.939891 B 2.000000 4.000000 18.000000 C[purple]
11.188208 4.048801 77.447072 0.734610 0.637706 0.231688 -0.678490 0.690453 0.250851 -0.000000 -0.341475 0.939891 B 2.000000 4.000000 18.000000 C[purple]
10.898087 -1.996447 -77.553468 0.648120 0.715762 0.260046 -0.761538 0.609162 0.221317 0.000000 -0.341475 0.939891 B 2.000000 4.000000 18.000000 C[purple]
11.140865 -8.242714 -60.415152 0.620061 0.737394 0.267906 -0.784553 0.582790 0.211736 -0.000000 -0.341475 0.939891 B 2.000000 4.000000 18.000000 C[purple]
10.944218 -14.516325 -42.840515 0.762214 0.608415 0.221046 -0.647326 0.716397 0.260277 0.000000 -0.341475 0.939891 B 2.000000 4.000000 18.000000 C[purple]
10.893641 -21.010593 -25.583158 0.797363 0.567224 0.206081 -0.603500 0.749434 0.272280 0.000000 -0.341475 0.939891 B 2.000000 4.000000 18.000000 C[purple]
10.923513 -27.095081 -8.238948 0.622040 0.735921 0.267370 -0.782986 0.584649 0.212411 0.000000 -0.341475 0.939891 B 2.000000 4.000000 18.000000 C[purple]
11.103219 28.829896 8.659185 0.662319 0.704187 0.255841 -0.749222 0.622508 0.226166 0.000000 -0.341475 0.939891 B 2.000000 4.000000 18.000000 C[purple]
11.332708 22.259752 25.800333 0.676465 0.692206 0.251488 -0.736475 0.635803 0.230996 0.000000 -0.341475 0.939891 B 2.000000 4.000000 18.000000 C[purple]
11.292261 16.113719 43.352381 0.792780 0.572871 0.208132 -0.609508 0.745127 0.270715 0.000000 -0.341475 0.939891 B 2.000000 4.000000 18.000000 C[purple]
11.192990 10.201587 60.464506 0.853849 0.489232 0.177745 -0.520520 0.802525 0.291569 -0.000000 -0.341475 0.939891 B 2.000000 4.000000 18.000000 C[purple]
34.972211 -6.696966 77.096531 0.637881 -0.723843 -0.262982 0.770135 0.599538 0.217821 0.000000 -0.341475 0.939891 B 2.000000 4.000000 18.000000 C[purple]
35.212346 -12.769720 -77.465960 0.626698 -0.732422 -0.266099 0.779263 0.589027 0.214002 0.000000 -0.341475 0.939891 B 2.000000 4.000000 18.000000 C[purple]
35.184212 -18.767242 -60.129307 0.468566 -0.830326 -0.301669 0.883428 0.440401 0.160004 0.000000 -0.341475 0.939891 B 2.000000 4.000000 18.000000 C[purple]
35.556943 -24.766712 -43.062169 0.387165 -0.866589 -0.314844 0.922011 0.363892 0.132207 -0.000000 -0.341475 0.939891 B 2.000000 4.000000 18.000000 C[purple]
35.386340 -30.934799 -25.634642 0.334276 -0.885824 -0.321832 0.942475 0.314183 0.114147 0.000000 -0.341475 0.939891 B 2.000000 4.000000 18.000000 C[purple]
35.375017 25.017820 -8.300952 0.375672 -0.871046 -0.316463 0.926753 0.353091 0.128283 0.000000 -0.341475 0.939891 B 2.000000 4.000000 18.000000 C[purple]
35.181463 18.783292 8.852646 0.566993 -0.774209 -0.281281 0.823723 0.532911 0.193614 0.000000 -0.341475 0.939891 B 2.000000 4.000000 18.000000 C[purple]
35.243590 12.394032 26.320564 0.705400 -0.666204 -0.242041 0.708810 0.662999 0.240877 -0.000000 -0.341475 0.939891 B 2.000000 4.000000 18.000000 C[purple]
34.831422 6.252607 43.288234 0.706186 -0.665467 -0.241774 0.708026 0.663738 0.241145 0.000000 -0.341475 0.939891 B 2.000000 4.000000 18.000000 C[purple]
34.948549 -0.159549 60.268554 0.644209 -0.718875 -0.261177 0.764850 0.605486 0.219981 0.000000 -0.341475 0.939891 B 2.000000 4.000000 18.000000 C[purple]
-11.308773 24.117424 78.269034 0.808751 0.552798 0.200839 -0.588152 0.760137 0.276168 0.000000 -0.341475 0.939891 B 2.000000 4.000000 18.000000 C[purple]
-11.251360 17.710017 -76.757720 0.741436 0.630689 0.229138 -0.671024 0.696868 0.253182 -0.000000 -0.341475 0.939891 B 2.000000 4.000000 18.000000 C[purple]
-11.312928 11.586142 -59.816266 0.919481 0.369504 0.134246 -0.393135 0.864212 0.313980 -0.000000 -0.341475 0.939891 B 2.000000 4.000000 18.000000 C[purple]
-11.152584 5.527279 -42.801740 0.944303 0.309297 0.112372 -0.329078 0.887541 0.322456 0.000000 -0.341475 0.939891 B 2.000000 4.000000 18.000000 C[purple]
-11.364027 -1.082082 -25.496813 0.961561 0.258084 0.093766 -0.274590 0.903763 0.328350 0.000000 -0.341475 0.939891 B 2.000000 4.000000 18.000000 C[purple]
-11.548512 -7.686983 -8.207299 0.964563 0.247992 0.090099 -0.263852 0.906584 0.329375 -0.000000 -0.341475 0.939891 B 2.000000 4.000000 18.000000 C[purple]
-11.500638 -13.494970 9.016223 0.949750 0.294195 0.106885 -0.313010 0.892661 0.324316 -0.000000 -0.341475 0.939891 B 2.000000 4.000000 18.000000 C[purple]
-11.366112 -20.035383 26.253439 0.836586 0.514905 0.187072 -0.547835 0.786300 0.285674 0.000000 -0.341475 0.939891 B 2.000000 4.000000 18.000000 C[purple]
-11.217781 -26.348475 43.603106 0.915628 0.377860 0.137282 -0.402026 0.860591 0.312665 -0.000000 -0.341475 0.939891 B 2.000000 4.000000 18.000000 C[purple]
-11.135754 30.136931 61.062568 0.958542 0.267822 0.097304 -0.284951 0.900925 0.327319 0.000000 -0.341475 0.939891 B 2.000000 4.000000 18.000000 C[purple]
-35.430509 10.084107 -77.397464 0.977816 0.196873 0.071527 -0.209464 0.919041 0.333900 0.000000 -0.341475 0.939891 B 2.000000 4.000000 18.000000 C[purple]
-35.411076 3.837354 -59.996778 0.884672 0.438190 0.159201 -0.466214 0.831495 0.302094 0.000000 -0.341475 0.939891 B 2.000000 4.000000 18.000000 C[purple]
-35.583991 -2.752540 -42.806546 0.908916 0.391916 0.142388 -0.416980 0.854281 0.310372 0.000000 -0.341475 0.939891 B 2.000000 4.000000 18.000000 C[purple]
-35.503624 -9.043859 -25.709883 0.917895 0.372970 0.135505 -0.396823 0.862721 0.313439 0.000000 -0.341475 0.939891 B 2.000000 4.000000 18.000000 C[purple]
-35.246622 -15.299109 -8.727134 0.807100 0.554925 0.201612 -0.590414 0.758586 0.275605 -0.000000 -0.341475 0.939891 B 2.000000 4.000000 18.000000 C[purple]
-35.360112 -21.682138 8.451183 0.772559 0.596777 0.216817 -0.634943 0.726121 0.263810 0.000000 -0.341475 0.939891 B 2.000000 4.000000 18.000000 C[purple]
-35.610545 -27.905893 25.564671 0.789663 0.576662 0.209509 -0.613541 0.742197 0.269650 -0.000000 -0.341475 0.939891 B 2.000000 4.000000 18.000000 C[purple]
-35.602411 28.078331 42.578960 0.879605 0.447110 0.162441 -0.475705 0.826733 0.300363 0.000000 -0.341475 0.939891 B 2.000000 4.000000 18.000000 C[purple]
-35.608752 22.066342 59.951596 0.942908 0.313034 0.113729 -0.333053 0.886231 0.321980 0.000000 -0.341475 0.939891 B 2.000000 4.000000 18.000000 C[purple]
-35.387314 15.962011 77.390425 0.945678 0.305563 0.111015 -0.325105 0.888834 0.322926 -0.000000 -0.341475 0.939891 B 2.000000 4.000000 18.000000 C[purple]
-10.392680 6.471675 -76.494586 0.759074 0.611873 0.222302 -0.651004 0.713447 0.259205 0.000000 -0.341475 0.939891 B 2.000000 4.000000 18.000000 C[purple]
-10.529194 0.432498 -59.224580 0.556066 0.781179 0.283813 -0.831138 0.522642 0.189883 -0.000000 -0.341475 0.939891 B 2.000000 4.000000 18.000000 C[purple]
-10.309442 -5.919678 -42.246832 0.300413 0.896476 0.325702 -0.953809 0.282355 0.102584 -0.000000 -0.341475 0.939891 B 2.000000 4.000000 18.000000 C[purple]
-10.002324 -12.166359 -25.103587 0.547430 0.786549 0.285764 -0.836851 0.514525 0.186934 -0.000000 -0.341475 0.939891 B 2.000000 4.000000 18.000000 C[purple]
-10.171790 -18.314326 -7.555520 0.509249 0.808888 0.293880 -0.860619 0.478638 0.173896 -0.000000 -0.341475 0.939891 B 2.000000 4.000000 18.000000 C[purple]
-10.249718 -24.644080 9.822052 0.786463 0.580512 0.210908 -0.617638 0.739189 0.268558 0.000000 -0.341475 0.939891 B 2.000000 4.000000 18.000000 C[purple]
-10.040784 -31.131949 27.161087 0.867608 0.467359 0.169798 -0.497248 0.815457 0.296267 -0.000000 -0.341475 0.939891 B 2.000000 4.000000 18.000000 C[purple]
-10.130479 25.089777 44.203273 0.717163 0.655015 0.237976 -0.696906 0.674055 0.244893 0.000000 -0.341475 0.939891 B 2.000000 4.000000 18.000000 C[purple]
-10.323284 18.734139 61.329074 0.755889 0.615347 0.223564 -0.654700 0.710453 0.258117 0.000000 -0.341475 0.939891 B 2.000000 4.000000 18.000000 C[purple]
-10.258438 12.376037 78.181811 0.757264 0.613851 0.223020 -0.653108 0.711746 0.258587 0.000000 -0.341475 0.939891 B 2.000000 4.000000 18.000000 C[purple]
-9.739258 -3.535838 -77.051459 0.363038 -0.875766 -0.318178 0.931774 0.341216 0.123968 0.000000 -0.341475 0.939891 B 2.000000 4.000000 18.000000 C[purple]
-9.474586 -9.553040 -60.050279 0.388522 -0.866052 -0.314649 0.921439 0.365168 0.132671 -0.000000 -0.341475 0.939891 B 2.000000 4.000000 18.000000 C[purple]
-9.463969 -15.987370 -42.702835 0.476777 -0.826187 -0.300165 0.879024 0.448118 0.162808 0.000000 -0.341475 0.939891 B 2.000000 4.000000 18.000000 C[purple]
-9.467388 -22.352065 -25.339343 0.782705 -0.584981 -0.212532 0.622393 0.735657 0.267275 -0.000000 -0.341475 0.939891 B 2.000000 4.000000 18.000000 C[purple]
-9.616101 -28.701057 -8.439339 0.565984 -0.774861 -0.281518 0.824416 0.531963 0.193269 0.000000 -0.341475 0.939891 B 2.000000 4.000000 18.000000 C[purple]
-9.325350 27.536074 8.588365 0.512807 -0.806900 -0.293158 0.858504 0.481983 0.175111 -0.000000 -0.341475 0.939891 B 2.000000 4.000000 18.000000 C[purple]
-9.647583 21.571152 25.860562 0.490345 -0.819141 -0.297605 0.871528 0.460871 0.167441 0.000000 -0.341475 0.939891 B 2.000000 4.000000 18.000000 C[purple]
