16.117927 -5.658323 -77.610588 0.984788 0.163313 0.059334 -0.173757 0.925594 0.336281 -0.000000 -0.341475 0.939891 B 2.000000 4.000000 18.000000 C[purple]
16.259572 -11.921474 -59.979411 0.980564 0.184406 0.066997 -0.196199 0.921623 0.334838 -0.000000 -0.341475 0.939891 B 2.000000 4.000000 18.000000 C[purple]
15.874505 -18.366587 -42.754571 0.965269 0.245554 0.089213 -0.261258 0.907247 0.329616 -0.000000 -0.341475 0.939891 B 2.000000 4.000000 18.000000 C[purple]
15.807354 -24.347519 -25.696816 0.908055 0.393673 0.143027 -0.418850 0.853473 0.310079 0.000000 -0.341475 0.939891 B 2.000000 4.000000 18.000000 C[purple]
15.872733 -30.729511 -8.512760 0.904196 0.401443 0.145850 -0.427117 0.849846 0.308761 -0.000000 -0.341475 0.939891 B 2.000000 4.000000 18.000000 C[purple]
15.488227 25.518144 8.503197 0.909005 0.391733 0.142322 -0.416785 0.854365 0.310403 -0.000000 -0.341475 0.939891 B 2.000000 4.000000 18.000000 C[purple]
15.595721 18.929532 25.558852 0.964906 0.246812 0.089670 -0.262597 0.906906 0.329492 -0.000000 -0.341475 0.939891 B 2.000000 4.000000 18.000000 C[purple]
15.870044 12.732848 42.644147 0.987154 0.150168 0.054558 -0.159772 0.927817 0.337089 -0.000000 -0.341475 0.939891 B 2.000000 4.000000 18.000000 C[purple]
15.996759 6.216338 59.733777 0.944367 0.309125 0.112309 -0.328894 0.887602 0.322478 -0.000000 -0.341475 0.939891 B 2.000000 4.000000 18.000000 C[purple]
16.039158 0.220363 77.299389 0.970776 0.225561 0.081949 -0.239986 0.912424 0.331496 0.000000 -0.341475 0.939891 B 2.000000 4.000000 18.000000 C[purple]
-9.634902 15.212981 -77.563588 0.869819 -0.463715 -0.168474 0.493371 0.817535 0.297022 -0.000000 -0.341475 0.939891 B 2.000000 4.000000 18.000000 C[purple]
-9.775346 8.828330 -60.200185 0.923453 -0.360648 -0.131028 0.383712 0.867945 0.315336 -0.000000 -0.341475 0.939891 B 2.000000 4.000000 18.000000 C[purple]
-9.881266 2.470523 -42.892231 0.890278 -0.428042 -0.155514 0.455417 0.836764 0.304008 -0.000000 -0.341475 0.939891 B 2.000000 4.000000 18.000000 C[purple]
-10.081648 -3.891281 -25.917469 0.943734 -0.310826 -0.112927 0.330704 0.887007 0.322262 -0.000000 -0.341475 0.939891 B 2.000000 4.000000 18.000000 C[purple]
-9.754826 -9.870101 -8.578916 0.958614 -0.267596 -0.097221 0.284710 0.900992 0.327343 0.000000 -0.341475 0.939891 B 2.000000 4.000000 18.000000 C[purple]
-9.533081 -15.804312 8.446462 0.984073 -0.167081 -0.060703 0.177766 0.924921 0.336037 0.000000 -0.341475 0.939891 B 2.000000 4.000000 18.000000 C[purple]
-9.790162 -21.972028 25.777462 0.970016 -0.228434 -0.082993 0.243043 0.911709 0.331236 -0.000000 -0.341475 0.939891 B 2.000000 4.000000 18.000000 C[purple]
-9.961660 -28.189696 42.868708 0.995838 -0.085666 -0.031124 0.091145 0.935979 0.340054 0.000000 -0.341475 0.939891 B 2.000000 4.000000 18.000000 C[purple]
-9.898697 27.881544 59.975385 0.937839 -0.326208 -0.118516 0.347070 0.881466 0.320249 0.000000 -0.341475 0.939891 B 2.000000 4.000000 18.000000 C[purple]
-9.647702 21.594295 76.948000 0.979088 -0.191207 -0.069468 0.203435 0.920236 0.334335 0.000000 -0.341475 0.939891 B 2.000000 4.000000 18.000000 C[purple]
19.203039 30.225477 -77.612209 0.946297 0.303865 0.110398 -0.323298 0.889416 0.323137 0.000000 -0.341475 0.939891 B 2.000000 4.000000 18.000000 C[purple]
19.270224 24.310691 -60.364856 0.968377 0.234493 0.085195 -0.249490 0.910169 0.330677 -0.000000 -0.341475 0.939891 B 2.000000 4.000000 18.000000 C[purple]
19.090301 18.193740 -43.252480 0.872925 0.458531 0.166591 -0.487855 0.820454 0.298082 0.000000 -0.341475 0.939891 B 2.000000 4.000000 18.000000 C[purple]
19.409490 12.158106 -25.977380 0.889534 0.429406 0.156009 -0.456868 0.836065 0.303754 0.000000 -0.341475 0.939891 B 2.000000 4.000000 18.000000 C[purple]
19.319992 5.755807 -8.816983 0.992151 0.117527 0.042699 -0.125043 0.932514 0.338795 -0.000000 -0.341475 0.939891 B 2.000000 4.000000 18.000000 C[purple]
19.468007 -0.669346 8.568324 0.922707 0.362329 0.131639 -0.385502 0.867244 0.315082 0.000000 -0.341475 0.939891 B 2.000000 4.000000 18.000000 C[purple]
19.659625 -7.234015 25.697321 0.979835 0.187799 0.068230 -0.199809 0.920938 0.334589 -0.000000 -0.341475 0.939891 B 2.000000 4.000000 18.000000 C[purple]
19.634254 -13.501463 42.684829 0.905916 0.398004 0.144600 -0.423458 0.851462 0.309348 0.000000 -0.341475 0.939891 B 2.000000 4.000000 18.000000 C[purple]
19.496700 -19.764109 59.779138 0.897539 0.414430 0.150568 -0.440934 0.843589 0.306488 0.000000 -0.341475 0.939891 B 2.000000 4.000000 18.000000 C[purple]
19.576325 -26.144185 77.201388 0.915508 0.378117 0.137375 -0.402299 0.860478 0.312624 -0.000000 -0.341475 0.939891 B 2.000000 4.000000 18.000000 C[purple]
41.223731 -10.025932 -77.197357 0.908045 -0.393695 -0.143035 0.418874 0.853463 0.310075 0.000000 -0.341475 0.939891 B 2.000000 4.000000 18.000000 C[purple]
41.114975 -16.337199 -60.041730 0.981758 -0.178706 -0.064927 0.190135 0.922745 0.335246 0.000000 -0.341475 0.939891 B 2.000000 4.000000 18.000000 C[purple]
41.185161 -22.790459 -43.140889 0.948870 -0.296693 -0.107793 0.315668 0.891834 0.324016 -0.000000 -0.341475 0.939891 B 2.000000 4.000000 18.000000 C[purple]
41.202517 -29.118755 -25.551864 0.891062 -0.426598 -0.154989 0.453881 0.837501 0.304276 0.000000 -0.341475 0.939891 B 2.000000 4.000000 18.000000 C[purple]
41.202047 26.911654 -8.131149 0.838409 -0.512280 -0.186118 0.545042 0.788013 0.286296 0.000000 -0.341475 0.939891 B 2.000000 4.000000 18.000000 C[purple]
41.238259 20.886796 9.005340 0.978192 -0.195218 -0.070925 0.207703 0.919394 0.334029 0.000000 -0.341475 0.939891 B 2.000000 4.000000 18.000000 C[purple]
41.305264 15.040283 26.416637 0.987433 -0.148540 -0.053966 0.158039 0.928079 0.337184 0.000000 -0.341475 0.939891 B 2.000000 4.000000 18.000000 C[purple]
41.418156 8.938612 43.572412 0.908967 -0.391811 -0.142350 0.416868 0.854330 0.310390 -0.000000 -0.341475 0.939891 B 2.000000 4.000000 18.000000 C[purple]
41.329520 2.553389 60.593978 0.773309 -0.595919 -0.216506 0.634030 0.726826 0.264066 0.000000 -0.341475 0.939891 B 2.000000 4.000000 18.000000 C[purple]
41.524856 -3.478112 77.705122 0.890315 -0.427974 -0.155489 0.455344 0.836799 0.304021 0.000000 -0.341475 0.939891 B 2.000000 4.000000 18.000000 C[purple]
-42.021748 -24.440575 -76.784030 0.990254 0.130905 0.047559 -0.139276 0.930730 0.338147 0.000000 -0.341475 0.939891 B 2.000000 4.000000 18.000000 C[purple]
-42.070230 -30.671425 -59.480068 0.993498 -0.107009 -0.038878 0.113852 0.933779 0.339255 0.000000 -0.341475 0.939891 B 2.000000 4.000000 18.000000 C[purple]
-42.190061 25.624291 -42.490752 0.999540 -0.028515 -0.010360 0.030339 0.939458 0.341318 -0.000000 -0.341475 0.939891 B 2.000000 4.000000 18.000000 C[purple]
-42.151244 19.374508 -25.003825 0.952936 -0.284949 -0.103526 0.303173 0.895655 0.325404 -0.000000 -0.341475 0.939891 B 2.000000 4.000000 18.000000 C[purple]
-42.247186 12.930898 -7.812519 0.964884 -0.246886 -0.089697 0.262676 0.906886 0.329484 0.000000 -0.341475 0.939891 B 2.000000 4.000000 18.000000 C[purple]
-42.072664 6.770643 9.217568 0.999888 0.014084 0.005117 -0.014984 0.939785 0.341437 -0.000000 -0.341475 0.939891 B 2.000000 4.000000 18.000000 C[purple]
-42.081241 0.412890 26.772967 0.985613 0.158857 0.057715 -0.169017 0.926369 0.336563 -0.000000 -0.341475 0.939891 B 2.000000 4.000000 18.000000 C[purple]
-42.000879 -5.853064 43.725292 0.959874 0.263576 0.095761 -0.280433 0.902176 0.327773 0.000000 -0.341475 0.939891 B 2.000000 4.000000 18.000000 C[purple]
-42.038655 -12.247237 60.795935 0.986288 0.155112 0.056354 -0.165032 0.927003 0.336793 -0.000000 -0.341475 0.939891 B 2.000000 4.000000 18.000000 C[purple]
-42.094293 -18.300658 77.988579 0.998649 0.048833 0.017742 -0.051956 0.938621 0.341014 -0.000000 -0.341475 0.939891 B 2.000000 4.000000 18.000000 C[purple]
1.718040 18.956936 77.216374 0.489514 -0.819580 -0.297765 0.871995 0.460090 0.167157 0.000000 -0.341475 0.939891 B 2.000000 4.000000 18.000000 C[purple]
1.628807 12.450129 -77.435386 0.687636 -0.682413 -0.247930 0.726056 0.646303 0.234811 0.000000 -0.341475 0.939891 B 2.000000 4.000000 18.000000 C[purple]
1.536615 6.134852 -59.993517 0.648025 -0.715839 -0.260074 0.761619 0.609073 0.221285 -0.000000 -0.341475 0.939891 B 2.000000 4.000000 18.000000 C[purple]
1.492595 -0.292545 -42.522128 0.782902 -0.584748 -0.212447 0.622145 0.735843 0.267342 0.000000 -0.341475 0.939891 B 2.000000 4.000000 18.000000 C[purple]
1.507410 -7.002944 -25.432639 0.804309 -0.558494 -0.202908 0.594211 0.755963 0.274652 0.000000 -0.341475 0.939891 B 2.000000 4.000000 18.000000 C[purple]
1.699170 -13.006716 -8.439261 0.838918 -0.511542 -0.185850 0.544257 0.788492 0.286470 0.000000 -0.341475 0.939891 B 2.000000 4.000000 18.000000 C[purple]
1.424429 -19.173468 8.614983 0.741275 -0.630856 -0.229199 0.671201 0.696718 0.253127 0.000000 -0.341475 0.939891 B 2.000000 4.000000 18.000000 C[purple]
1.649453 -25.236085 25.927853 0.682986 -0.686526 -0.249424 0.730432 0.641932 0.233223 0.000000 -0.341475 0.939891 B 2.000000 4.000000 18.000000 C[purple]
1.574962 31.158780 43.102727 0.719319 -0.652924 -0.237216 0.694680 0.676081 0.245630 -0.000000 -0.341475 0.939891 B 2.000000 4.000000 18.000000 C[purple]
1.680228 25.185834 60.260449 0.620337 -0.737190 -0.267831 0.784336 0.583049 0.211830 0.000000 -0.341475 0.939891 B 2.000000 4.000000 18.000000 C[purple]
6.706000 31.075824 -77.639645 -0.685787 -0.684054 -0.248526 0.727802 -0.644565 -0.234180 -0.000000 -0.341475 0.939891 B 2.000000 4.000000 18.000000 C[purple]
6.704346 24.546486 -60.510050 -0.669051 -0.698542 -0.253790 0.743216 -0.628835 -0.228465 0.000000 -0.341475 0.939891 B 2.000000 4.000000 18.000000 C[purple]
6.391099 18.526269 -43.529490 -0.732013 -0.640339 -0.232644 0.681290 -0.688012 -0.249965 0.000000 -0.341475 0.939891 B 2.000000 4.000000 18.000000 C[purple]
6.504380 12.162212 -26.393652 -0.570112 -0.772183 -0.280545 0.821567 -0.535843 -0.194679 0.000000 -0.341475 0.939891 B 2.000000 4.000000 18.000000 C[purple]
6.226405 5.914855 -8.872948 -0.500209 -0.813856 -0.295685 0.865905 -0.470142 -0.170809 -0.000000 -0.341475 0.939891 B 2.000000 4.000000 18.000000 C[purple]
6.452010 -0.326158 8.070915 -0.301041 -0.896290 -0.325635 0.953611 -0.282946 -0.102798 0.000000 -0.341475 0.939891 B 2.000000 4.000000 18.000000 C[purple]
6.250080 -6.444405 25.421404 -0.598961 -0.752644 -0.273446 0.800778 -0.562958 -0.204530 0.000000 -0.341475 0.939891 B 2.000000 4.000000 18.000000 C[purple]
6.299595 -12.549258 42.624746 -0.678002 -0.690877 -0.251005 0.735061 -0.637247 -0.231521 -0.000000 -0.341475 0.939891 B 2.000000 4.000000 18.000000 C[purple]
6.304791 -18.859899 60.030152 -0.765373 -0.604901 -0.219769 0.643587 -0.719367 -0.261356 0.000000 -0.341475 0.939891 B 2.000000 4.000000 18.000000 C[purple]
6.632519 -25.180789 77.145476 -0.722860 -0.649459 -0.235958 0.690995 -0.679409 -0.246839 -0.000000 -0.341475 0.939891 B 2.000000 4.000000 18.000000 C[purple]
-19.093429 27.624778 77.563543 -0.987096 0.150503 0.054680 -0.160128 -0.927763 -0.337069 0.000000 -0.341475 0.939891 B 2.000000 4.000000 18.000000 C[purple]
-19.086932 21.255674 -77.275004 -0.993612 0.106065 0.038535 -0.112848 -0.933887 -0.339294 0.000000 -0.341475 0.939891 B 2.000000 4.000000 18.000000 C[purple]
-19.347307 15.122617 -60.151095 -0.957166 0.272135 0.098871 -0.289539 -0.899632 -0.326849 -0.000000 -0.341475 0.939891 B 2.000000 4.000000 18.000000 C[purple]
-19.145270 8.706714 -43.011836 -0.947850 0.299558 0.108834 -0.318716 -0.890876 -0.323668 0.000000 -0.341475 0.939891 B 2.000000 4.000000 18.000000 C[purple]
-19.247080 2.167589 -25.753757 -0.997913 0.060692 0.022050 -0.064574 -0.937929 -0.340763 -0.000000 -0.341475 0.939891 B 2.000000 4.000000 18.000000 C[purple]
-19.260510 -3.687386 -8.394337 -0.991479 0.122436 0.044483 -0.130266 -0.931882 -0.338566 -0.000000 -0.341475 0.939891 B 2.000000 4.000000 18.000000 C[purple]
-19.173967 -10.081298 8.498113 -0.984047 0.167213 0.060751 -0.177907 -0.924897 -0.336028 -0.000000 -0.341475 0.939891 B 2.000000 4.000000 18.000000 C[purple]
-19.199064 -16.068957 25.697678 -0.951319 0.289683 0.105246 -0.308209 -0.894136 -0.324852 -0.000000 -0.341475 0.939891 B 2.000000 4.000000 18.000000 C[purple]
-19.171893 -22.275759 43.077234 -0.998781 0.046386 0.016853 -0.049352 -0.938745 -0.341059 0.000000 -0.341475 0.939891 B 2.000000 4.000000 18.000000 C[purple]
-19.233874 -28.465675 60.189495 -0.967772 0.236690 0.085993 -0.251827 -0.909600 -0.330470 -0.000000 -0.341475 0.939891 B 2.000000 4.000000 18.000000 C[purple]
-28.335896 -5.471858 -77.396258 0.850358 0.494574 0.179686 -0.526204 0.799244 0.290376 -0.000000 -0.341475 0.939891 B 2.000000 4.000000 18.000000 C[purple]
-28.700762 -11.598675 -60.217924 0.833217 0.519709 0.188818 -0.552946 0.783133 0.284523 0.000000 -0.341475 0.939891 B 2.000000 4.000000 18.000000 C[purple]
-28.654979 -17.609511 -42.913474 0.941800 0.315967 0.114795 -0.336174 0.885189 0.321601 -0.000000 -0.341475 0.939891 B 2.000000 4.000000 18.000000 C[purple]
-28.646889 -23.988051 -25.450571 0.970954 0.224884 0.081703 -0.239266 0.912591 0.331557 -0.000000 -0.341475 0.939891 B 2.000000 4.000000 18.000000 C[purple]
-28.544249 -30.312838 -8.255989 0.792704 0.572964 0.208166 -0.609607 0.745055 0.270689 -0.000000 -0.341475 0.939891 B 2.000000 4.000000 18.000000 C[purple]
-28.501322 25.762037 8.728102 0.850659 0.494118 0.179520 -0.525718 0.799526 0.290479 -0.000000 -0.341475 0.939891 B 2.000000 4.000000 18.000000 C[purple]
-28.725917 19.656290 25.807034 0.823401 0.533350 0.193773 -0.567459 0.773907 0.281171 0.000000 -0.341475 0.939891 B 2.000000 4.000000 18.000000 C[purple]
-28.522657 13.169543 43.034028 0.793649 0.571807 0.207745 -0.608376 0.745944 0.271012 0.000000 -0.341475 0.939891 B 2.000000 4.000000 18.000000 C[purple]
-28.473633 6.805231 59.951365 0.906659 0.396507 0.144056 -0.421865 0.852160 0.309602 0.000000 -0.341475 0.939891 B 2.000000 4.000000 18.000000 C[purple]
-28.509384 0.748478 77.598692 0.905980 0.397875 0.144554 -0.423321 0.851522 0.309370 -0.000000 -0.341475 0.939891 B 2.000000 4.000000 18.000000 C[purple]
4.968135 12.290255 77.464493 -0.097082 0.935451 0.339862 -0.995276 -0.091247 -0.033151 0.000000 -0.341475 0.939891 B 2.000000 4.000000 18.000000 C[purple]
4.930544 5.693037 -77.351115 -0.040225 0.939130 0.341199 -0.999191 -0.037807 -0.013736 -0.000000 -0.341475 0.939891 B 2.000000 4.000000 18.000000 C[purple]
4.954382 -0.586284 -60.095246 0.014619 0.939790 0.341439 -0.999893 0.013741 0.004992 -0.000000 -0.341475 0.939891 B 2.000000 4.000000 18.000000 C[purple]
5.025427 -6.690401 -43.020448 -0.102248 0.934965 0.339686 -0.994759 -0.096102 -0.034915 -0.000000 -0.341475 0.939891 B 2.000000 4.000000 18.000000 C[purple]
4.995921 -12.896855 -25.678621 -0.136130 0.931141 0.338297 -0.990691 -0.127948 -0.046485 -0.000000 -0.341475 0.939891 B 2.000000 4.000000 18.000000 C[purple]
5.109197 -18.885079 -8.554804 -0.164850 0.927032 0.336804 -0.986319 -0.154941 -0.056292 -0.000000 -0.341475 0.939891 B 2.000000 4.000000 18.000000 C[purple]
5.071929 -25.420367 8.695767 -0.387206 0.866573 0.314838 -0.921993 -0.363932 -0.132221 0.000000 -0.341475 0.939891 B 2.000000 4.000000 18.000000 C[purple]
4.953417 30.684505 25.830282 -0.451872 0.838460 0.304624 -0.892083 -0.424711 -0.154303 -0.000000 -0.341475 0.939891 B 2.000000 4.000000 18.000000 C[purple]
5.135546 24.591321 42.820769 -0.467130 0.831041 0.301929 -0.884189 -0.439051 -0.159513 0.000000 -0.341475 0.939891 B 2.000000 4.000000 18.000000 C[purple]
5.285864 18.420716 60.325623 -0.222891 0.916246 0.332885 -0.974843 -0.209493 -0.076112 0.000000 -0.341475 0.939891 B 2.000000 4.000000 18.000000 C[purple]
43.701642 4.429297 77.375243 0.971346 0.223384 0.081158 -0.237670 0.912959 0.331691 -0.000000 -0.341475 0.939891 B 2.000000 4.000000 18.000000 C[purple]
44.016865 -1.707121 -77.316305 0.958421 0.268204 0.097442 -0.285357 0.900811 0.327277 0.000000 -0.341475 0.939891 B 2.000000 4.000000 18.000000 C[purple]
44.216946 -8.088726 -60.019604 0.983361 0.170740 0.062032 -0.181659 0.924252 0.335794 0.000000 -0.341475 0.939891 B 2.000000 4.000000 18.000000 C[purple]
43.989386 -14.435572 -42.837749 0.913520 0.382342 0.138910 -0.406795 0.858609 0.311945 0.000000 -0.341475 0.939891 B 2.000000 4.000000 18.000000 C[purple]
44.083166 -20.642843 -25.814324 0.892598 0.423753 0.153955 -0.450853 0.838945 0.304800 0.000000 -0.341475 0.939891 B 2.000000 4.000000 18.000000 C[purple]
44.077913 -27.293915 -8.351647 0.889533 0.429408 0.156010 -0.456870 0.836064 0.303754 -0.000000 -0.341475 0.939891 B 2.000000 4.000000 18.000000 C[purple]
44.065472 29.075260 8.832513 0.941925 0.315638 0.114676 -0.335824 0.885306 0.321644 0.000000 -0.341475 0.939891 B 2.000000 4.000000 18.000000 C[purple]
44.117054 22.789900 25.884044 0.917444 0.373950 0.135861 -0.397865 0.862297 0.313285 0.000000 -0.341475 0.939891 B 2.000000 4.000000 18.000000 C[purple]
43.961868 16.765028 43.004052 0.945040 0.307302 0.111647 -0.326955 0.888234 0.322708 0.000000 -0.341475 0.939891 B 2.000000 4.000000 18.000000 C[purple]
43.995837 10.507707 60.396024 0.984376 0.165497 0.060127 -0.176081 0.925206 0.336140 0.000000 -0.341475 0.939891 B 2.000000 4.000000 18.000000 C[purple]
11.177355 -28.407767 77.553039 0.212515 -0.918422 -0.333675 0.977158 0.199741 0.072569 0.000000 -0.341475 0.939891 B 2.000000 4.000000 18.000000 C[purple]
11.612839 27.783687 -77.247585 0.115581 -0.933592 -0.339187 0.993298 0.108634 0.039468 -0.000000 -0.341475 0.939891 B 2.000000 4.000000 18.000000 C[purple]
11.569357 21.580772 -60.149807 -0.110871 -0.934096 -0.339370 0.993835 -0.104206 -0.037860 0.000000 -0.341475 0.939891 B 2.000000 4.000000 18.000000 C[purple]
11.670197 15.030256 -42.845344 -0.173490 -0.925638 -0.336297 0.984836 -0.163062 -0.059243 -0.000000 -0.341475 0.939891 B 2.000000 4.000000 18.000000 C[purple]
11.364338 8.750998 -25.761060 0.027325 -0.939540 -0.341348 0.999627 0.025683 0.009331 -0.000000 -0.341475 0.939891 B 2.000000 4.000000 18.000000 C[purple]
11.148520 2.748932 -8.668283 0.149011 -0.929397 -0.337663 0.988836 0.140054 0.050884 -0.000000 -0.341475 0.939891 B 2.000000 4.000000 18.000000 C[purple]
10.990280 -3.469832 8.621386 0.223187 -0.916183 -0.332862 0.974776 0.209772 0.076213 0.000000 -0.341475 0.939891 B 2.000000 4.000000 18.000000 C[purple]
11.170231 -9.813784 25.510039 0.120519 -0.933040 -0.338986 0.992711 0.113275 0.041154 0.000000 -0.341475 0.939891 B 2.000000 4.000000 18.000000 C[purple]
11.211359 -16.311570 42.521286 0.157781 -0.928118 -0.337198 0.987474 0.148297 0.053878 0.000000 -0.341475 0.939891 B 2.000000 4.000000 18.000000 C[purple]
11.111333 -22.326369 59.975836 0.282773 -0.901531 -0.327539 0.959187 0.265776 0.096560 0.000000 -0.341475 0.939891 B 2.000000 4.000000 18.000000 C[purple]
-11.851315 -1.610048 -77.312510 0.716970 -0.655201 -0.238044 0.697104 0.673874 0.244828 0.000000 -0.341475 0.939891 B 2.000000 4.000000 18.000000 C[purple]
-11.793881 -7.613642 -60.272188 0.854735 -0.487865 -0.177248 0.519065 0.803357 0.291871 0.000000 -0.341475 0.939891 B 2.000000 4.000000 18.000000 C[purple]
-11.804011 -13.801691 -43.131579 0.898601 -0.412392 -0.149828 0.438766 0.844587 0.306850 0.000000 -0.341475 0.939891 B 2.000000 4.000000 18.000000 C[purple]
-11.944817 -19.999191 -26.121043 0.936594 -0.329353 -0.119659 0.350416 0.880296 0.319824 -0.000000 -0.341475 0.939891 B 2.000000 4.000000 18.000000 C[purple]
-12.090949 -26.545423 -8.708185 0.887240 -0.433580 -0.157526 0.461309 0.833908 0.302970 -0.000000 -0.341475 0.939891 B 2.000000 4.000000 18.000000 C[purple]
-11.920094 29.531160 8.464257 0.794621 -0.570613 -0.207312 0.607106 0.746857 0.271344 0.000000 -0.341475 0.939891 B 2.000000 4.000000 18.000000 C[purple]
-11.971959 23.434278 25.849148 0.633269 -0.727411 -0.264279 0.773932 0.595204 0.216246 0.000000 -0.341475 0.939891 B 2.000000 4.000000 18.000000 C[purple]
-11.816883 17.262026 42.870588 0.794370 -0.570922 -0.207424 0.607434 0.746621 0.271258 0.000000 -0.341475 0.939891 B 2.000000 4.000000 18.000000 C[purple]
-11.978533 11.386939 60.232524 0.803517 -0.559500 -0.203274 0.595282 0.755218 0.274381 0.000000 -0.341475 0.939891 B 2.000000 4.000000 18.000000 C[purple]
-11.916949 4.911304 77.729945 0.796776 -0.567952 -0.206345 0.604275 0.748882 0.272079 -0.000000 -0.341475 0.939891 B 2.000000 4.000000 18.000000 C[purple]
-3.092633 15.217817 77.479834 0.998031 0.058947 0.021416 -0.062717 0.938040 0.340803 -0.000000 -0.341475 0.939891 B 2.000000 4.000000 18.000000 C[purple]
-3.281871 9.019927 -77.181680 0.999705 -0.022831 -0.008295 0.024291 0.939613 0.341375 -0.000000 -0.341475 0.939891 B 2.000000 4.000000 18.000000 C[purple]
-3.336434 2.608714 -60.301241 0.999756 -0.020752 -0.007540 0.022080 0.939662 0.341392 -0.000000 -0.341475 0.939891 B 2.000000 4.000000 18.000000 C[purple]
-3.571309 -3.422381 -43.072385 0.999971 0.007106 0.002582 -0.007560 0.939864 0.341466 0.000000 -0.341475 0.939891 B 2.000000 4.000000 18.000000 C[purple]
-3.702016 -9.425832 -25.798587 0.998160 -0.056992 -0.020706 0.060637 0.938161 0.340847 0.000000 -0.341475 0.939891 B 2.000000 4.000000 18.000000 C[purple]
-3.460751 -15.707657 -8.637149 0.989080 -0.138524 -0.050328 0.147383 0.929627 0.337746 -0.000000 -0.341475 0.939891 B 2.000000 4.000000 18.000000 C[purple]
-3.160665 -22.180991 8.614290 0.997012 -0.072608 -0.026380 0.077252 0.937082 0.340455 0.000000 -0.341475 0.939891 B 2.000000 4.000000 18.000000 C[purple]
-3.020297 -28.420587 25.753910 0.942705 -0.313572 -0.113925 0.333626 0.886040 0.321911 0.000000 -0.341475 0.939891 B 2.000000 4.000000 18.000000 C[purple]
-3.176004 28.013052 42.754946 0.957040 -0.272527 -0.099013 0.289956 0.899513 0.326806 -0.000000 -0.341475 0.939891 B 2.000000 4.000000 18.000000 C[purple]
-3.218954 21.640349 60.133637 0.998008 -0.059292 -0.021542 0.063084 0.938019 0.340795 0.000000 -0.341475 0.939891 B 2.000000 4.000000 18.000000 C[purple]
-40.668737 -5.649300 77.341527 0.988747 0.140605 0.051084 -0.149597 0.929314 0.337633 0.000000 -0.341475 0.939891 B 2.000000 4.000000 18.000000 C[purple]
-40.560535 -11.990779 -77.724067 0.999672 0.024056 0.008740 -0.025595 0.939583 0.341364 0.000000 -0.341475 0.939891 B 2.000000 4.000000 18.000000 C[purple]
-40.380481 -18.035697 -60.126396 0.998745 0.047066 0.017100 -0.050076 0.938712 0.341047 0.000000 -0.341475 0.939891 B 2.000000 4.000000 18.000000 C[purple]
-40.499792 -24.275944 -42.900862 0.988971 0.139207 0.050576 -0.148110 0.929525 0.337709 -0.000000 -0.341475 0.939891 B 2.000000 4.000000 18.000000 C[purple]
-40.429235 -30.810488 -25.940379 0.932458 0.339562 0.123368 -0.361278 0.876409 0.318411 0.000000 -0.341475 0.939891 B 2.000000 4.000000 18.000000 C[purple]
-40.349967 25.597233 -8.586323 0.985107 0.161608 0.058715 -0.171944 0.925893 0.336390 0.000000 -0.341475 0.939891 B 2.000000 4.000000 18.000000 C[purple]
-40.453021 19.292186 8.375158 0.936793 0.328852 0.119477 -0.349883 0.880483 0.319892 0.000000 -0.341475 0.939891 B 2.000000 4.000000 18.000000 C[purple]
-40.582653 13.295058 25.479306 0.994216 0.100945 0.036675 -0.107401 0.934454 0.339500 -0.000000 -0.341475 0.939891 B 2.000000 4.000000 18.000000 C[purple]
-40.569428 6.983521 42.702494 0.999390 0.032815 0.011922 -0.034914 0.939318 0.341267 -0.000000 -0.341475 0.939891 B 2.000000 4.000000 18.000000 C[purple]
-40.619945 0.951287 60.165194 0.988040 0.144927 0.052654 -0.154196 0.928650 0.337391 -0.000000 -0.341475 0.939891 B 2.000000 4.000000 18.000000 C[purple]
33.603744 28.728111 77.426451 0.959894 -0.263510 -0.095737 0.280362 0.902196 0.327780 0.000000 -0.341475 0.939891 B 2.000000 4.000000 18.000000 C[purple]
33.601729 22.348425 -77.449413 0.947695 -0.299993 -0.108992 0.319179 0.890729 0.323614 -0.000000 -0.341475 0.939891 B 2.000000 4.000000 18.000000 C[purple]
33.866878 16.328523 -60.273346 0.929823 -0.345885 -0.125665 0.368006 0.873932 0.317512 -0.000000 -0.341475 0.939891 B 2.000000 4.000000 18.000000 C[purple]
34.046743 10.022400 -42.814148 0.914997 -0.379209 -0.137772 0.403461 0.859997 0.312449 0.000000 -0.341475 0.939891 B 2.000000 4.000000 18.000000 C[purple]
34.090334 3.843843 -25.264147 0.950982 -0.290658 -0.105600 0.309247 0.893819 0.324737 0.000000 -0.341475 0.939891 B 2.000000 4.000000 18.000000 C[purple]
33.859815 -2.183695 -8.176969 0.883281 -0.440663 -0.160099 0.468845 0.830187 0.301619 0.000000 -0.341475 0.939891 B 2.000000 4.000000 18.000000 C[purple]
33.910859 -8.600598 8.786466 0.801866 -0.561589 -0.204033 0.597504 0.753666 0.273817 0.000000 -0.341475 0.939891 B 2.000000 4.000000 18.000000 C[purple]
33.762329 -14.788741 25.830894 0.925585 -0.355786 -0.129262 0.378539 0.869949 0.316065 -0.000000 -0.341475 0.939891 B 2.000000 4.000000 18.000000 C[purple]
33.410480 -21.224913 43.060256 0.908743 -0.392268 -0.142517 0.417355 0.854119 0.310314 0.000000 -0.341475 0.939891 B 2.000000 4.000000 18.000000 C[purple]
33.397547 -27.477647 60.414182 0.998473 -0.051920 -0.018863 0.055240 0.938456 0.340954 0.000000 -0.341475 0.939891 B 2.000000 4.000000 18.000000 C[purple]
36.060632 17.003219 77.378848 0.999933 -0.010857 -0.003945 0.011552 0.939828 0.341453 -0.000000 -0.341475 0.939891 B 2.000000 4.000000 18.000000 C[purple]
36.146170 11.175748 -77.395102 0.996489 -0.078686 -0.028588 0.083718 0.936591 0.340277 -0.000000 -0.341475 0.939891 B 2.000000 4.000000 18.000000 C[purple]
36.084160 4.733570 -59.876975 0.980243 -0.185908 -0.067543 0.197797 0.921321 0.334729 -0.000000 -0.341475 0.939891 B 2.000000 4.000000 18.000000 C[purple]
36.310066 -1.384357 -42.559724 0.952912 -0.285020 -0.103552 0.303248 0.895633 0.325396 -0.000000 -0.341475 0.939891 B 2.000000 4.000000 18.000000 C[purple]
36.320663 -8.036550 -25.281219 0.987990 -0.145227 -0.052763 0.154515 0.928603 0.337374 0.000000 -0.341475 0.939891 B 2.000000 4.000000 18.000000 C[purple]
36.496418 -14.432719 -8.167694 0.961989 -0.256673 -0.093253 0.273088 0.904165 0.328496 -0.000000 -0.341475 0.939891 B 2.000000 4.000000 18.000000 C[purple]
36.486519 -20.467627 9.185656 0.955827 -0.276262 -0.100370 0.293930 0.898373 0.326391 -0.000000 -0.341475 0.939891 B 2.000000 4.000000 18.000000 C[purple]
36.595736 -26.676675 26.332523 0.978050 -0.195844 -0.071153 0.208369 0.919260 0.333980 0.000000 -0.341475 0.939891 B 2.000000 4.000000 18.000000 C[purple]
36.297732 29.503604 43.295948 0.961138 -0.259474 -0.094271 0.276069 0.903365 0.328205 -0.000000 -0.341475 0.939891 B 2.000000 4.000000 18.000000 C[purple]
36.122480 23.315130 60.322976 0.980728 -0.183632 -0.066716 0.195376 0.921777 0.334895 0.000000 -0.341475 0.939891 B 2.000000 4.000000 18.000000 C[purple]
13.163530 -20.409075 77.769683 -0.899831 -0.410016 -0.148965 0.436238 -0.845743 -0.307270 0.000000 -0.341475 0.939891 B 2.000000 4.000000 18.000000 C[purple]
13.296285 -27.024956 -76.944028 -0.852213 -0.491746 -0.178658 0.523194 -0.800987 -0.291010 -0.000000 -0.341475 0.939891 B 2.000000 4.000000 18.000000 C[purple]
13.111611 29.578512 -59.609039 -0.772958 -0.596321 -0.216652 0.634457 -0.726496 -0.263946 -0.000000 -0.341475 0.939891 B 2.000000 4.000000 18.000000 C[purple]
13.328279 23.362241 -42.401107 -0.849263 -0.496234 -0.180289 0.527970 -0.798214 -0.290002 -0.000000 -0.341475 0.939891 B 2.000000 4.000000 18.000000 C[purple]
13.371890 17.324324 -25.348032 -0.922687 -0.362376 -0.131656 0.385551 -0.867225 -0.315075 0.000000 -0.341475 0.939891 B 2.000000 4.000000 18.000000 C[purple]
13.649132 10.870997 -8.195935 -0.967250 -0.238570 -0.086676 0.253827 -0.909109 -0.330292 -0.000000 -0.341475 0.939891 B 2.000000 4.000000 18.000000 C[purple]
13.289400 4.699328 9.037565 -0.932284 -0.339984 -0.123521 0.361728 -0.876245 -0.318352 0.000000 -0.341475 0.939891 B 2.000000 4.000000 18.000000 C[purple]
13.022348 -1.819176 26.106588 -0.923251 -0.361103 -0.131194 0.384196 -0.867755 -0.315268 0.000000 -0.341475 0.939891 B 2.000000 4.000000 18.000000 C[purple]
12.815790 -7.988499 43.344286 -0.921161 -0.365788 -0.132896 0.389181 -0.865791 -0.314554 0.000000 -0.341475 0.939891 B 2.000000 4.000000 18.000000 C[purple]
12.857635 -14.109925 60.860808 -0.891791 -0.425251 -0.154500 0.452447 -0.838186 -0.304525 -0.000000 -0.341475 0.939891 B 2.000000 4.000000 18.000000 C[purple]
-44.919829 29.309806 77.685155 0.798401 -0.565933 -0.205611 0.602126 0.750410 0.272634 0.000000 -0.341475 0.939891 B 2.000000 4.000000 18.000000 C[purple]
-44.786840 22.971876 -77.308245 0.744503 -0.627489 -0.227976 0.667619 0.699751 0.254229 -0.000000 -0.341475 0.939891 B 2.000000 4.000000 18.000000 C[purple]
-44.607985 16.542109 -59.924835 0.863162 -0.474576 -0.172420 0.504926 0.811278 0.294749 0.000000 -0.341475 0.939891 B 2.000000 4.000000 18.000000 C[purple]
-44.741539 10.370151 -42.552640 0.936375 -0.329902 -0.119858 0.351001 0.880090 0.319749 0.000000 -0.341475 0.939891 B 2.000000 4.000000 18.000000 C[purple]
-44.666624 4.261642 -25.381489 0.946549 -0.303171 -0.110146 0.322560 0.889653 0.323223 -0.000000 -0.341475 0.939891 B 2.000000 4.000000 18.000000 C[purple]
-44.699569 -2.285596 -8.394858 0.934190 -0.335330 -0.121830 0.356775 0.878037 0.319003 0.000000 -0.341475 0.939891 B 2.000000 4.000000 18.000000 C[purple]
-44.551824 -8.654842 8.980923 0.833434 -0.519402 -0.188706 0.552619 0.783337 0.284597 0.000000 -0.341475 0.939891 B 2.000000 4.000000 18.000000 C[purple]
-44.740189 -14.600674 26.010461 0.848778 -0.496967 -0.180555 0.528750 0.797758 0.289837 -0.000000 -0.341475 0.939891 B 2.000000 4.000000 18.000000 C[purple]
-44.793821 -20.924516 42.986907 0.606370 -0.747385 -0.271535 0.795183 0.569922 0.207060 0.000000 -0.341475 0.939891 B 2.000000 4.000000 18.000000 C[purple]
-44.772959 -26.899215 60.341983 0.758099 -0.612940 -0.222690 0.652139 0.712530 0.258872 0.000000 -0.341475 0.939891 B 2.000000 4.000000 18.000000 C[purple]
-8.733670 -13.230424 77.397164 0.123127 0.932739 0.338877 -0.992391 0.115726 0.042045 0.000000 -0.341475 0.939891 B 2.000000 4.000000 18.000000 C[purple]
-8.604972 -19.751978 -77.306977 -0.034703 0.939325 0.341270 -0.999398 -0.032617 -0.011850 -0.000000 -0.341475 0.939891 B 2.000000 4.000000 18.000000 C[purple]
-8.732842 -25.768200 -60.041645 -0.040963 0.939102 0.341189 -0.999161 -0.038501 -0.013988 -0.000000 -0.341475 0.939891 B 2.000000 4.000000 18.000000 C[purple]
-8.245015 30.396973 -42.835029 -0.052410 0.938599 0.341006 -0.998626 -0.049260 -0.017897 0.000000 -0.341475 0.939891 B 2.000000 4.000000 18.000000 C[purple]
-8.123943 24.336989 -25.834062 -0.054025 0.938518 0.340977 -0.998540 -0.050778 -0.018448 -0.000000 -0.341475 0.939891 B 2.000000 4.000000 18.000000 C[purple]
-8.414806 17.817191 -8.516376 -0.048783 0.938772 0.341069 -0.998809 -0.045850 -0.016658 0.000000 -0.341475 0.939891 B 2.000000 4.000000 18.000000 C[purple]
-8.459174 11.748989 8.491893 -0.031237 0.939432 0.341309 -0.999512 -0.029359 -0.010667 -0.000000 -0.341475 0.939891 B 2.000000 4.000000 18.000000 C[purple]
-8.397178 5.459003 26.172622 -0.074806 0.937257 0.340519 -0.997198 -0.070309 -0.025544 -0.000000 -0.341475 0.939891 B 2.000000 4.000000 18.000000 C[purple]
-8.706128 -0.759872 43.208621 -0.061573 0.938107 0.340827 -0.998103 -0.057872 -0.021026 0.000000 -0.341475 0.939891 B 2.000000 4.000000 18.000000 C[purple]
-8.679360 -6.982515 60.199089 -0.102409 0.934949 0.339680 -0.994742 -0.096253 -0.034970 -0.000000 -0.341475 0.939891 B 2.000000 4.000000 18.000000 C[purple]
14.437248 -1.045765 -77.014717 -0.047142 -0.938846 -0.341096 0.998888 -0.044309 -0.016098 0.000000 -0.341475 0.939891 B 2.000000 4.000000 18.000000 C[purple]
14.290634 -7.504867 -60.028880 -0.054580 -0.938490 -0.340966 0.998509 -0.051299 -0.018638 0.000000 -0.341475 0.939891 B 2.000000 4.000000 18.000000 C[purple]
14.490836 -13.519497 -42.853919 0.182512 -0.924104 -0.335740 0.983204 0.171542 0.062323 0.000000 -0.341475 0.939891 B 2.000000 4.000000 18.000000 C[purple]
14.368434 -19.827927 -25.614671 -0.109906 -0.934197 -0.339407 0.993942 -0.103300 -0.037530 -0.000000 -0.341475 0.939891 B 2.000000 4.000000 18.000000 C[purple]
13.989537 -25.823014 -8.303960 -0.118911 -0.933222 -0.339053 0.992905 -0.111763 -0.040605 0.000000 -0.341475 0.939891 B 2.000000 4.000000 18.000000 C[purple]
14.257992 30.502886 8.706796 -0.366751 -0.874398 -0.317681 0.930319 -0.344706 -0.125237 -0.000000 -0.341475 0.939891 B 2.000000 4.000000 18.000000 C[purple]
14.289003 24.606016 25.870851 -0.239597 -0.912514 -0.331529 0.970872 -0.225195 -0.081816 0.000000 -0.341475 0.939891 B 2.000000 4.000000 18.000000 C[purple]
14.185564 17.956917 43.030729 -0.230767 -0.914522 -0.332259 0.973009 -0.216896 -0.078801 -0.000000 -0.341475 0.939891 B 2.000000 4.000000 18.000000 C[purple]
14.176256 11.564699 60.650724 -0.212704 -0.918383 -0.333661 0.977117 -0.199919 -0.072633 -0.000000 -0.341475 0.939891 B 2.000000 4.000000 18.000000 C[purple]
14.228185 5.233344 77.906543 0.004972 -0.939879 -0.341471 0.999988 0.004673 0.001698 -0.000000 -0.341475 0.939891 B 2.000000 4.000000 18.000000 C[purple]
47.826919 -0.944385 -77.588770 -0.219966 0.916870 0.333112 -0.975507 -0.206744 -0.075113 0.000000 -0.341475 0.939891 B 2.000000 4.000000 18.000000 C[purple]
48.135915 -7.301657 -60.331423 -0.430687 0.848253 0.308182 -0.902501 -0.404799 -0.147069 -0.000000 -0.341475 0.939891 B 2.000000 4.000000 18.000000 C[purple]
48.406115 -13.427202 -43.102037 -0.274071 0.903902 0.328400 -0.961710 -0.257597 -0.093588 0.000000 -0.341475 0.939891 B 2.000000 4.000000 18.000000 C[purple]
48.395496 -19.677634 -25.773397 -0.214286 0.918058 0.333543 -0.976771 -0.201405 -0.073173 0.000000 -0.341475 0.939891 B 2.000000 4.000000 18.000000 C[purple]
48.336064 -26.032246 -8.737802 -0.407302 0.858396 0.311867 -0.913293 -0.382820 -0.139084 0.000000 -0.341475 0.939891 B 2.000000 4.000000 18.000000 C[purple]
48.326313 30.043601 8.283386 -0.236006 0.913340 0.331829 -0.971752 -0.221819 -0.080590 0.000000 -0.341475 0.939891 B 2.000000 4.000000 18.000000 C[purple]
47.891268 23.805199 25.447663 -0.107244 0.934470 0.339506 -0.994233 -0.100798 -0.036621 0.000000 -0.341475 0.939891 B 2.000000 4.000000 18.000000 C[purple]
48.133990 17.703271 42.401591 -0.269712 0.905059 0.328821 -0.962941 -0.253500 -0.092100 0.000000 -0.341475 0.939891 B 2.000000 4.000000 18.000000 C[purple]
48.191128 11.346560 59.729020 -0.342955 0.882888 0.320766 -0.939352 -0.322340 -0.117111 0.000000 -0.341475 0.939891 B 2.000000 4.000000 18.000000 C[purple]
48.160120 5.144935 77.176611 -0.250542 0.909914 0.330584 -0.968106 -0.235482 -0.085554 -0.000000 -0.341475 0.939891 B 2.000000 4.000000 18.000000 C[purple]
-4.767870 0.161598 -77.198786 0.960206 0.262503 0.095371 -0.279291 0.902489 0.327887 -0.000000 -0.341475 0.939891 B 2.000000 4.000000 18.000000 C[purple]
-4.641352 -6.321164 -59.766647 0.999099 0.039894 0.014494 -0.042445 0.939044 0.341168 0.000000 -0.341475 0.939891 B 2.000000 4.000000 18.000000 C[purple]
-4.527561 -12.543441 -42.815992 0.952641 0.285817 0.103841 -0.304096 0.895379 0.325304 -0.000000 -0.341475 0.939891 B 2.000000 4.000000 18.000000 C[purple]
-4.473691 -18.392317 -25.531467 0.956113 0.275386 0.100052 -0.292998 0.898642 0.326489 0.000000 -0.341475 0.939891 B 2.000000 4.000000 18.000000 C[purple]
-4.591918 -24.531812 -8.452990 0.842061 0.506960 0.184186 -0.539382 0.791445 0.287543 0.000000 -0.341475 0.939891 B 2.000000 4.000000 18.000000 C[purple]
-4.451192 -30.853550 8.793403 0.968353 0.234582 0.085227 -0.249584 0.910146 0.330669 0.000000 -0.341475 0.939891 B 2.000000 4.000000 18.000000 C[purple]
-4.260600 25.382637 25.749218 0.997956 0.060058 0.021820 -0.063898 0.937970 0.340778 0.000000 -0.341475 0.939891 B 2.000000 4.000000 18.000000 C[purple]
-4.360429 19.259519 43.322600 0.997014 -0.072583 -0.026370 0.077225 0.937084 0.340456 0.000000 -0.341475 0.939891 B 2.000000 4.000000 18.000000 C[purple]
-4.293018 12.968764 60.341647 0.994826 0.095488 0.034692 -0.101595 0.935028 0.339709 -0.000000 -0.341475 0.939891 B 2.000000 4.000000 18.000000 C[purple]
-4.428701 6.503878 77.533461 0.972480 0.218983 0.079560 -0.232988 0.914025 0.332078 0.000000 -0.341475 0.939891 B 2.000000 4.000000 18.000000 C[purple]
-49.562667 28.615115 -77.019905 0.943202 0.312251 0.113445 -0.332221 0.886507 0.322080 0.000000 -0.341475 0.939891 B 2.000000 4.000000 18.000000 C[purple]
-49.675093 22.585582 -59.736865 0.931688 0.341424 0.124044 -0.363259 0.875685 0.318149 -0.000000 -0.341475 0.939891 B 2.000000 4.000000 18.000000 C[purple]
-49.406512 16.444346 -42.693400 0.979985 0.187106 0.067978 -0.199072 0.921079 0.334641 -0.000000 -0.341475 0.939891 B 2.000000 4.000000 18.000000 C[purple]
-49.386534 10.237274 -25.523006 0.990183 -0.131373 -0.047730 0.139774 0.930664 0.338123 0.000000 -0.341475 0.939891 B 2.000000 4.000000 18.000000 C[purple]
-49.098878 4.020517 -8.616416 0.971819 -0.221558 -0.080495 0.235727 0.913404 0.331852 0.000000 -0.341475 0.939891 B 2.000000 4.000000 18.000000 C[purple]
-49.056707 -2.528412 8.729163 0.998214 0.056153 0.020401 -0.059744 0.938212 0.340865 0.000000 -0.341475 0.939891 B 2.000000 4.000000 18.000000 C[purple]
-49.020661 -8.627953 26.093654 0.966656 0.240686 0.087444 -0.256078 0.908551 0.330089 -0.000000 -0.341475 0.939891 B 2.000000 4.000000 18.000000 C[purple]
-49.290602 -14.750932 43.194869 0.985444 0.159781 0.058051 -0.170000 0.926210 0.336505 0.000000 -0.341475 0.939891 B 2.000000 4.000000 18.000000 C[purple]
-49.276568 -21.263054 60.252678 0.933713 0.336502 0.122256 -0.358023 0.877588 0.318840 0.000000 -0.341475 0.939891 B 2.000000 4.000000 18.000000 C[purple]
-49.398397 -27.902810 77.691296 0.947323 0.301027 0.109367 -0.320279 0.890380 0.323488 0.000000 -0.341475 0.939891 B 2.000000 4.000000 18.000000 C[purple]
-39.301534 15.098228 -77.498674 0.430513 -0.848330 -0.308210 0.902584 0.404636 0.147010 0.000000 -0.341475 0.939891 B 2.000000 4.000000 18.000000 C[purple]
-39.257332 8.811766 -60.189825 0.360960 -0.876525 -0.318454 0.932581 0.339263 0.123259 0.000000 -0.341475 0.939891 B 2.000000 4.000000 18.000000 C[purple]
-39.304429 2.697565 -43.152725 0.387809 -0.866334 -0.314751 0.921740 0.364499 0.132427 0.000000 -0.341475 0.939891 B 2.000000 4.000000 18.000000 C[purple]
-39.296416 -3.561747 -25.919801 0.106625 -0.934533 -0.339529 0.994299 0.100216 0.036410 -0.000000 -0.341475 0.939891 B 2.000000 4.000000 18.000000 C[purple]
-39.255325 -9.674991 -8.673884 0.382664 -0.868354 -0.315485 0.923888 0.359662 0.130670 -0.000000 -0.341475 0.939891 B 2.000000 4.000000 18.000000 C[purple]
-38.967181 -15.775710 8.308743 0.308784 -0.893960 -0.324788 0.951132 0.290223 0.105442 0.000000 -0.341475 0.939891 B 2.000000 4.000000 18.000000 C[purple]
-39.346320 -22.153741 25.417967 0.387930 -0.866287 -0.314734 0.921689 0.364612 0.132469 0.000000 -0.341475 0.939891 B 2.000000 4.000000 18.000000 C[purple]
-39.110702 -28.424614 42.763849 0.471746 -0.828734 -0.301091 0.881734 0.443390 0.161090 -0.000000 -0.341475 0.939891 B 2.000000 4.000000 18.000000 C[purple]
-39.214328 28.087847 59.958481 0.449059 -0.839794 -0.305109 0.893502 0.422067 0.153343 -0.000000 -0.341475 0.939891 B 2.000000 4.000000 18.000000 C[purple]
-39.404794 21.680248 77.354718 0.466301 -0.831452 -0.302078 0.884626 0.438272 0.159230 0.000000 -0.341475 0.939891 B 2.000000 4.000000 18.000000 C[purple]
-12.585108 18.127406 -77.501976 0.709526 -0.662321 -0.240631 0.704679 0.666877 0.242286 0.000000 -0.341475 0.939891 B 2.000000 4.000000 18.000000 C[purple]
-12.344086 11.768344 -60.290893 0.853463 -0.489827 -0.177961 0.521154 0.802162 0.291437 0.000000 -0.341475 0.939891 B 2.000000 4.000000 18.000000 C[purple]
-12.423822 5.461356 -42.838422 0.954438 -0.280473 -0.101900 0.298410 0.897067 0.325917 -0.000000 -0.341475 0.939891 B 2.000000 4.000000 18.000000 C[purple]
-12.711266 -0.945544 -25.922861 0.947643 -0.300136 -0.109044 0.319331 0.890681 0.323597 -0.000000 -0.341475 0.939891 B 2.000000 4.000000 18.000000 C[purple]
-12.654449 -7.142558 -8.847038 0.973194 -0.216162 -0.078535 0.229986 0.914696 0.332322 0.000000 -0.341475 0.939891 B 2.000000 4.000000 18.000000 C[purple]
-12.867401 -13.084451 8.541625 0.982165 -0.176720 -0.064205 0.188021 0.923128 0.335385 -0.000000 -0.341475 0.939891 B 2.000000 4.000000 18.000000 C[purple]
-12.867411 -19.329513 26.101947 0.958872 -0.266777 -0.096924 0.283838 0.901235 0.327431 0.000000 -0.341475 0.939891 B 2.000000 4.000000 18.000000 C[purple]
