-17.488149 -8.801366 -77.337622 0.651907 -0.712718 -0.258940 0.758299 0.612722 0.222610 -0.000000 -0.341475 0.939891 B 2.000000 4.000000 18.000000 C[purple]
-17.490393 -15.370087 -60.374408 0.599988 -0.751921 -0.273184 0.800009 0.563923 0.204881 -0.000000 -0.341475 0.939891 B 2.000000 4.000000 18.000000 C[purple]
-17.414432 -21.611177 -43.181650 0.398626 -0.861987 -0.313172 0.917114 0.374665 0.136121 0.000000 -0.341475 0.939891 B 2.000000 4.000000 18.000000 C[purple]
-17.487154 -28.156869 -26.272462 0.454057 -0.837417 -0.304245 0.890972 0.426764 0.155049 0.000000 -0.341475 0.939891 B 2.000000 4.000000 18.000000 C[purple]
-17.794742 28.319000 -9.151733 0.423819 -0.851303 -0.309290 0.905747 0.398343 0.144724 -0.000000 -0.341475 0.939891 B 2.000000 4.000000 18.000000 C[purple]
-18.032284 22.281229 7.885135 0.293444 -0.898513 -0.326442 0.955976 0.275806 0.100204 -0.000000 -0.341475 0.939891 B 2.000000 4.000000 18.000000 C[purple]
-17.946232 16.032154 25.373142 0.303528 -0.895549 -0.325366 0.952823 0.285283 0.103647 0.000000 -0.341475 0.939891 B 2.000000 4.000000 18.000000 C[purple]
-18.015980 9.495371 42.845824 0.399710 -0.861543 -0.313011 0.916642 0.375684 0.136491 0.000000 -0.341475 0.939891 B 2.000000 4.000000 18.000000 C[purple]
-17.656695 3.183531 59.928744 0.504617 -0.811448 -0.294810 0.863343 0.474285 0.172314 0.000000 -0.341475 0.939891 B 2.000000 4.000000 18.000000 C[purple]
-17.614361 -2.729439 77.254250 0.601533 -0.750830 -0.272787 0.798848 0.565375 0.205409 0.000000 -0.341475 0.939891 B 2.000000 4.000000 18.000000 C[purple]
-8.370542 0.297874 -76.958996 0.481788 -0.823615 -0.299231 0.876288 0.452828 0.164519 -0.000000 -0.341475 0.939891 B 2.000000 4.000000 18.000000 C[purple]
-8.236420 -5.913042 -60.006158 0.693466 -0.677181 -0.246029 0.720489 0.651782 0.236802 -0.000000 -0.341475 0.939891 B 2.000000 4.000000 18.000000 C[purple]
-8.562820 -12.109290 -42.629405 0.670243 -0.697532 -0.253423 0.742142 0.629955 0.228872 0.000000 -0.341475 0.939891 B 2.000000 4.000000 18.000000 C[purple]
-8.639299 -18.266436 -25.464141 0.342797 -0.882942 -0.320785 0.939410 0.322191 0.117057 0.000000 -0.341475 0.939891 B 2.000000 4.000000 18.000000 C[purple]
-8.471355 -24.565478 -8.205597 0.397488 -0.862450 -0.313340 0.917607 0.373596 0.135733 -0.000000 -0.341475 0.939891 B 2.000000 4.000000 18.000000 C[purple]
-8.493761 -30.955964 8.785871 0.542910 -0.789311 -0.286768 0.839791 0.510276 0.185391 0.000000 -0.341475 0.939891 B 2.000000 4.000000 18.000000 C[purple]
-8.228073 25.379735 26.029817 0.573827 -0.769748 -0.279660 0.818977 0.539335 0.195948 0.000000 -0.341475 0.939891 B 2.000000 4.000000 18.000000 C[purple]
-8.357834 19.499022 43.309385 0.650792 -0.713618 -0.259267 0.759256 0.611673 0.222229 -0.000000 -0.341475 0.939891 B 2.000000 4.000000 18.000000 C[purple]
-8.331992 13.104007 60.697431 0.489537 -0.819568 -0.297761 0.871982 0.460111 0.167165 0.000000 -0.341475 0.939891 B 2.000000 4.000000 18.000000 C[purple]
-8.356648 6.516948 77.921201 0.589465 -0.759238 -0.275842 0.807794 0.554033 0.201288 -0.000000 -0.341475 0.939891 B 2.000000 4.000000 18.000000 C[purple]
-25.407822 -25.090538 77.623045 0.867463 -0.467597 -0.169884 0.497501 0.815321 0.296217 -0.000000 -0.341475 0.939891 B 2.000000 4.000000 18.000000 C[purple]
-25.325172 -31.139514 -77.137426 0.923249 -0.361108 -0.131196 0.384202 0.867753 0.315267 -0.000000 -0.341475 0.939891 B 2.000000 4.000000 18.000000 C[purple]
-25.194107 25.352484 -60.030621 0.919813 -0.368773 -0.133980 0.392357 0.864524 0.314093 -0.000000 -0.341475 0.939891 B 2.000000 4.000000 18.000000 C[purple]
-25.376591 18.773815 -42.950472 0.985254 -0.160816 -0.058427 0.171101 0.926031 0.336440 0.000000 -0.341475 0.939891 B 2.000000 4.000000 18.000000 C[purple]
-25.250160 12.911922 -25.602091 0.977297 -0.199140 -0.072350 0.211876 0.918552 0.333723 0.000000 -0.341475 0.939891 B 2.000000 4.000000 18.000000 C[purple]
-25.600532 6.518533 -8.346661 0.970796 -0.225485 -0.081922 0.239905 0.912442 0.331503 -0.000000 -0.341475 0.939891 B 2.000000 4.000000 18.000000 C[purple]
-25.487753 0.069030 8.513769 0.931584 -0.341676 -0.124136 0.363527 0.875587 0.318113 0.000000 -0.341475 0.939891 B 2.000000 4.000000 18.000000 C[purple]
-25.588672 -6.516049 25.758465 0.883157 -0.440881 -0.160178 0.469077 0.830071 0.301576 -0.000000 -0.341475 0.939891 B 2.000000 4.000000 18.000000 C[purple]
-25.303642 -12.876456 43.230619 0.934054 -0.335666 -0.121952 0.357133 0.877908 0.318956 -0.000000 -0.341475 0.939891 B 2.000000 4.000000 18.000000 C[purple]
-25.537686 -19.177481 60.267491 0.957299 -0.271723 -0.098721 0.289101 0.899756 0.326894 0.000000 -0.341475 0.939891 B 2.000000 4.000000 18.000000 C[purple]
-26.302342 -16.313011 -77.031530 0.545861 -0.787512 -0.286114 0.837876 0.513050 0.186398 0.000000 -0.341475 0.939891 B 2.000000 4.000000 18.000000 C[purple]
-26.519950 -22.602406 -59.987706 0.404753 -0.859461 -0.312254 0.914426 0.380424 0.138213 -0.000000 -0.341475 0.939891 B 2.000000 4.000000 18.000000 C[purple]
-26.263636 -28.686312 -42.586807 0.631540 -0.728738 -0.264761 0.775343 0.593579 0.215655 0.000000 -0.341475 0.939891 B 2.000000 4.000000 18.000000 C[purple]
-26.510746 27.339934 -25.272395 0.397164 -0.862582 -0.313388 0.917748 0.373291 0.135622 0.000000 -0.341475 0.939891 B 2.000000 4.000000 18.000000 C[purple]
-26.453418 21.272800 -8.006755 0.449527 -0.839573 -0.305029 0.893267 0.422506 0.153502 0.000000 -0.341475 0.939891 B 2.000000 4.000000 18.000000 C[purple]
-26.362508 15.283856 9.032061 0.308198 -0.894139 -0.324853 0.951322 0.289672 0.105242 -0.000000 -0.341475 0.939891 B 2.000000 4.000000 18.000000 C[purple]
-26.460809 8.793615 26.060288 0.497423 -0.815363 -0.296233 0.867508 0.467523 0.169858 -0.000000 -0.341475 0.939891 B 2.000000 4.000000 18.000000 C[purple]
-26.673246 2.588578 43.161233 0.458099 -0.835470 -0.303538 0.888901 0.430563 0.156430 0.000000 -0.341475 0.939891 B 2.000000 4.000000 18.000000 C[purple]
-26.560764 -3.821423 60.468113 0.575304 -0.768774 -0.279306 0.817940 0.540723 0.196452 0.000000 -0.341475 0.939891 B 2.000000 4.000000 18.000000 C[purple]
-26.222666 -9.932062 77.513441 0.519115 -0.803329 -0.291861 0.854704 0.487911 0.177265 0.000000 -0.341475 0.939891 B 2.000000 4.000000 18.000000 C[purple]
-22.243115 20.830988 77.693788 0.419828 0.853048 0.309924 -0.907604 0.394592 0.143361 0.000000 -0.341475 0.939891 B 2.000000 4.000000 18.000000 C[purple]
-22.199441 14.379268 -77.065531 0.180840 0.924394 0.335845 -0.983513 0.169970 0.061752 -0.000000 -0.341475 0.939891 B 2.000000 4.000000 18.000000 C[purple]
-22.021240 7.922406 -59.943589 0.399776 0.861516 0.313001 -0.916613 0.375746 0.136514 -0.000000 -0.341475 0.939891 B 2.000000 4.000000 18.000000 C[purple]
-22.216010 1.761910 -42.654728 0.552027 0.783706 0.284731 -0.833827 0.518845 0.188503 -0.000000 -0.341475 0.939891 B 2.000000 4.000000 18.000000 C[purple]
-22.337551 -4.479508 -25.358249 0.643572 0.719379 0.261360 -0.765385 0.604888 0.219764 -0.000000 -0.341475 0.939891 B 2.000000 4.000000 18.000000 C[purple]
-22.427625 -10.688249 -8.188060 0.649060 0.715010 0.259773 -0.760737 0.610045 0.221638 -0.000000 -0.341475 0.939891 B 2.000000 4.000000 18.000000 C[purple]
-22.295507 -16.878556 9.012910 0.606321 0.747420 0.271548 -0.795220 0.569876 0.207044 0.000000 -0.341475 0.939891 B 2.000000 4.000000 18.000000 C[purple]
-22.349215 -23.128967 26.447365 0.299655 0.896701 0.325784 -0.954048 0.281642 0.102325 -0.000000 -0.341475 0.939891 B 2.000000 4.000000 18.000000 C[purple]
-22.316519 -29.461052 43.337907 0.196459 0.921574 0.334821 -0.980512 0.184650 0.067086 -0.000000 -0.341475 0.939891 B 2.000000 4.000000 18.000000 C[purple]
-22.418232 26.943211 60.520188 0.494369 0.817002 0.296828 -0.869252 0.464653 0.168815 0.000000 -0.341475 0.939891 B 2.000000 4.000000 18.000000 C[purple]
-46.322990 -8.430495 77.154389 -0.291250 0.899144 0.326671 -0.956647 -0.273743 -0.099455 -0.000000 -0.341475 0.939891 B 2.000000 4.000000 18.000000 C[purple]
-46.120365 -14.334809 -77.370826 -0.299900 0.896628 0.325758 -0.953971 -0.281873 -0.102408 -0.000000 -0.341475 0.939891 B 2.000000 4.000000 18.000000 C[purple]
-46.297634 -20.938512 -60.452874 -0.292809 0.898696 0.326509 -0.956171 -0.275208 -0.099987 0.000000 -0.341475 0.939891 B 2.000000 4.000000 18.000000 C[purple]
-46.228389 -27.213939 -43.144156 -0.502865 0.812409 0.295159 -0.864365 -0.472638 -0.171716 0.000000 -0.341475 0.939891 B 2.000000 4.000000 18.000000 C[purple]
-46.147364 29.074687 -25.761238 -0.171306 0.925997 0.336428 -0.985218 -0.161009 -0.058497 -0.000000 -0.341475 0.939891 B 2.000000 4.000000 18.000000 C[purple]
-46.473869 22.879175 -8.524050 0.081648 0.936753 0.340335 -0.996661 0.076741 0.027881 0.000000 -0.341475 0.939891 B 2.000000 4.000000 18.000000 C[purple]
-46.349655 16.636558 8.785803 -0.165272 0.926965 0.336779 -0.986248 -0.155337 -0.056436 -0.000000 -0.341475 0.939891 B 2.000000 4.000000 18.000000 C[purple]
-46.586285 10.471278 25.833500 -0.380472 0.869204 0.315794 -0.924792 -0.357602 -0.129922 0.000000 -0.341475 0.939891 B 2.000000 4.000000 18.000000 C[purple]
-46.410044 4.151168 42.753403 -0.332408 0.886444 0.322058 -0.943136 -0.312427 -0.113509 -0.000000 -0.341475 0.939891 B 2.000000 4.000000 18.000000 C[purple]
-46.482844 -2.547157 60.087523 -0.350081 0.880414 0.319867 -0.936719 -0.329038 -0.119544 -0.000000 -0.341475 0.939891 B 2.000000 4.000000 18.000000 C[purple]
8.572920 -28.478511 77.229365 0.997475 0.066753 0.024252 -0.071022 0.937517 0.340613 0.000000 -0.341475 0.939891 B 2.000000 4.000000 18.000000 C[purple]
8.622293 27.847533 -77.735373 0.990158 -0.131544 -0.047792 0.139957 0.930640 0.338114 0.000000 -0.341475 0.939891 B 2.000000 4.000000 18.000000 C[purple]
8.352789 21.604175 -60.273234 0.999889 -0.014018 -0.005093 0.014915 0.939786 0.341437 -0.000000 -0.341475 0.939891 B 2.000000 4.000000 18.000000 C[purple]
8.156395 15.658135 -43.146945 0.998241 0.055727 0.020246 -0.059291 0.938237 0.340875 -0.000000 -0.341475 0.939891 B 2.000000 4.000000 18.000000 C[purple]
8.068526 8.987565 -25.967345 0.999932 -0.010947 -0.003977 0.011647 0.939827 0.341452 -0.000000 -0.341475 0.939891 B 2.000000 4.000000 18.000000 C[purple]
8.155314 2.553507 -9.017532 0.997643 -0.064491 -0.023430 0.068615 0.937676 0.340671 -0.000000 -0.341475 0.939891 B 2.000000 4.000000 18.000000 C[purple]
8.425335 -3.563655 8.318464 0.999997 0.002454 0.000892 -0.002611 0.939888 0.341474 0.000000 -0.341475 0.939891 B 2.000000 4.000000 18.000000 C[purple]
8.095475 -9.751260 25.647832 0.995138 -0.092569 -0.033632 0.098489 0.935321 0.339815 -0.000000 -0.341475 0.939891 B 2.000000 4.000000 18.000000 C[purple]
8.179351 -16.277666 42.765820 0.988651 0.141202 0.051301 -0.150232 0.929224 0.337600 0.000000 -0.341475 0.939891 B 2.000000 4.000000 18.000000 C[purple]
8.360595 -22.276687 60.075043 0.996596 0.077488 0.028152 -0.082443 0.936691 0.340313 -0.000000 -0.341475 0.939891 B 2.000000 4.000000 18.000000 C[purple]
-25.369587 27.297580 77.563624 0.133598 -0.931465 -0.338414 0.991036 0.125568 0.045620 0.000000 -0.341475 0.939891 B 2.000000 4.000000 18.000000 C[purple]
-25.667222 20.899048 -77.360826 0.384058 -0.867810 -0.315287 0.923309 0.360972 0.131146 0.000000 -0.341475 0.939891 B 2.000000 4.000000 18.000000 C[purple]
-25.564680 14.631819 -60.149353 0.385971 -0.867060 -0.315015 0.922511 0.362770 0.131799 -0.000000 -0.341475 0.939891 B 2.000000 4.000000 18.000000 C[purple]
-25.847433 8.319880 -43.125668 0.643119 -0.719737 -0.261490 0.765766 0.604461 0.219609 0.000000 -0.341475 0.939891 B 2.000000 4.000000 18.000000 C[purple]
-25.462238 2.324644 -25.972472 0.599261 -0.752433 -0.273369 0.800554 0.563240 0.204633 0.000000 -0.341475 0.939891 B 2.000000 4.000000 18.000000 C[purple]
-25.373653 -4.137981 -8.802181 0.406096 -0.858901 -0.312051 0.913830 0.381686 0.138672 -0.000000 -0.341475 0.939891 B 2.000000 4.000000 18.000000 C[purple]
-25.078735 -10.245996 8.739811 0.396826 -0.862720 -0.313438 0.917894 0.372973 0.135506 -0.000000 -0.341475 0.939891 B 2.000000 4.000000 18.000000 C[purple]
-25.426888 -16.737367 25.880492 0.502218 -0.812762 -0.295288 0.864741 0.472030 0.171495 -0.000000 -0.341475 0.939891 B 2.000000 4.000000 18.000000 C[purple]
-25.374998 -22.966412 43.526366 0.463400 -0.832884 -0.302598 0.886149 0.435545 0.158240 -0.000000 -0.341475 0.939891 B 2.000000 4.000000 18.000000 C[purple]
-25.540507 -29.261318 60.421428 0.211130 -0.918704 -0.333778 0.977458 0.198439 0.072096 0.000000 -0.341475 0.939891 B 2.000000 4.000000 18.000000 C[purple]
40.969849 8.578861 -77.435236 0.869582 -0.464107 -0.168617 0.493789 0.817312 0.296941 -0.000000 -0.341475 0.939891 B 2.000000 4.000000 18.000000 C[purple]
40.843314 2.125145 -60.262759 0.767735 -0.602252 -0.218807 0.640768 0.721587 0.262162 -0.000000 -0.341475 0.939891 B 2.000000 4.000000 18.000000 C[purple]
40.927626 -3.952196 -43.116554 0.863573 -0.473915 -0.172180 0.504224 0.811664 0.294889 0.000000 -0.341475 0.939891 B 2.000000 4.000000 18.000000 C[purple]
40.748926 -10.178995 -26.087567 0.648787 -0.715229 -0.259853 0.760970 0.609789 0.221545 0.000000 -0.341475 0.939891 B 2.000000 4.000000 18.000000 C[purple]
41.009403 -16.193849 -8.630340 0.688940 -0.681250 -0.247508 0.724818 0.647528 0.235256 -0.000000 -0.341475 0.939891 B 2.000000 4.000000 18.000000 C[purple]
41.095726 -22.613632 8.569953 0.771785 -0.597662 -0.217139 0.635884 0.725393 0.263545 -0.000000 -0.341475 0.939891 B 2.000000 4.000000 18.000000 C[purple]
41.035391 -28.858505 25.601218 0.698489 -0.672605 -0.244367 0.715621 0.656503 0.238517 0.000000 -0.341475 0.939891 B 2.000000 4.000000 18.000000 C[purple]
40.860067 27.432683 43.132931 0.802699 -0.560536 -0.203650 0.596384 0.754450 0.274102 0.000000 -0.341475 0.939891 B 2.000000 4.000000 18.000000 C[purple]
41.106800 21.112570 60.379267 0.710930 -0.660990 -0.240147 0.703263 0.668197 0.242765 0.000000 -0.341475 0.939891 B 2.000000 4.000000 18.000000 C[purple]
40.851706 14.822570 77.463903 0.745253 -0.626702 -0.227689 0.666781 0.700457 0.254486 -0.000000 -0.341475 0.939891 B 2.000000 4.000000 18.000000 C[purple]
-42.157833 -12.888344 77.943421 0.982230 0.176401 0.064089 -0.187682 0.923189 0.335407 0.000000 -0.341475 0.939891 B 2.000000 4.000000 18.000000 C[purple]
-42.214383 -19.024269 -76.890647 0.999620 -0.025906 -0.009412 0.027563 0.939534 0.341346 -0.000000 -0.341475 0.939891 B 2.000000 4.000000 18.000000 C[purple]
-42.425501 -25.037221 -59.630616 0.995572 -0.088350 -0.032099 0.094000 0.935729 0.339963 -0.000000 -0.341475 0.939891 B 2.000000 4.000000 18.000000 C[purple]
-42.422304 30.826817 -42.410448 0.983651 0.169261 0.061495 -0.180086 0.924524 0.335893 0.000000 -0.341475 0.939891 B 2.000000 4.000000 18.000000 C[purple]
-42.229361 24.857592 -25.273256 0.996427 0.079381 0.028840 -0.084458 0.936533 0.340255 0.000000 -0.341475 0.939891 B 2.000000 4.000000 18.000000 C[purple]
-41.907689 18.755640 -8.302917 0.999771 0.020112 0.007307 -0.021398 0.939676 0.341397 -0.000000 -0.341475 0.939891 B 2.000000 4.000000 18.000000 C[purple]
-41.948518 12.705032 8.886244 0.963414 0.251907 0.091521 -0.268017 0.905504 0.328982 -0.000000 -0.341475 0.939891 B 2.000000 4.000000 18.000000 C[purple]
-42.223078 6.601596 26.218065 0.993373 0.108022 0.039246 -0.114931 0.933663 0.339213 0.000000 -0.341475 0.939891 B 2.000000 4.000000 18.000000 C[purple]
-42.378315 -0.034990 43.475237 0.999615 0.026072 0.009472 -0.027739 0.939529 0.341344 0.000000 -0.341475 0.939891 B 2.000000 4.000000 18.000000 C[purple]
-42.119352 -6.554327 60.514614 0.990467 0.129474 0.047040 -0.137754 0.930930 0.338220 -0.000000 -0.341475 0.939891 B 2.000000 4.000000 18.000000 C[purple]
44.443824 -19.027974 77.330800 0.563623 -0.776380 -0.282070 0.826032 0.529744 0.192463 0.000000 -0.341475 0.939891 B 2.000000 4.000000 18.000000 C[purple]
44.380713 -25.270644 -77.668154 0.719673 -0.652578 -0.237091 0.694313 0.676414 0.245751 -0.000000 -0.341475 0.939891 B 2.000000 4.000000 18.000000 C[purple]
44.557673 30.878538 -60.528554 0.596413 -0.754429 -0.274095 0.802678 0.560563 0.203660 0.000000 -0.341475 0.939891 B 2.000000 4.000000 18.000000 C[purple]
44.690650 24.683948 -43.222383 0.742684 -0.629390 -0.228666 0.669642 0.698042 0.253608 0.000000 -0.341475 0.939891 B 2.000000 4.000000 18.000000 C[purple]
44.562432 18.633426 -26.042578 0.678369 -0.690558 -0.250889 0.734721 0.637593 0.231646 0.000000 -0.341475 0.939891 B 2.000000 4.000000 18.000000 C[purple]
44.452264 12.262034 -8.967348 0.626740 -0.732389 -0.266087 0.779228 0.589067 0.214016 -0.000000 -0.341475 0.939891 B 2.000000 4.000000 18.000000 C[purple]
44.511161 5.988529 8.154832 0.261919 -0.907079 -0.329554 0.965090 0.246175 0.089439 -0.000000 -0.341475 0.939891 B 2.000000 4.000000 18.000000 C[purple]
44.399629 -0.441102 25.417993 0.378294 -0.870043 -0.316099 0.925685 0.355555 0.129178 0.000000 -0.341475 0.939891 B 2.000000 4.000000 18.000000 C[purple]
44.764973 -6.626958 42.743090 0.312067 -0.892953 -0.324422 0.950060 0.293309 0.106563 0.000000 -0.341475 0.939891 B 2.000000 4.000000 18.000000 C[purple]
44.649055 -12.841720 60.257341 0.489595 -0.819538 -0.297750 0.871950 0.460165 0.167185 0.000000 -0.341475 0.939891 B 2.000000 4.000000 18.000000 C[purple]
-14.036157 13.950354 77.025308 0.816180 0.543067 0.197304 -0.577798 0.767120 0.278705 -0.000000 -0.341475 0.939891 B 2.000000 4.000000 18.000000 C[purple]
-13.969546 7.901682 -77.614059 0.940562 0.319207 0.115972 -0.339621 0.884026 0.321179 0.000000 -0.341475 0.939891 B 2.000000 4.000000 18.000000 C[purple]
-14.086157 1.876843 -60.551847 0.885761 0.436243 0.158493 -0.464142 0.832518 0.302465 0.000000 -0.341475 0.939891 B 2.000000 4.000000 18.000000 C[purple]
-13.990400 -4.520799 -43.415607 0.874062 0.456612 0.165893 -0.485814 0.821523 0.298471 -0.000000 -0.341475 0.939891 B 2.000000 4.000000 18.000000 C[purple]
-13.733456 -11.011693 -26.155604 0.860852 0.478269 0.173762 -0.508856 0.809107 0.293960 -0.000000 -0.341475 0.939891 B 2.000000 4.000000 18.000000 C[purple]
-13.864366 -17.051663 -9.019293 0.788977 0.577490 0.209810 -0.614423 0.741552 0.269416 0.000000 -0.341475 0.939891 B 2.000000 4.000000 18.000000 C[purple]
-14.161624 -23.370261 8.208806 0.709934 0.661936 0.240490 -0.704269 0.667260 0.242425 0.000000 -0.341475 0.939891 B 2.000000 4.000000 18.000000 C[purple]
-14.120892 -29.810720 25.276839 0.621603 0.736247 0.267489 -0.783332 0.584239 0.212262 -0.000000 -0.341475 0.939891 B 2.000000 4.000000 18.000000 C[purple]
-13.996286 26.093027 42.495412 0.642221 0.720445 0.261748 -0.766520 0.603617 0.219303 -0.000000 -0.341475 0.939891 B 2.000000 4.000000 18.000000 C[purple]
-14.033089 19.861128 59.764334 0.718599 0.653623 0.237471 -0.695425 0.675404 0.245384 0.000000 -0.341475 0.939891 B 2.000000 4.000000 18.000000 C[purple]
14.547511 -10.603874 77.221635 -0.882946 -0.441255 -0.160314 0.469475 -0.829873 -0.301504 -0.000000 -0.341475 0.939891 B 2.000000 4.000000 18.000000 C[purple]
14.339738 -16.532815 -77.507271 -0.914814 -0.379599 -0.137914 0.403876 -0.859825 -0.312386 -0.000000 -0.341475 0.939891 B 2.000000 4.000000 18.000000 C[purple]
14.409638 -22.984838 -60.371567 -0.962694 -0.254327 -0.092400 0.270592 -0.904827 -0.328736 0.000000 -0.341475 0.939891 B 2.000000 4.000000 18.000000 C[purple]
14.169782 -29.163224 -42.823182 -0.922039 -0.363829 -0.132184 0.387097 -0.866616 -0.314854 0.000000 -0.341475 0.939891 B 2.000000 4.000000 18.000000 C[purple]
14.419720 27.073205 -25.471809 -0.953147 -0.284323 -0.103299 0.302507 -0.895854 -0.325476 0.000000 -0.341475 0.939891 B 2.000000 4.000000 18.000000 C[purple]
14.121863 21.047983 -8.365808 -0.895689 -0.417952 -0.151848 0.444682 -0.841849 -0.305856 -0.000000 -0.341475 0.939891 B 2.000000 4.000000 18.000000 C[purple]
14.200723 14.938615 8.846671 -0.844275 -0.503696 -0.183000 0.535910 -0.793527 -0.288299 0.000000 -0.341475 0.939891 B 2.000000 4.000000 18.000000 C[purple]
14.450078 8.389226 25.883382 -0.877107 -0.451424 -0.164009 0.480294 -0.824385 -0.299511 0.000000 -0.341475 0.939891 B 2.000000 4.000000 18.000000 C[purple]
14.679234 2.055222 42.955325 -0.938396 -0.324791 -0.118001 0.345563 -0.881989 -0.320439 0.000000 -0.341475 0.939891 B 2.000000 4.000000 18.000000 C[purple]
14.462798 -4.119190 60.055148 -0.901285 -0.407185 -0.147936 0.433226 -0.847110 -0.307767 0.000000 -0.341475 0.939891 B 2.000000 4.000000 18.000000 C[purple]
-36.278467 -30.720022 77.415083 0.224490 -0.915901 -0.332760 0.974476 0.210996 0.076658 0.000000 -0.341475 0.939891 B 2.000000 4.000000 18.000000 C[purple]
-36.047110 25.385788 -77.626132 0.299459 -0.896758 -0.325805 0.954109 0.281458 0.102258 0.000000 -0.341475 0.939891 B 2.000000 4.000000 18.000000 C[purple]
-36.381740 19.195904 -60.359352 0.311412 -0.893155 -0.324496 0.950275 0.292693 0.106339 -0.000000 -0.341475 0.939891 B 2.000000 4.000000 18.000000 C[purple]
-36.577188 13.016985 -43.379464 0.020770 -0.939688 -0.341402 0.999784 0.019521 0.007092 -0.000000 -0.341475 0.939891 B 2.000000 4.000000 18.000000 C[purple]
-36.566699 6.606375 -25.830203 0.121502 -0.932927 -0.338945 0.992591 0.114199 0.041490 0.000000 -0.341475 0.939891 B 2.000000 4.000000 18.000000 C[purple]
-36.792444 0.584852 -8.753009 0.048795 -0.938771 -0.341069 0.998809 0.045862 0.016662 0.000000 -0.341475 0.939891 B 2.000000 4.000000 18.000000 C[purple]
-36.932078 -5.335827 8.471385 0.127836 -0.932179 -0.338674 0.991795 0.120151 0.043653 0.000000 -0.341475 0.939891 B 2.000000 4.000000 18.000000 C[purple]
-36.928818 -11.637000 25.564145 -0.057290 -0.938347 -0.340915 0.998358 -0.053847 -0.019563 0.000000 -0.341475 0.939891 B 2.000000 4.000000 18.000000 C[purple]
-36.771788 -18.193604 42.980806 -0.058130 -0.938301 -0.340898 0.998309 -0.054636 -0.019850 -0.000000 -0.341475 0.939891 B 2.000000 4.000000 18.000000 C[purple]
-36.539171 -24.282341 60.095949 0.034085 -0.939345 -0.341277 0.999419 0.032036 0.011639 0.000000 -0.341475 0.939891 B 2.000000 4.000000 18.000000 C[purple]
44.404055 26.644119 -77.300147 0.949975 0.293551 0.106651 -0.312325 0.892873 0.324393 -0.000000 -0.341475 0.939891 B 2.000000 4.000000 18.000000 C[purple]
44.309817 20.748981 -60.017071 0.855968 0.485951 0.176553 -0.517029 0.804516 0.292292 0.000000 -0.341475 0.939891 B 2.000000 4.000000 18.000000 C[purple]
44.522611 14.352382 -42.755067 0.838223 0.512549 0.186216 -0.545328 0.787838 0.286232 0.000000 -0.341475 0.939891 B 2.000000 4.000000 18.000000 C[purple]
44.618592 8.399281 -25.666407 0.886441 0.435021 0.158049 -0.462843 0.833157 0.302698 -0.000000 -0.341475 0.939891 B 2.000000 4.000000 18.000000 C[purple]
44.861762 1.894753 -8.584190 0.963271 0.252390 0.091697 -0.268531 0.905369 0.328933 -0.000000 -0.341475 0.939891 B 2.000000 4.000000 18.000000 C[purple]
44.723334 -4.065243 8.727967 0.964829 0.247077 0.089767 -0.262879 0.906834 0.329465 -0.000000 -0.341475 0.939891 B 2.000000 4.000000 18.000000 C[purple]
44.731109 -10.507775 26.121630 0.983728 0.168866 0.061351 -0.179665 0.924597 0.335919 -0.000000 -0.341475 0.939891 B 2.000000 4.000000 18.000000 C[purple]
44.632710 -17.104601 43.298522 0.972527 0.218797 0.079492 -0.232790 0.914069 0.332094 0.000000 -0.341475 0.939891 B 2.000000 4.000000 18.000000 C[purple]
44.734732 -23.613259 60.539909 0.946688 0.302787 0.110007 -0.322151 0.889783 0.323271 -0.000000 -0.341475 0.939891 B 2.000000 4.000000 18.000000 C[purple]
44.710152 -29.605362 77.523923 0.929994 0.345481 0.125518 -0.367575 0.874092 0.317570 -0.000000 -0.341475 0.939891 B 2.000000 4.000000 18.000000 C[purple]
2.383982 -21.760036 -77.937020 0.580758 -0.765143 -0.277987 0.814076 0.545849 0.198315 0.000000 -0.341475 0.939891 B 2.000000 4.000000 18.000000 C[purple]
2.609024 -28.052798 -60.505101 0.600626 -0.751471 -0.273020 0.799530 0.564523 0.205099 -0.000000 -0.341475 0.939891 B 2.000000 4.000000 18.000000 C[purple]
2.251376 28.379754 -43.451951 0.593960 -0.756137 -0.274715 0.804495 0.558257 0.202823 0.000000 -0.341475 0.939891 B 2.000000 4.000000 18.000000 C[purple]
2.517102 22.232082 -26.135801 0.630920 -0.729212 -0.264933 0.775848 0.592996 0.215444 0.000000 -0.341475 0.939891 B 2.000000 4.000000 18.000000 C[purple]
2.585923 15.919757 -8.925678 0.663253 -0.703410 -0.255559 0.748395 0.623386 0.226485 0.000000 -0.341475 0.939891 B 2.000000 4.000000 18.000000 C[purple]
2.756369 9.576452 8.257494 0.737684 -0.634563 -0.230546 0.675146 0.693342 0.251901 -0.000000 -0.341475 0.939891 B 2.000000 4.000000 18.000000 C[purple]
2.872658 3.126779 25.626970 0.613564 -0.742180 -0.269644 0.789645 0.576683 0.209517 0.000000 -0.341475 0.939891 B 2.000000 4.000000 18.000000 C[purple]
2.575323 -3.255599 42.855046 0.518654 -0.803592 -0.291956 0.854984 0.487478 0.177107 0.000000 -0.341475 0.939891 B 2.000000 4.000000 18.000000 C[purple]
2.594972 -9.260740 59.931052 0.675309 -0.693202 -0.251850 0.737535 0.634717 0.230601 0.000000 -0.341475 0.939891 B 2.000000 4.000000 18.000000 C[purple]
2.559226 -15.504334 76.867629 0.555669 -0.781429 -0.283904 0.831404 0.522268 0.189747 -0.000000 -0.341475 0.939891 B 2.000000 4.000000 18.000000 C[purple]
17.182824 26.106855 -77.546442 0.741884 -0.630223 -0.228969 0.670528 0.697290 0.253335 0.000000 -0.341475 0.939891 B 2.000000 4.000000 18.000000 C[purple]
17.156377 19.860686 -60.459713 0.425023 -0.850773 -0.309098 0.905183 0.399475 0.145135 0.000000 -0.341475 0.939891 B 2.000000 4.000000 18.000000 C[purple]
16.886509 13.570737 -43.391068 0.655324 -0.709944 -0.257933 0.755348 0.615933 0.223777 0.000000 -0.341475 0.939891 B 2.000000 4.000000 18.000000 C[purple]
16.576331 7.315124 -26.126571 0.557868 -0.780043 -0.283401 0.829930 0.524335 0.190498 -0.000000 -0.341475 0.939891 B 2.000000 4.000000 18.000000 C[purple]
16.908117 0.823433 -8.838305 0.574084 -0.769579 -0.279599 0.818796 0.539576 0.196036 -0.000000 -0.341475 0.939891 B 2.000000 4.000000 18.000000 C[purple]
16.710021 -5.296092 8.620233 0.450740 -0.838999 -0.304820 0.892656 0.423646 0.153916 0.000000 -0.341475 0.939891 B 2.000000 4.000000 18.000000 C[purple]
16.675170 -11.351096 25.670265 0.684195 -0.685462 -0.249038 0.729299 0.643068 0.233636 0.000000 -0.341475 0.939891 B 2.000000 4.000000 18.000000 C[purple]
16.861706 -17.509914 42.999601 0.613679 -0.742096 -0.269614 0.789556 0.576791 0.209556 0.000000 -0.341475 0.939891 B 2.000000 4.000000 18.000000 C[purple]
16.952462 -23.971293 60.208158 0.776664 -0.592052 -0.215101 0.629915 0.729979 0.265212 -0.000000 -0.341475 0.939891 B 2.000000 4.000000 18.000000 C[purple]
17.124851 -30.306855 77.083326 0.744463 -0.627531 -0.227991 0.667664 0.699714 0.254216 0.000000 -0.341475 0.939891 B 2.000000 4.000000 18.000000 C[purple]
-16.605766 -23.501047 -77.168593 -0.296586 0.897601 0.326111 -0.955006 -0.278759 -0.101277 -0.000000 -0.341475 0.939891 B 2.000000 4.000000 18.000000 C[purple]
-16.446984 -29.548293 -60.073556 -0.483340 0.822811 0.298939 -0.875433 -0.454287 -0.165049 0.000000 -0.341475 0.939891 B 2.000000 4.000000 18.000000 C[purple]
-16.364491 26.676086 -42.611884 -0.582323 0.764091 0.277605 -0.812958 -0.547320 -0.198849 -0.000000 -0.341475 0.939891 B 2.000000 4.000000 18.000000 C[purple]
-16.124329 20.329978 -25.453432 -0.359337 0.877113 0.318668 -0.933208 -0.337737 -0.122705 -0.000000 -0.341475 0.939891 B 2.000000 4.000000 18.000000 C[purple]
-16.446164 13.794525 -8.348679 -0.456352 0.836314 0.303845 -0.889799 -0.428921 -0.155833 -0.000000 -0.341475 0.939891 B 2.000000 4.000000 18.000000 C[purple]
-16.122619 7.509448 8.766526 -0.288373 0.899962 0.326969 -0.957518 -0.271039 -0.098472 -0.000000 -0.341475 0.939891 B 2.000000 4.000000 18.000000 C[purple]
-16.120622 1.190117 26.120156 -0.425813 0.850424 0.308971 -0.904811 -0.400217 -0.145405 -0.000000 -0.341475 0.939891 B 2.000000 4.000000 18.000000 C[purple]
-16.336787 -5.208380 43.523818 -0.175789 0.925255 0.336158 -0.984428 -0.165222 -0.060027 0.000000 -0.341475 0.939891 B 2.000000 4.000000 18.000000 C[purple]
-16.545382 -11.174477 60.699664 -0.148828 0.929423 0.337672 -0.988863 -0.139882 -0.050821 -0.000000 -0.341475 0.939891 B 2.000000 4.000000 18.000000 C[purple]
-16.313707 -17.346932 77.643354 -0.110689 0.934115 0.339377 -0.993855 -0.104036 -0.037798 -0.000000 -0.341475 0.939891 B 2.000000 4.000000 18.000000 C[purple]
10.995760 -1.075034 77.596142 0.591614 -0.757760 -0.275305 0.806221 0.556053 0.202022 0.000000 -0.341475 0.939891 B 2.000000 4.000000 18.000000 C[purple]
11.156752 -7.079005 -77.247026 0.834046 -0.518534 -0.188390 0.551696 0.783912 0.284806 -0.000000 -0.341475 0.939891 B 2.000000 4.000000 18.000000 C[purple]
11.367592 -13.068358 -60.234361 0.755608 -0.615651 -0.223674 0.655024 0.710189 0.258022 -0.000000 -0.341475 0.939891 B 2.000000 4.000000 18.000000 C[purple]
11.165358 -19.658831 -42.964800 0.808450 -0.553187 -0.200981 0.588565 0.759854 0.276066 -0.000000 -0.341475 0.939891 B 2.000000 4.000000 18.000000 C[purple]
11.030730 -25.993822 -25.443390 0.827143 -0.528211 -0.191906 0.561992 0.777424 0.282449 -0.000000 -0.341475 0.939891 B 2.000000 4.000000 18.000000 C[purple]
11.016795 30.716912 -8.218989 0.841661 -0.507547 -0.184399 0.540007 0.791069 0.287406 -0.000000 -0.341475 0.939891 B 2.000000 4.000000 18.000000 C[purple]
11.146139 24.244035 8.664088 0.849579 -0.495757 -0.180115 0.527462 0.798511 0.290110 -0.000000 -0.341475 0.939891 B 2.000000 4.000000 18.000000 C[purple]
10.844461 17.690139 26.047860 0.866748 -0.468767 -0.170310 0.498747 0.814648 0.295973 0.000000 -0.341475 0.939891 B 2.000000 4.000000 18.000000 C[purple]
10.923641 11.403066 43.600591 0.711885 -0.660081 -0.239817 0.702296 0.669094 0.243091 0.000000 -0.341475 0.939891 B 2.000000 4.000000 18.000000 C[purple]
10.817912 5.204050 60.641426 0.593961 -0.756136 -0.274715 0.804494 0.558258 0.202823 -0.000000 -0.341475 0.939891 B 2.000000 4.000000 18.000000 C[purple]
49.215113 -13.321250 77.397410 0.079053 -0.936949 -0.340407 0.996870 0.074301 0.026995 0.000000 -0.341475 0.939891 B 2.000000 4.000000 18.000000 C[purple]
49.300518 -19.782510 -77.278731 0.286098 -0.900604 -0.327202 0.958200 0.268901 0.097695 0.000000 -0.341475 0.939891 B 2.000000 4.000000 18.000000 C[purple]
49.207960 -25.902808 -60.271466 0.243735 -0.911545 -0.331177 0.969842 0.229084 0.083229 -0.000000 -0.341475 0.939891 B 2.000000 4.000000 18.000000 C[purple]
49.537654 30.379277 -42.981652 0.156384 -0.928327 -0.337274 0.987696 0.146984 0.053401 0.000000 -0.341475 0.939891 B 2.000000 4.000000 18.000000 C[purple]
49.485853 24.164974 -26.058278 0.337448 -0.884761 -0.321446 0.941344 0.317165 0.115230 -0.000000 -0.341475 0.939891 B 2.000000 4.000000 18.000000 C[purple]
49.473799 18.127091 -8.924895 0.166631 -0.926750 -0.336701 0.986019 0.156615 0.056900 -0.000000 -0.341475 0.939891 B 2.000000 4.000000 18.000000 C[purple]
49.279478 11.714231 8.352582 0.081212 -0.936786 -0.340347 0.996697 0.076330 0.027732 0.000000 -0.341475 0.939891 B 2.000000 4.000000 18.000000 C[purple]
49.610987 5.323228 25.686704 0.116373 -0.933505 -0.339155 0.993206 0.109378 0.039739 0.000000 -0.341475 0.939891 B 2.000000 4.000000 18.000000 C[purple]
49.568909 -1.188089 42.766089 0.155303 -0.928487 -0.337332 0.987867 0.145968 0.053032 0.000000 -0.341475 0.939891 B 2.000000 4.000000 18.000000 C[purple]
49.439736 -7.414252 60.088089 0.124382 -0.932592 -0.338824 0.992234 0.116906 0.042474 -0.000000 -0.341475 0.939891 B 2.000000 4.000000 18.000000 C[purple]
30.654410 -12.280834 -77.207238 0.990745 -0.127577 -0.046350 0.135736 0.931192 0.338315 0.000000 -0.341475 0.939891 B 2.000000 4.000000 18.000000 C[purple]
30.624741 -18.606218 -60.051692 0.979371 -0.189925 -0.069003 0.202072 0.920501 0.334431 0.000000 -0.341475 0.939891 B 2.000000 4.000000 18.000000 C[purple]
30.452491 -24.848715 -43.010749 0.908406 -0.392958 -0.142767 0.418089 0.853802 0.310198 0.000000 -0.341475 0.939891 B 2.000000 4.000000 18.000000 C[purple]
30.612111 -30.899616 -25.762799 0.779231 -0.589064 -0.214015 0.626736 0.732392 0.266088 -0.000000 -0.341475 0.939891 B 2.000000 4.000000 18.000000 C[purple]
30.299969 25.458656 -8.613519 0.836949 -0.514384 -0.186883 0.547281 0.786641 0.285798 -0.000000 -0.341475 0.939891 B 2.000000 4.000000 18.000000 C[purple]
30.178935 19.014047 8.696802 0.973663 -0.214288 -0.077854 0.227993 0.915137 0.332482 -0.000000 -0.341475 0.939891 B 2.000000 4.000000 18.000000 C[purple]
30.236969 12.990566 26.153553 0.945582 -0.305825 -0.111110 0.325383 0.888744 0.322893 0.000000 -0.341475 0.939891 B 2.000000 4.000000 18.000000 C[purple]
30.010628 6.619807 43.088291 0.959197 -0.265744 -0.096549 0.282739 0.901540 0.327542 0.000000 -0.341475 0.939891 B 2.000000 4.000000 18.000000 C[purple]
30.323092 0.454614 60.592013 0.973267 -0.215872 -0.078429 0.229678 0.914764 0.332347 -0.000000 -0.341475 0.939891 B 2.000000 4.000000 18.000000 C[purple]
30.636191 -5.786642 77.553715 0.982843 -0.173358 -0.062983 0.184445 0.923765 0.335617 -0.000000 -0.341475 0.939891 B 2.000000 4.000000 18.000000 C[purple]
23.509096 -8.254977 77.102656 0.401005 0.861011 0.312817 -0.916076 0.376901 0.136933 -0.000000 -0.341475 0.939891 B 2.000000 4.000000 18.000000 C[purple]
23.267510 -14.643109 -77.432608 0.398593 0.862000 0.313177 -0.917128 0.374634 0.136110 -0.000000 -0.341475 0.939891 B 2.000000 4.000000 18.000000 C[purple]
23.036820 -20.798554 -60.318103 0.548598 0.785829 0.285503 -0.836086 0.515623 0.187333 -0.000000 -0.341475 0.939891 B 2.000000 4.000000 18.000000 C[purple]
23.221178 -27.190056 -42.750434 0.447832 0.840373 0.305319 -0.894118 0.420913 0.152924 0.000000 -0.341475 0.939891 B 2.000000 4.000000 18.000000 C[purple]
23.316035 28.978626 -25.507796 0.045413 0.938921 0.341123 -0.998968 0.042683 0.015507 -0.000000 -0.341475 0.939891 B 2.000000 4.000000 18.000000 C[purple]
23.067856 22.558281 -8.374759 -0.061509 0.938111 0.340829 -0.998107 -0.057812 -0.021004 0.000000 -0.341475 0.939891 B 2.000000 4.000000 18.000000 C[purple]
23.356366 16.199694 8.786254 -0.103592 0.934834 0.339638 -0.994620 -0.097365 -0.035374 0.000000 -0.341475 0.939891 B 2.000000 4.000000 18.000000 C[purple]
23.056015 10.088635 26.100553 -0.014980 0.939785 0.341437 -0.999888 -0.014079 -0.005115 0.000000 -0.341475 0.939891 B 2.000000 4.000000 18.000000 C[purple]
23.195178 4.185379 43.117913 -0.027527 0.939535 0.341346 -0.999621 -0.025872 -0.009400 0.000000 -0.341475 0.939891 B 2.000000 4.000000 18.000000 C[purple]
23.629305 -2.067456 60.128127 0.050097 0.938711 0.341047 -0.998744 0.047086 0.017107 0.000000 -0.341475 0.939891 B 2.000000 4.000000 18.000000 C[purple]
49.095454 13.503765 77.570320 0.861014 0.478011 0.173668 -0.508582 0.809259 0.294015 0.000000 -0.341475 0.939891 B 2.000000 4.000000 18.000000 C[purple]
48.763904 7.470265 -77.188999 0.881938 0.443031 0.160959 -0.471365 0.828926 0.301160 0.000000 -0.341475 0.939891 B 2.000000 4.000000 18.000000 C[purple]
49.109258 1.271109 -60.138612 0.848273 0.497728 0.180832 -0.529559 0.797284 0.289664 -0.000000 -0.341475 0.939891 B 2.000000 4.000000 18.000000 C[purple]
49.007694 -4.950640 -42.813983 0.623672 0.734700 0.266927 -0.781686 0.586183 0.212969 0.000000 -0.341475 0.939891 B 2.000000 4.000000 18.000000 C[purple]
48.756055 -11.232736 -25.945164 0.555866 0.781305 0.283859 -0.831272 0.522453 0.189815 0.000000 -0.341475 0.939891 B 2.000000 4.000000 18.000000 C[purple]
48.985187 -17.469102 -8.883662 0.697346 0.673652 0.244747 -0.716735 0.655429 0.238127 -0.000000 -0.341475 0.939891 B 2.000000 4.000000 18.000000 C[purple]
49.209632 -23.691337 8.160519 0.660138 0.705994 0.256497 -0.751144 0.620457 0.225421 0.000000 -0.341475 0.939891 B 2.000000 4.000000 18.000000 C[purple]
49.239629 -30.170435 25.572950 0.598367 0.753061 0.273598 -0.801222 0.562400 0.204328 -0.000000 -0.341475 0.939891 B 2.000000 4.000000 18.000000 C[purple]
48.979910 26.034044 42.957321 0.700300 0.670939 0.243762 -0.713848 0.658206 0.239135 0.000000 -0.341475 0.939891 B 2.000000 4.000000 18.000000 C[purple]
48.909448 19.594172 60.412119 0.860562 0.478729 0.173929 -0.509346 0.808834 0.293861 -0.000000 -0.341475 0.939891 B 2.000000 4.000000 18.000000 C[purple]
-0.342564 23.941266 77.499837 0.995240 -0.091599 -0.033279 0.097457 0.935417 0.339850 -0.000000 -0.341475 0.939891 B 2.000000 4.000000 18.000000 C[purple]
-0.747985 17.448339 -77.255466 0.993488 -0.107092 -0.038908 0.113940 0.933770 0.339252 0.000000 -0.341475 0.939891 B 2.000000 4.000000 18.000000 C[purple]
-0.860626 11.640131 -60.086750 0.983021 -0.172464 -0.062658 0.183493 0.923932 0.335677 0.000000 -0.341475 0.939891 B 2.000000 4.000000 18.000000 C[purple]
-0.704939 5.132659 -42.926087 0.920842 -0.366498 -0.133154 0.389937 0.865490 0.314445 0.000000 -0.341475 0.939891 B 2.000000 4.000000 18.000000 C[purple]
-0.826065 -0.873160 -25.744252 0.862393 -0.475809 -0.172868 0.506239 0.810555 0.294486 0.000000 -0.341475 0.939891 B 2.000000 4.000000 18.000000 C[purple]
-0.694273 -7.126847 -8.673700 0.891342 -0.426083 -0.154802 0.453332 0.837764 0.304371 0.000000 -0.341475 0.939891 B 2.000000 4.000000 18.000000 C[purple]
-0.624182 -13.306110 8.437377 0.994088 -0.102050 -0.037076 0.108577 0.934334 0.339457 0.000000 -0.341475 0.939891 B 2.000000 4.000000 18.000000 C[purple]
-0.617908 -19.190604 25.534568 0.944093 -0.309863 -0.112578 0.329680 0.887344 0.322384 0.000000 -0.341475 0.939891 B 2.000000 4.000000 18.000000 C[purple]
-0.412832 -25.602334 42.752859 0.976745 -0.201515 -0.073213 0.214402 0.918034 0.333535 -0.000000 -0.341475 0.939891 B 2.000000 4.000000 18.000000 C[purple]
-0.369791 30.410735 60.129541 0.992319 0.116269 0.042242 -0.123705 0.932671 0.338853 0.000000 -0.341475 0.939891 B 2.000000 4.000000 18.000000 C[purple]
37.532788 27.495039 -77.723869 0.904419 -0.401001 -0.145689 0.426646 0.850055 0.308837 0.000000 -0.341475 0.939891 B 2.000000 4.000000 18.000000 C[purple]
37.791829 21.354745 -60.420091 0.901061 -0.407624 -0.148096 0.433693 0.846899 0.307690 -0.000000 -0.341475 0.939891 B 2.000000 4.000000 18.000000 C[purple]
37.547841 14.942803 -43.182983 0.754271 -0.617097 -0.224200 0.656563 0.708933 0.257565 0.000000 -0.341475 0.939891 B 2.000000 4.000000 18.000000 C[purple]
37.341584 8.985855 -25.890100 0.735630 -0.636666 -0.231310 0.677383 0.691412 0.251200 -0.000000 -0.341475 0.939891 B 2.000000 4.000000 18.000000 C[purple]
37.325161 2.540047 -8.571780 0.679202 -0.689834 -0.250626 0.733951 0.638376 0.231931 -0.000000 -0.341475 0.939891 B 2.000000 4.000000 18.000000 C[purple]
37.469701 -3.533355 8.418194 0.825108 -0.531015 -0.192925 0.564976 0.775511 0.281754 0.000000 -0.341475 0.939891 B 2.000000 4.000000 18.000000 C[purple]
37.631798 -9.712370 25.798919 0.859488 -0.480431 -0.174547 0.511156 0.807825 0.293494 -0.000000 -0.341475 0.939891 B 2.000000 4.000000 18.000000 C[purple]
37.665512 -15.662925 43.124886 0.848028 -0.498097 -0.180966 0.529952 0.797053 0.289581 0.000000 -0.341475 0.939891 B 2.000000 4.000000 18.000000 C[purple]
37.845589 -22.138322 59.979790 0.838925 -0.511533 -0.185847 0.544247 0.788498 0.286472 0.000000 -0.341475 0.939891 B 2.000000 4.000000 18.000000 C[purple]
37.789338 -28.527490 77.077964 0.901007 -0.407730 -0.148134 0.433805 0.846848 0.307672 0.000000 -0.341475 0.939891 B 2.000000 4.000000 18.000000 C[purple]
-25.869880 -30.731409 77.170866 0.605209 0.748216 0.271837 -0.796067 0.568830 0.206664 0.000000 -0.341475 0.939891 B 2.000000 4.000000 18.000000 C[purple]
-26.185739 25.524592 -77.636036 0.703712 0.667778 0.242613 -0.710485 0.661413 0.240301 0.000000 -0.341475 0.939891 B 2.000000 4.000000 18.000000 C[purple]
-25.996243 19.459830 -60.501808 0.704737 0.666823 0.242266 -0.709469 0.662376 0.240650 -0.000000 -0.341475 0.939891 B 2.000000 4.000000 18.000000 C[purple]
-25.831234 13.159129 -42.990047 0.783656 0.583855 0.212123 -0.621195 0.736551 0.267599 -0.000000 -0.341475 0.939891 B 2.000000 4.000000 18.000000 C[purple]
-25.616843 6.726985 -25.500382 0.823214 0.533606 0.193866 -0.567732 0.773731 0.281107 -0.000000 -0.341475 0.939891 B 2.000000 4.000000 18.000000 C[purple]
-25.692949 0.208956 -8.490479 0.811095 0.549755 0.199734 -0.584914 0.762341 0.276969 0.000000 -0.341475 0.939891 B 2.000000 4.000000 18.000000 C[purple]
-25.581316 -6.167265 8.609485 0.885501 0.436709 0.158662 -0.464638 0.832274 0.302377 0.000000 -0.341475 0.939891 B 2.000000 4.000000 18.000000 C[purple]
