-0.828189 24.845425 -77.660307 0.988230 0.143780 0.052237 -0.152975 0.928828 0.337456 0.000000 -0.341475 0.939891 B 2.000000 4.000000 18.000000 C[purple]
-0.867351 18.392857 -60.243590 0.988859 -0.139910 -0.050831 0.148858 0.929419 0.337671 -0.000000 -0.341475 0.939891 B 2.000000 4.000000 18.000000 C[purple]
-0.827799 12.286010 -42.933466 0.999974 -0.006830 -0.002481 0.007267 0.939866 0.341466 0.000000 -0.341475 0.939891 B 2.000000 4.000000 18.000000 C[purple]
-1.093427 6.047205 -25.971051 0.984209 -0.166372 -0.060445 0.177012 0.925049 0.336083 -0.000000 -0.341475 0.939891 B 2.000000 4.000000 18.000000 C[purple]
-1.183333 0.252478 -8.650487 0.983688 -0.169073 -0.061427 0.179886 0.924559 0.335905 -0.000000 -0.341475 0.939891 B 2.000000 4.000000 18.000000 C[purple]
-1.445914 -5.670746 8.460494 0.988932 -0.139452 -0.050665 0.148370 0.929488 0.337696 -0.000000 -0.341475 0.939891 B 2.000000 4.000000 18.000000 C[purple]
-1.100394 -11.877550 25.814506 0.999757 -0.020707 -0.007523 0.022032 0.939663 0.341393 0.000000 -0.341475 0.939891 B 2.000000 4.000000 18.000000 C[purple]
-1.003493 -18.407400 42.794622 0.989786 -0.133991 -0.048681 0.142560 0.930291 0.337988 0.000000 -0.341475 0.939891 B 2.000000 4.000000 18.000000 C[purple]
-1.071463 -24.768139 59.929218 0.978892 0.192092 0.069790 -0.204377 0.920052 0.334268 0.000000 -0.341475 0.939891 B 2.000000 4.000000 18.000000 C[purple]
-0.942183 -31.236274 77.195335 0.999732 0.021759 0.007905 -0.023150 0.939639 0.341384 0.000000 -0.341475 0.939891 B 2.000000 4.000000 18.000000 C[purple]
30.533977 -8.353362 77.576784 0.754939 -0.616376 -0.223938 0.655795 0.709560 0.257793 0.000000 -0.341475 0.939891 B 2.000000 4.000000 18.000000 C[purple]
30.567562 -14.598622 -77.117211 0.925848 -0.355181 -0.129042 0.377897 0.870196 0.316154 0.000000 -0.341475 0.939891 B 2.000000 4.000000 18.000000 C[purple]
30.848097 -20.990117 -59.673509 0.914391 -0.380497 -0.138240 0.404831 0.859428 0.312242 -0.000000 -0.341475 0.939891 B 2.000000 4.000000 18.000000 C[purple]
30.547824 -27.137295 -42.242122 0.936095 -0.330603 -0.120113 0.351746 0.879827 0.319654 -0.000000 -0.341475 0.939891 B 2.000000 4.000000 18.000000 C[purple]
30.413308 28.903002 -25.170714 0.955193 -0.278194 -0.101072 0.295985 0.897777 0.326175 -0.000000 -0.341475 0.939891 B 2.000000 4.000000 18.000000 C[purple]
30.695961 22.878350 -8.188177 0.943957 -0.310227 -0.112710 0.330067 0.887217 0.322338 0.000000 -0.341475 0.939891 B 2.000000 4.000000 18.000000 C[purple]
30.726749 16.821482 8.861287 0.854878 -0.487642 -0.177167 0.518828 0.803492 0.291920 0.000000 -0.341475 0.939891 B 2.000000 4.000000 18.000000 C[purple]
30.532120 10.299493 26.057613 0.736206 -0.636078 -0.231096 0.676757 0.691954 0.251396 0.000000 -0.341475 0.939891 B 2.000000 4.000000 18.000000 C[purple]
30.421722 4.335064 43.089834 0.792285 -0.573475 -0.208351 0.610151 0.744662 0.270546 -0.000000 -0.341475 0.939891 B 2.000000 4.000000 18.000000 C[purple]
30.252297 -1.902286 60.311593 0.712551 -0.659447 -0.239586 0.701620 0.669720 0.243319 0.000000 -0.341475 0.939891 B 2.000000 4.000000 18.000000 C[purple]
22.006491 28.511516 77.363911 -0.597696 -0.753532 -0.273769 0.801723 -0.561769 -0.204098 0.000000 -0.341475 0.939891 B 2.000000 4.000000 18.000000 C[purple]
22.306973 22.085957 -77.724999 -0.652962 -0.711864 -0.258630 0.757390 -0.613713 -0.222971 -0.000000 -0.341475 0.939891 B 2.000000 4.000000 18.000000 C[purple]
22.485319 15.537360 -60.495842 -0.571776 -0.771096 -0.280150 0.820410 -0.537407 -0.195247 0.000000 -0.341475 0.939891 B 2.000000 4.000000 18.000000 C[purple]
22.577955 9.538611 -43.401706 -0.413484 -0.855781 -0.310917 0.910511 -0.388630 -0.141195 -0.000000 -0.341475 0.939891 B 2.000000 4.000000 18.000000 C[purple]
22.160689 3.434796 -26.295201 -0.503977 -0.811800 -0.294938 0.863717 -0.473683 -0.172096 0.000000 -0.341475 0.939891 B 2.000000 4.000000 18.000000 C[purple]
22.215807 -2.855813 -9.036405 -0.368403 -0.873785 -0.317458 0.929666 -0.346258 -0.125800 -0.000000 -0.341475 0.939891 B 2.000000 4.000000 18.000000 C[purple]
21.788744 -8.945264 8.279625 -0.286505 -0.900489 -0.327160 0.958079 -0.269283 -0.097834 0.000000 -0.341475 0.939891 B 2.000000 4.000000 18.000000 C[purple]
21.983843 -15.308188 25.560896 -0.601376 -0.750941 -0.272827 0.798966 -0.565228 -0.205355 0.000000 -0.341475 0.939891 B 2.000000 4.000000 18.000000 C[purple]
21.979236 -21.618784 42.951667 -0.701275 -0.670040 -0.243435 0.712891 -0.659122 -0.239468 0.000000 -0.341475 0.939891 B 2.000000 4.000000 18.000000 C[purple]
22.146062 -27.578095 60.112725 -0.802616 -0.560641 -0.203689 0.596496 -0.754371 -0.274074 -0.000000 -0.341475 0.939891 B 2.000000 4.000000 18.000000 C[purple]
24.340558 -19.954956 -77.193353 0.923727 0.360026 0.130802 -0.383051 0.868203 0.315430 0.000000 -0.341475 0.939891 B 2.000000 4.000000 18.000000 C[purple]
24.537420 -26.094118 -59.947421 0.993049 0.110626 0.040192 -0.117701 0.933358 0.339102 -0.000000 -0.341475 0.939891 B 2.000000 4.000000 18.000000 C[purple]
24.736489 30.185932 -43.029490 0.992292 0.116471 0.042316 -0.123920 0.932646 0.338843 -0.000000 -0.341475 0.939891 B 2.000000 4.000000 18.000000 C[purple]
24.603379 23.800267 -25.498681 0.969455 0.230525 0.083753 -0.245268 0.911182 0.331045 0.000000 -0.341475 0.939891 B 2.000000 4.000000 18.000000 C[purple]
24.532718 17.645771 -8.522902 0.999952 -0.009252 -0.003362 0.009844 0.939845 0.341459 0.000000 -0.341475 0.939891 B 2.000000 4.000000 18.000000 C[purple]
24.651815 11.048198 8.421085 0.999754 -0.020867 -0.007581 0.022201 0.939659 0.341391 0.000000 -0.341475 0.939891 B 2.000000 4.000000 18.000000 C[purple]
24.477698 4.606499 25.813573 0.986112 0.156100 0.056713 -0.166083 0.926837 0.336733 -0.000000 -0.341475 0.939891 B 2.000000 4.000000 18.000000 C[purple]
24.427354 -1.642116 42.898981 0.999985 0.005066 0.001840 -0.005390 0.939877 0.341470 0.000000 -0.341475 0.939891 B 2.000000 4.000000 18.000000 C[purple]
24.299321 -7.501886 60.040001 0.999990 0.004235 0.001539 -0.004506 0.939881 0.341472 0.000000 -0.341475 0.939891 B 2.000000 4.000000 18.000000 C[purple]
24.207370 -13.494205 77.192546 0.943150 0.312388 0.113495 -0.332367 0.886458 0.322063 0.000000 -0.341475 0.939891 B 2.000000 4.000000 18.000000 C[purple]
-37.808037 -14.113979 77.606064 0.144157 -0.930073 -0.337909 0.989555 0.135492 0.049226 0.000000 -0.341475 0.939891 B 2.000000 4.000000 18.000000 C[purple]
-38.195216 -20.555041 -77.280449 0.099972 -0.935182 -0.339765 0.994990 0.093962 0.034138 0.000000 -0.341475 0.939891 B 2.000000 4.000000 18.000000 C[purple]
-38.088340 -26.571025 -59.848330 -0.029249 -0.939489 -0.341329 0.999572 -0.027491 -0.009988 -0.000000 -0.341475 0.939891 B 2.000000 4.000000 18.000000 C[purple]
-38.035388 29.613541 -42.925419 -0.162073 -0.927464 -0.336961 0.986779 -0.152331 -0.055344 0.000000 -0.341475 0.939891 B 2.000000 4.000000 18.000000 C[purple]
-38.390992 23.433522 -25.739762 -0.119834 -0.933118 -0.339015 0.992794 -0.112631 -0.040920 -0.000000 -0.341475 0.939891 B 2.000000 4.000000 18.000000 C[purple]
-38.242543 17.057070 -8.122960 -0.093356 -0.935786 -0.339984 0.995633 -0.087745 -0.031879 -0.000000 -0.341475 0.939891 B 2.000000 4.000000 18.000000 C[purple]
-38.087632 10.791510 8.888492 0.025379 -0.939588 -0.341365 0.999678 0.023853 0.008666 -0.000000 -0.341475 0.939891 B 2.000000 4.000000 18.000000 C[purple]
-37.701713 4.745883 26.099636 -0.027503 -0.939535 -0.341346 0.999622 -0.025850 -0.009392 0.000000 -0.341475 0.939891 B 2.000000 4.000000 18.000000 C[purple]
-37.418763 -1.494797 43.190785 -0.095108 -0.935630 -0.339927 0.995467 -0.089391 -0.032477 0.000000 -0.341475 0.939891 B 2.000000 4.000000 18.000000 C[purple]
-37.595360 -7.794830 60.476465 0.039325 -0.939164 -0.341211 0.999226 0.036962 0.013429 0.000000 -0.341475 0.939891 B 2.000000 4.000000 18.000000 C[purple]
30.824733 -21.938523 76.885455 0.900672 0.408382 0.148371 -0.434500 0.846533 0.307557 -0.000000 -0.341475 0.939891 B 2.000000 4.000000 18.000000 C[purple]
30.733305 -28.252549 -77.495670 0.941517 0.316711 0.115066 -0.336966 0.884923 0.321505 0.000000 -0.341475 0.939891 B 2.000000 4.000000 18.000000 C[purple]
30.802892 27.716093 -60.304635 0.999961 -0.008300 -0.003016 0.008831 0.939854 0.341462 0.000000 -0.341475 0.939891 B 2.000000 4.000000 18.000000 C[purple]
30.639453 21.078440 -43.254553 0.993092 -0.110288 -0.040069 0.117342 0.933398 0.339116 0.000000 -0.341475 0.939891 B 2.000000 4.000000 18.000000 C[purple]
30.621943 15.077104 -25.771343 0.987278 0.149444 0.054295 -0.159002 0.927934 0.337131 -0.000000 -0.341475 0.939891 B 2.000000 4.000000 18.000000 C[purple]
30.509285 8.940920 -8.515799 0.921313 0.365450 0.132773 -0.388822 0.865933 0.314606 -0.000000 -0.341475 0.939891 B 2.000000 4.000000 18.000000 C[purple]
30.772818 2.479284 8.510644 0.975002 0.208838 0.075874 -0.222194 0.916396 0.332939 0.000000 -0.341475 0.939891 B 2.000000 4.000000 18.000000 C[purple]
30.993361 -3.494785 25.565822 0.991267 0.123943 0.045030 -0.131870 0.931683 0.338493 0.000000 -0.341475 0.939891 B 2.000000 4.000000 18.000000 C[purple]
30.882462 -9.685159 42.813370 0.920018 0.368320 0.133816 -0.391875 0.864717 0.314164 0.000000 -0.341475 0.939891 B 2.000000 4.000000 18.000000 C[purple]
30.924736 -15.893955 59.712255 0.984903 0.162700 0.059111 -0.173105 0.925702 0.336320 -0.000000 -0.341475 0.939891 B 2.000000 4.000000 18.000000 C[purple]
36.483626 -2.192404 -77.307529 0.165376 0.926949 0.336773 -0.986231 0.155436 0.056472 0.000000 -0.341475 0.939891 B 2.000000 4.000000 18.000000 C[purple]
36.278497 -8.347573 -59.936239 0.438238 0.844829 0.306938 -0.898859 0.411896 0.149647 -0.000000 -0.341475 0.939891 B 2.000000 4.000000 18.000000 C[purple]
36.075946 -14.486188 -42.462705 0.634382 0.726554 0.263967 -0.773020 0.596249 0.216626 -0.000000 -0.341475 0.939891 B 2.000000 4.000000 18.000000 C[purple]
36.223818 -20.738272 -25.498963 0.494056 0.817169 0.296889 -0.869430 0.464359 0.168708 0.000000 -0.341475 0.939891 B 2.000000 4.000000 18.000000 C[purple]
36.207971 -27.248402 -8.381644 0.452680 0.838075 0.304484 -0.891673 0.425470 0.154579 -0.000000 -0.341475 0.939891 B 2.000000 4.000000 18.000000 C[purple]
36.033481 28.733952 8.931484 0.298652 0.896996 0.325891 -0.954362 0.280700 0.101982 -0.000000 -0.341475 0.939891 B 2.000000 4.000000 18.000000 C[purple]
35.878739 22.536059 26.022309 0.119246 0.933184 0.339039 -0.992865 0.112078 0.040720 -0.000000 -0.341475 0.939891 B 2.000000 4.000000 18.000000 C[purple]
36.260869 16.251185 43.062153 0.096486 0.935506 0.339882 -0.995334 0.090686 0.032948 0.000000 -0.341475 0.939891 B 2.000000 4.000000 18.000000 C[purple]
36.625029 9.806351 60.369336 0.277444 0.902992 0.328070 -0.960742 0.260767 0.094740 0.000000 -0.341475 0.939891 B 2.000000 4.000000 18.000000 C[purple]
36.536125 3.904269 77.578465 0.349356 0.880668 0.319959 -0.936990 0.328357 0.119297 0.000000 -0.341475 0.939891 B 2.000000 4.000000 18.000000 C[purple]
49.851693 18.387854 77.508769 -0.576465 0.768006 0.279027 -0.817122 -0.541814 -0.196848 -0.000000 -0.341475 0.939891 B 2.000000 4.000000 18.000000 C[purple]
49.692981 12.158155 -77.204246 -0.265513 0.906155 0.329219 -0.964107 -0.249553 -0.090666 -0.000000 -0.341475 0.939891 B 2.000000 4.000000 18.000000 C[purple]
49.897697 6.044371 -60.145213 -0.556498 0.780907 0.283714 -0.830849 -0.523047 -0.190030 0.000000 -0.341475 0.939891 B 2.000000 4.000000 18.000000 C[purple]
50.199874 -0.123956 -42.721446 -0.570574 0.771881 0.280435 -0.821246 -0.536278 -0.194837 0.000000 -0.341475 0.939891 B 2.000000 4.000000 18.000000 C[purple]
50.076166 -6.425410 -25.529012 -0.338217 0.884501 0.321352 -0.941068 -0.317887 -0.115493 0.000000 -0.341475 0.939891 B 2.000000 4.000000 18.000000 C[purple]
-50.188675 -12.722896 -8.561169 -0.401376 0.860859 0.312762 -0.915914 -0.377249 -0.137060 -0.000000 -0.341475 0.939891 B 2.000000 4.000000 18.000000 C[purple]
50.104450 -18.965338 8.426289 -0.363753 0.875504 0.318083 -0.931495 -0.341888 -0.124213 -0.000000 -0.341475 0.939891 B 2.000000 4.000000 18.000000 C[purple]
49.775549 -25.346561 25.349596 -0.465188 0.832002 0.302278 -0.885212 -0.437226 -0.158850 0.000000 -0.341475 0.939891 B 2.000000 4.000000 18.000000 C[purple]
49.664957 30.517917 42.688595 -0.463034 0.833063 0.302664 -0.886341 -0.435201 -0.158115 0.000000 -0.341475 0.939891 B 2.000000 4.000000 18.000000 C[purple]
49.446793 24.497374 60.145732 -0.523961 0.800545 0.290849 -0.851742 -0.492466 -0.178920 -0.000000 -0.341475 0.939891 B 2.000000 4.000000 18.000000 C[purple]
41.993622 -27.105985 -77.648958 0.875163 -0.454745 -0.165215 0.483827 0.822558 0.298847 0.000000 -0.341475 0.939891 B 2.000000 4.000000 18.000000 C[purple]
41.770500 29.087203 -60.752965 0.913417 -0.382559 -0.138989 0.407025 0.858512 0.311909 -0.000000 -0.341475 0.939891 B 2.000000 4.000000 18.000000 C[purple]
41.449647 22.985490 -43.513350 0.867300 -0.467864 -0.169981 0.497785 0.815168 0.296162 0.000000 -0.341475 0.939891 B 2.000000 4.000000 18.000000 C[purple]
41.244561 16.766640 -26.007778 0.856147 -0.485672 -0.176451 0.516733 0.804685 0.292353 0.000000 -0.341475 0.939891 B 2.000000 4.000000 18.000000 C[purple]
41.013750 10.360552 -8.618209 0.891033 -0.426652 -0.155009 0.453938 0.837474 0.304266 0.000000 -0.341475 0.939891 B 2.000000 4.000000 18.000000 C[purple]
41.022640 3.940326 8.487094 0.820760 -0.536934 -0.195076 0.571273 0.771425 0.280269 0.000000 -0.341475 0.939891 B 2.000000 4.000000 18.000000 C[purple]
41.283508 -2.081376 25.795129 0.618445 -0.738592 -0.268341 0.785828 0.581271 0.211184 0.000000 -0.341475 0.939891 B 2.000000 4.000000 18.000000 C[purple]
41.482320 -8.050089 42.837064 0.820479 -0.537314 -0.195214 0.571677 0.771161 0.280173 -0.000000 -0.341475 0.939891 B 2.000000 4.000000 18.000000 C[purple]
41.557234 -14.353348 60.355575 0.917777 -0.373227 -0.135599 0.397096 0.862610 0.313398 0.000000 -0.341475 0.939891 B 2.000000 4.000000 18.000000 C[purple]
41.641062 -20.625395 77.286686 0.868476 -0.465934 -0.169280 0.495732 0.816272 0.296563 -0.000000 -0.341475 0.939891 B 2.000000 4.000000 18.000000 C[purple]
34.136213 16.858291 77.356154 0.731536 -0.640820 -0.232819 0.681802 0.687564 0.249802 -0.000000 -0.341475 0.939891 B 2.000000 4.000000 18.000000 C[purple]
34.353126 10.526916 -77.069670 0.812748 -0.547594 -0.198949 0.582615 0.763895 0.277534 -0.000000 -0.341475 0.939891 B 2.000000 4.000000 18.000000 C[purple]
34.671267 4.230837 -59.966542 0.827952 -0.527089 -0.191499 0.560798 0.778185 0.282725 0.000000 -0.341475 0.939891 B 2.000000 4.000000 18.000000 C[purple]
34.346854 -2.272255 -42.748166 0.881840 -0.443205 -0.161023 0.471549 0.828833 0.301127 0.000000 -0.341475 0.939891 B 2.000000 4.000000 18.000000 C[purple]
34.091772 -8.663763 -25.693201 0.869471 -0.464291 -0.168683 0.493984 0.817208 0.296903 0.000000 -0.341475 0.939891 B 2.000000 4.000000 18.000000 C[purple]
33.993873 -14.628043 -8.417377 0.829088 -0.525510 -0.190925 0.559119 0.779252 0.283113 0.000000 -0.341475 0.939891 B 2.000000 4.000000 18.000000 C[purple]
34.212246 -20.584314 8.704427 0.699909 -0.671300 -0.243893 0.714232 0.657838 0.239002 0.000000 -0.341475 0.939891 B 2.000000 4.000000 18.000000 C[purple]
34.019539 -27.029849 25.645100 0.841201 -0.508221 -0.184644 0.540723 0.790637 0.287249 0.000000 -0.341475 0.939891 B 2.000000 4.000000 18.000000 C[purple]
34.051210 29.287004 42.863210 0.865539 -0.470737 -0.171025 0.500842 0.813512 0.295560 0.000000 -0.341475 0.939891 B 2.000000 4.000000 18.000000 C[purple]
33.935250 23.004184 59.931594 0.904100 -0.401635 -0.145920 0.427321 0.849755 0.308728 -0.000000 -0.341475 0.939891 B 2.000000 4.000000 18.000000 C[purple]
2.199881 -7.956171 -77.435511 0.907404 -0.394998 -0.143508 0.420260 0.852861 0.309856 -0.000000 -0.341475 0.939891 B 2.000000 4.000000 18.000000 C[purple]
2.487084 -14.302332 -59.955558 0.921004 -0.366138 -0.133023 0.389554 0.865643 0.314500 0.000000 -0.341475 0.939891 B 2.000000 4.000000 18.000000 C[purple]
2.618154 -20.952065 -42.737679 0.956344 -0.274678 -0.099794 0.292244 0.898859 0.326568 0.000000 -0.341475 0.939891 B 2.000000 4.000000 18.000000 C[purple]
2.772836 -26.899513 -25.730818 0.983275 -0.171179 -0.062192 0.182126 0.924171 0.335764 0.000000 -0.341475 0.939891 B 2.000000 4.000000 18.000000 C[purple]
2.721678 29.019869 -8.449669 0.889851 -0.428826 -0.155798 0.456250 0.836363 0.303862 0.000000 -0.341475 0.939891 B 2.000000 4.000000 18.000000 C[purple]
2.569211 23.032257 8.752042 0.811255 -0.549547 -0.199658 0.584693 0.762491 0.277024 0.000000 -0.341475 0.939891 B 2.000000 4.000000 18.000000 C[purple]
2.680527 16.818704 25.908298 0.898168 -0.413224 -0.150130 0.439652 0.844180 0.306702 0.000000 -0.341475 0.939891 B 2.000000 4.000000 18.000000 C[purple]
2.830203 10.516064 42.951606 0.969735 -0.229485 -0.083375 0.244162 0.911444 0.331140 0.000000 -0.341475 0.939891 B 2.000000 4.000000 18.000000 C[purple]
2.689768 4.615385 60.025863 0.956312 -0.274775 -0.099830 0.292348 0.898829 0.326557 0.000000 -0.341475 0.939891 B 2.000000 4.000000 18.000000 C[purple]
2.430067 -1.783409 77.190489 0.958469 -0.268053 -0.097387 0.285196 0.900856 0.327294 0.000000 -0.341475 0.939891 B 2.000000 4.000000 18.000000 C[purple]
-44.208209 -10.002787 -77.722545 0.999556 -0.028015 -0.010178 0.029807 0.939473 0.341324 -0.000000 -0.341475 0.939891 B 2.000000 4.000000 18.000000 C[purple]
-43.996788 -16.036927 -60.430538 0.994316 0.100068 0.036356 -0.106468 0.934549 0.339535 0.000000 -0.341475 0.939891 B 2.000000 4.000000 18.000000 C[purple]
-44.077865 -21.884421 -43.233441 0.997932 -0.060410 -0.021948 0.064273 0.937947 0.340769 0.000000 -0.341475 0.939891 B 2.000000 4.000000 18.000000 C[purple]
-44.167479 -27.753805 -25.901245 0.998272 0.055223 0.020063 -0.058755 0.938267 0.340885 0.000000 -0.341475 0.939891 B 2.000000 4.000000 18.000000 C[purple]
-44.344032 28.276277 -8.926136 0.977692 0.197419 0.071725 -0.210045 0.918923 0.333858 0.000000 -0.341475 0.939891 B 2.000000 4.000000 18.000000 C[purple]
-44.335104 21.643309 8.515359 0.990383 0.130038 0.047245 -0.138355 0.930852 0.338191 0.000000 -0.341475 0.939891 B 2.000000 4.000000 18.000000 C[purple]
-44.302782 15.429422 25.580565 0.916986 0.374941 0.136221 -0.398920 0.861866 0.313128 0.000000 -0.341475 0.939891 B 2.000000 4.000000 18.000000 C[purple]
-44.331857 9.155346 43.177516 0.848107 0.497978 0.180922 -0.529825 0.797128 0.289608 -0.000000 -0.341475 0.939891 B 2.000000 4.000000 18.000000 C[purple]
-44.393285 2.680535 60.277052 0.964968 0.246597 0.089592 -0.262368 0.906964 0.329513 0.000000 -0.341475 0.939891 B 2.000000 4.000000 18.000000 C[purple]
-44.253237 -3.562083 77.164831 0.994112 0.101842 0.037000 -0.108355 0.934357 0.339465 0.000000 -0.341475 0.939891 B 2.000000 4.000000 18.000000 C[purple]
41.326664 13.517071 77.339956 0.966904 -0.239804 -0.087124 0.255140 0.908784 0.330174 0.000000 -0.341475 0.939891 B 2.000000 4.000000 18.000000 C[purple]
41.469952 7.596967 -77.436837 0.999828 -0.017441 -0.006336 0.018556 0.939729 0.341417 -0.000000 -0.341475 0.939891 B 2.000000 4.000000 18.000000 C[purple]
41.662465 1.068789 -60.274807 0.999882 0.014418 0.005238 -0.015341 0.939780 0.341435 0.000000 -0.341475 0.939891 B 2.000000 4.000000 18.000000 C[purple]
41.554462 -5.010833 -42.734121 0.999821 0.017780 0.006460 -0.018917 0.939723 0.341414 -0.000000 -0.341475 0.939891 B 2.000000 4.000000 18.000000 C[purple]
41.524118 -11.275083 -25.709807 0.967494 0.237691 0.086356 -0.252892 0.909339 0.330376 0.000000 -0.341475 0.939891 B 2.000000 4.000000 18.000000 C[purple]
41.221553 -17.488578 -8.702759 0.935522 0.332034 0.120633 -0.353269 0.879288 0.319458 -0.000000 -0.341475 0.939891 B 2.000000 4.000000 18.000000 C[purple]
41.466521 -23.865036 8.765020 0.973201 0.216133 0.078524 -0.229955 0.914703 0.332324 -0.000000 -0.341475 0.939891 B 2.000000 4.000000 18.000000 C[purple]
41.510409 -29.856137 25.884339 0.997339 -0.068519 -0.024894 0.072901 0.937390 0.340567 0.000000 -0.341475 0.939891 B 2.000000 4.000000 18.000000 C[purple]
41.758016 26.436873 43.123347 0.994151 -0.101507 -0.036879 0.107999 0.934393 0.339478 0.000000 -0.341475 0.939891 B 2.000000 4.000000 18.000000 C[purple]
41.323278 20.202872 60.136360 0.995858 -0.085459 -0.031049 0.090925 0.935997 0.340061 -0.000000 -0.341475 0.939891 B 2.000000 4.000000 18.000000 C[purple]
-33.834335 3.227756 77.859896 0.975517 0.206705 0.075099 -0.219925 0.916879 0.333115 0.000000 -0.341475 0.939891 B 2.000000 4.000000 18.000000 C[purple]
-33.893639 -2.982228 -77.057888 0.983471 0.170180 0.061829 -0.181063 0.924356 0.335831 0.000000 -0.341475 0.939891 B 2.000000 4.000000 18.000000 C[purple]
-33.928221 -9.210849 -59.955407 0.997779 0.062605 0.022745 -0.066609 0.937803 0.340717 -0.000000 -0.341475 0.939891 B 2.000000 4.000000 18.000000 C[purple]
-34.228780 -15.488768 -42.734329 0.998883 0.044407 0.016134 -0.047247 0.938841 0.341094 0.000000 -0.341475 0.939891 B 2.000000 4.000000 18.000000 C[purple]
-33.930504 -21.857656 -25.609801 0.999534 0.028697 0.010426 -0.030532 0.939453 0.341316 -0.000000 -0.341475 0.939891 B 2.000000 4.000000 18.000000 C[purple]
-33.907922 -28.006827 -8.248795 0.937823 0.326250 0.118531 -0.347115 0.881451 0.320243 0.000000 -0.341475 0.939891 B 2.000000 4.000000 18.000000 C[purple]
-34.044170 28.441963 8.963705 0.909542 0.390630 0.141921 -0.415613 0.854870 0.310586 0.000000 -0.341475 0.939891 B 2.000000 4.000000 18.000000 C[purple]
-33.937579 22.245121 26.150501 0.869865 0.463638 0.168446 -0.493290 0.817578 0.297038 0.000000 -0.341475 0.939891 B 2.000000 4.000000 18.000000 C[purple]
-33.911820 15.980635 43.523489 0.877210 0.451248 0.163945 -0.480106 0.824482 0.299546 0.000000 -0.341475 0.939891 B 2.000000 4.000000 18.000000 C[purple]
-34.087801 9.625312 60.652476 0.917878 0.373008 0.135519 -0.396863 0.862705 0.313433 0.000000 -0.341475 0.939891 B 2.000000 4.000000 18.000000 C[purple]
-18.896091 -0.834180 -77.416589 -0.313328 0.892562 0.324280 -0.949645 -0.294494 -0.106994 0.000000 -0.341475 0.939891 B 2.000000 4.000000 18.000000 C[purple]
-18.715576 -7.288141 -60.528426 -0.240750 0.912246 0.331432 -0.970587 -0.226279 -0.082210 0.000000 -0.341475 0.939891 B 2.000000 4.000000 18.000000 C[purple]
-19.062948 -13.362223 -43.287550 -0.162003 0.927475 0.336965 -0.986790 -0.152265 -0.055320 -0.000000 -0.341475 0.939891 B 2.000000 4.000000 18.000000 C[purple]
-19.170266 -19.780948 -25.654063 -0.270406 0.904877 0.328754 -0.962747 -0.254152 -0.092337 0.000000 -0.341475 0.939891 B 2.000000 4.000000 18.000000 C[purple]
-19.103650 -26.303009 -8.357609 -0.371995 0.872439 0.316969 -0.928235 -0.349635 -0.127027 -0.000000 -0.341475 0.939891 B 2.000000 4.000000 18.000000 C[purple]
-19.092955 29.784097 8.916471 -0.150649 0.929164 0.337578 -0.988587 -0.141594 -0.051443 -0.000000 -0.341475 0.939891 B 2.000000 4.000000 18.000000 C[purple]
-19.122880 23.637397 25.980641 0.129554 0.931970 0.338598 -0.991572 0.121766 0.044239 0.000000 -0.341475 0.939891 B 2.000000 4.000000 18.000000 C[purple]
-19.143788 17.683615 42.990633 0.262085 0.907037 0.329539 -0.965045 0.246331 0.089496 0.000000 -0.341475 0.939891 B 2.000000 4.000000 18.000000 C[purple]
-18.880151 11.366148 59.960581 0.031592 0.939422 0.341305 -0.999501 0.029693 0.010788 -0.000000 -0.341475 0.939891 B 2.000000 4.000000 18.000000 C[purple]
-19.073959 5.412119 77.120165 -0.025610 0.939582 0.341363 -0.999672 -0.024070 -0.008745 0.000000 -0.341475 0.939891 B 2.000000 4.000000 18.000000 C[purple]
21.487938 -17.490421 -77.238962 0.895702 -0.417927 -0.151839 0.444655 0.841862 0.305860 -0.000000 -0.341475 0.939891 B 2.000000 4.000000 18.000000 C[purple]
21.301245 -23.430085 -60.147048 0.873918 -0.456857 -0.165982 0.486074 0.821387 0.298421 0.000000 -0.341475 0.939891 B 2.000000 4.000000 18.000000 C[purple]
21.413531 -30.017316 -42.894391 0.875502 -0.454168 -0.165006 0.483214 0.822876 0.298962 -0.000000 -0.341475 0.939891 B 2.000000 4.000000 18.000000 C[purple]
21.528506 26.054130 -25.711603 0.839589 -0.510569 -0.185497 0.543222 0.789122 0.286699 0.000000 -0.341475 0.939891 B 2.000000 4.000000 18.000000 C[purple]
21.516508 19.744286 -8.687909 0.917158 -0.374568 -0.136086 0.398523 0.862028 0.313187 0.000000 -0.341475 0.939891 B 2.000000 4.000000 18.000000 C[purple]
21.342209 13.470789 8.827475 0.961270 -0.259042 -0.094114 0.275609 0.903489 0.328250 -0.000000 -0.341475 0.939891 B 2.000000 4.000000 18.000000 C[purple]
21.264055 7.467227 26.131910 0.999970 -0.007266 -0.002640 0.007731 0.939863 0.341465 -0.000000 -0.341475 0.939891 B 2.000000 4.000000 18.000000 C[purple]
21.659725 1.059850 43.433169 0.998345 -0.054049 -0.019637 0.057505 0.938335 0.340910 -0.000000 -0.341475 0.939891 B 2.000000 4.000000 18.000000 C[purple]
21.697005 -5.319501 60.275148 0.971590 -0.222444 -0.080817 0.236670 0.913189 0.331774 0.000000 -0.341475 0.939891 B 2.000000 4.000000 18.000000 C[purple]
21.342066 -11.510122 77.326475 0.979869 -0.187642 -0.068173 0.199642 0.920970 0.334601 0.000000 -0.341475 0.939891 B 2.000000 4.000000 18.000000 C[purple]
-49.227764 -14.175653 77.409699 0.953693 -0.282703 -0.102710 0.300783 0.896367 0.325663 -0.000000 -0.341475 0.939891 B 2.000000 4.000000 18.000000 C[purple]
-49.389332 -20.654435 -77.487509 0.986641 -0.153118 -0.055630 0.162910 0.927335 0.336914 0.000000 -0.341475 0.939891 B 2.000000 4.000000 18.000000 C[purple]
-49.447979 -26.924196 -60.496935 0.994657 0.097031 0.035253 -0.103237 0.934869 0.339651 0.000000 -0.341475 0.939891 B 2.000000 4.000000 18.000000 C[purple]
-49.387619 29.690863 -43.279539 0.999874 -0.014931 -0.005425 0.015886 0.939772 0.341432 -0.000000 -0.341475 0.939891 B 2.000000 4.000000 18.000000 C[purple]
-49.129563 23.399205 -25.887680 0.992425 -0.115468 -0.041951 0.122853 0.932771 0.338889 -0.000000 -0.341475 0.939891 B 2.000000 4.000000 18.000000 C[purple]
-49.233345 16.840191 -8.836696 0.929204 -0.347352 -0.126198 0.369566 0.873350 0.317300 -0.000000 -0.341475 0.939891 B 2.000000 4.000000 18.000000 C[purple]
-49.319180 10.655034 8.645009 0.849351 -0.496101 -0.180241 0.527829 0.798297 0.290032 0.000000 -0.341475 0.939891 B 2.000000 4.000000 18.000000 C[purple]
-49.547191 4.242316 26.055703 0.910145 -0.389388 -0.141470 0.414290 0.855437 0.310792 -0.000000 -0.341475 0.939891 B 2.000000 4.000000 18.000000 C[purple]
-49.459855 -1.993875 43.200717 0.889674 -0.429151 -0.155916 0.456596 0.836196 0.303802 0.000000 -0.341475 0.939891 B 2.000000 4.000000 18.000000 C[purple]
-49.429873 -7.983701 60.334306 0.856764 -0.484710 -0.176102 0.515709 0.805264 0.292564 0.000000 -0.341475 0.939891 B 2.000000 4.000000 18.000000 C[purple]
6.460174 18.716861 77.035824 0.535718 0.793641 0.288341 -0.844397 0.503517 0.182935 0.000000 -0.341475 0.939891 B 2.000000 4.000000 18.000000 C[purple]
6.440891 12.585429 -77.942283 0.804894 0.557749 0.202638 -0.593419 0.756512 0.274851 0.000000 -0.341475 0.939891 B 2.000000 4.000000 18.000000 C[purple]
6.233991 6.474880 -60.917550 0.633130 0.727518 0.264317 -0.774045 0.595073 0.216198 0.000000 -0.341475 0.939891 B 2.000000 4.000000 18.000000 C[purple]
5.952853 0.319522 -43.488547 0.659437 0.706572 0.256707 -0.751760 0.619799 0.225182 0.000000 -0.341475 0.939891 B 2.000000 4.000000 18.000000 C[purple]
6.094788 -6.266873 -26.362182 0.767376 0.602655 0.218953 -0.641197 0.721250 0.262040 -0.000000 -0.341475 0.939891 B 2.000000 4.000000 18.000000 C[purple]
6.203648 -12.575462 -8.828244 0.854091 0.488859 0.177609 -0.520123 0.802752 0.291651 0.000000 -0.341475 0.939891 B 2.000000 4.000000 18.000000 C[purple]
6.339830 -18.855326 8.143621 0.922280 0.363290 0.131988 -0.386523 0.866842 0.314936 0.000000 -0.341475 0.939891 B 2.000000 4.000000 18.000000 C[purple]
6.318893 -25.285733 25.254091 0.884460 0.438569 0.159338 -0.466617 0.831295 0.302021 -0.000000 -0.341475 0.939891 B 2.000000 4.000000 18.000000 C[purple]
6.459321 30.992568 42.364611 0.818751 0.539637 0.196058 -0.574149 0.769536 0.279583 -0.000000 -0.341475 0.939891 B 2.000000 4.000000 18.000000 C[purple]
6.362257 24.862963 59.798002 0.619539 0.737782 0.268046 -0.784966 0.582299 0.211557 0.000000 -0.341475 0.939891 B 2.000000 4.000000 18.000000 C[purple]
10.360429 -30.610094 -77.015790 0.954029 0.281699 0.102345 -0.299714 0.896683 0.325777 -0.000000 -0.341475 0.939891 B 2.000000 4.000000 18.000000 C[purple]
10.170109 25.689494 -59.653497 0.929434 0.346809 0.126001 -0.368989 0.873566 0.317379 0.000000 -0.341475 0.939891 B 2.000000 4.000000 18.000000 C[purple]
10.231817 19.398033 -42.635859 0.968218 0.235074 0.085406 -0.250108 0.910019 0.330623 -0.000000 -0.341475 0.939891 B 2.000000 4.000000 18.000000 C[purple]
10.277236 12.970872 -25.769253 0.971390 0.223214 0.081097 -0.237489 0.913001 0.331706 0.000000 -0.341475 0.939891 B 2.000000 4.000000 18.000000 C[purple]
10.228896 6.748921 -8.424979 0.910676 0.388288 0.141071 -0.413121 0.855936 0.310974 0.000000 -0.341475 0.939891 B 2.000000 4.000000 18.000000 C[purple]
10.194964 0.393112 9.088285 0.905872 0.398092 0.144633 -0.423552 0.851421 0.309333 0.000000 -0.341475 0.939891 B 2.000000 4.000000 18.000000 C[purple]
10.468785 -5.806672 26.294916 0.947870 0.299503 0.108814 -0.318658 0.890894 0.323674 -0.000000 -0.341475 0.939891 B 2.000000 4.000000 18.000000 C[purple]
10.708703 -12.138529 43.262100 0.947126 0.301576 0.109567 -0.320862 0.890195 0.323420 -0.000000 -0.341475 0.939891 B 2.000000 4.000000 18.000000 C[purple]
10.517228 -18.192194 60.774634 0.912551 0.384380 0.139651 -0.408963 0.857698 0.311614 -0.000000 -0.341475 0.939891 B 2.000000 4.000000 18.000000 C[purple]
10.621807 -24.310739 77.790407 0.951907 0.287970 0.104624 -0.306387 0.894689 0.325053 -0.000000 -0.341475 0.939891 B 2.000000 4.000000 18.000000 C[purple]
13.996597 -14.873196 76.996202 0.997399 -0.067746 -0.024613 0.072078 0.937446 0.340587 -0.000000 -0.341475 0.939891 B 2.000000 4.000000 18.000000 C[purple]
14.046376 -21.296615 -77.556607 0.985666 0.158566 0.057609 -0.168707 0.926419 0.336581 0.000000 -0.341475 0.939891 B 2.000000 4.000000 18.000000 C[purple]
13.939165 -27.702479 -60.153446 0.949190 0.295788 0.107464 -0.314705 0.892135 0.324125 -0.000000 -0.341475 0.939891 B 2.000000 4.000000 18.000000 C[purple]
14.132019 28.457317 -42.854919 0.986554 0.153613 0.055810 -0.163437 0.927253 0.336884 -0.000000 -0.341475 0.939891 B 2.000000 4.000000 18.000000 C[purple]
14.080433 22.636854 -25.677321 0.986072 0.156321 0.056794 -0.166318 0.926800 0.336719 0.000000 -0.341475 0.939891 B 2.000000 4.000000 18.000000 C[purple]
14.022425 16.142837 -8.600876 0.994443 0.098949 0.035950 -0.105277 0.934668 0.339578 0.000000 -0.341475 0.939891 B 2.000000 4.000000 18.000000 C[purple]
13.907124 10.320116 8.711011 0.991813 0.120026 0.043607 -0.127702 0.932195 0.338680 0.000000 -0.341475 0.939891 B 2.000000 4.000000 18.000000 C[purple]
13.897697 4.204637 25.930925 0.988155 -0.144234 -0.052402 0.153458 0.928758 0.337431 -0.000000 -0.341475 0.939891 B 2.000000 4.000000 18.000000 C[purple]
13.915419 -2.291311 42.873335 0.990793 0.127248 0.046231 -0.135386 0.931237 0.338331 0.000000 -0.341475 0.939891 B 2.000000 4.000000 18.000000 C[purple]
13.838938 -8.821934 59.734133 0.992292 0.116469 0.042315 -0.123918 0.932646 0.338843 -0.000000 -0.341475 0.939891 B 2.000000 4.000000 18.000000 C[purple]
32.043663 13.863046 -77.286691 0.407509 0.858309 0.311836 -0.913201 0.383014 0.139154 0.000000 -0.341475 0.939891 B 2.000000 4.000000 18.000000 C[purple]
32.219660 7.838617 -60.165213 0.204617 0.920005 0.334250 -0.978842 0.192318 0.069872 0.000000 -0.341475 0.939891 B 2.000000 4.000000 18.000000 C[purple]
32.403463 1.562969 -42.777495 -0.027030 0.939547 0.341351 -0.999635 -0.025406 -0.009230 0.000000 -0.341475 0.939891 B 2.000000 4.000000 18.000000 C[purple]
32.235736 -4.465680 -25.793071 0.167992 0.926533 0.336623 -0.985788 0.157894 0.057365 -0.000000 -0.341475 0.939891 B 2.000000 4.000000 18.000000 C[purple]
32.423259 -10.937919 -8.597781 0.341488 0.883390 0.320948 -0.939886 0.320961 0.116610 0.000000 -0.341475 0.939891 B 2.000000 4.000000 18.000000 C[purple]
32.300187 -17.294913 8.692967 0.162432 0.927409 0.336941 -0.986720 0.152668 0.055467 0.000000 -0.341475 0.939891 B 2.000000 4.000000 18.000000 C[purple]
32.014644 -23.424460 25.721939 0.321581 0.889966 0.323337 -0.946882 0.302251 0.109812 0.000000 -0.341475 0.939891 B 2.000000 4.000000 18.000000 C[purple]
31.976648 -29.360044 42.730420 0.251133 0.909770 0.330532 -0.967953 0.236038 0.085756 0.000000 -0.341475 0.939891 B 2.000000 4.000000 18.000000 C[purple]
31.875150 27.025020 59.829926 0.492765 0.817858 0.297139 -0.870163 0.463145 0.168267 -0.000000 -0.341475 0.939891 B 2.000000 4.000000 18.000000 C[purple]
32.036012 20.383292 77.208184 0.460897 0.834110 0.303044 -0.887454 0.433193 0.157385 -0.000000 -0.341475 0.939891 B 2.000000 4.000000 18.000000 C[purple]
-23.674060 -25.992764 -77.321668 0.152623 -0.928879 -0.337475 0.988284 0.143449 0.052117 0.000000 -0.341475 0.939891 B 2.000000 4.000000 18.000000 C[purple]
-23.422828 30.091657 -60.001777 -0.085527 -0.936447 -0.340224 0.996336 -0.080386 -0.029205 0.000000 -0.341475 0.939891 B 2.000000 4.000000 18.000000 C[purple]
-23.691755 24.086286 -42.875157 -0.083655 -0.936596 -0.340278 0.996495 -0.078627 -0.028566 0.000000 -0.341475 0.939891 B 2.000000 4.000000 18.000000 C[purple]
-23.323524 18.001912 -25.630793 0.017737 -0.939743 -0.341422 0.999843 0.016671 0.006057 -0.000000 -0.341475 0.939891 B 2.000000 4.000000 18.000000 C[purple]
-23.445359 11.940329 -8.358492 -0.032315 -0.939400 -0.341297 0.999478 -0.030373 -0.011035 -0.000000 -0.341475 0.939891 B 2.000000 4.000000 18.000000 C[purple]
-23.622473 5.513683 8.676708 0.027823 -0.939527 -0.341343 0.999613 0.026151 0.009501 0.000000 -0.341475 0.939891 B 2.000000 4.000000 18.000000 C[purple]
-23.209362 -0.733135 25.733914 -0.006331 -0.939872 -0.341469 0.999980 -0.005950 -0.002162 -0.000000 -0.341475 0.939891 B 2.000000 4.000000 18.000000 C[purple]
-23.313204 -7.089888 43.159329 0.335896 -0.885282 -0.321635 0.941899 0.315705 0.114700 -0.000000 -0.341475 0.939891 B 2.000000 4.000000 18.000000 C[purple]
-23.478032 -13.485596 60.290488 0.185748 -0.923534 -0.335533 0.982597 0.174582 0.063428 -0.000000 -0.341475 0.939891 B 2.000000 4.000000 18.000000 C[purple]
-23.820689 -19.709178 77.504039 0.218149 -0.917254 -0.333251 0.975916 0.205036 0.074492 -0.000000 -0.341475 0.939891 B 2.000000 4.000000 18.000000 C[purple]
8.252097 -20.319437 -77.023439 0.753378 0.618061 0.224550 -0.657588 0.708093 0.257260 -0.000000 -0.341475 0.939891 B 2.000000 4.000000 18.000000 C[purple]
8.089824 -26.304157 -59.808398 0.770058 0.599626 0.217852 -0.637974 0.723770 0.262956 0.000000 -0.341475 0.939891 B 2.000000 4.000000 18.000000 C[purple]
8.168451 29.815977 -42.815025 0.842320 0.506580 0.184047 -0.538977 0.791689 0.287632 -0.000000 -0.341475 0.939891 B 2.000000 4.000000 18.000000 C[purple]
8.056594 23.288210 -25.678925 0.934320 0.335010 0.121714 -0.356435 0.878159 0.319047 -0.000000 -0.341475 0.939891 B 2.000000 4.000000 18.000000 C[purple]
8.144366 17.327095 -8.480014 0.905780 0.398277 0.144699 -0.423748 0.851334 0.309302 0.000000 -0.341475 0.939891 B 2.000000 4.000000 18.000000 C[purple]
8.181479 11.210525 8.934323 0.919710 0.369000 0.134063 -0.392598 0.864427 0.314058 0.000000 -0.341475 0.939891 B 2.000000 4.000000 18.000000 C[purple]
8.397518 4.841560 25.782818 0.886648 0.434648 0.157914 -0.462446 0.833352 0.302768 0.000000 -0.341475 0.939891 B 2.000000 4.000000 18.000000 C[purple]
8.305695 -1.441047 43.055732 0.956809 0.273243 0.099273 -0.290717 0.899296 0.326727 0.000000 -0.341475 0.939891 B 2.000000 4.000000 18.000000 C[purple]
8.385099 -7.846230 60.204119 0.761055 0.609695 0.221511 -0.648688 0.715308 0.259881 0.000000 -0.341475 0.939891 B 2.000000 4.000000 18.000000 C[purple]
8.098868 -14.179034 77.475063 0.799985 0.563953 0.204892 -0.600019 0.751899 0.273175 -0.000000 -0.341475 0.939891 B 2.000000 4.000000 18.000000 C[purple]
-20.298039 -22.724492 77.067595 0.939217 -0.322686 -0.117236 0.343323 0.882762 0.320720 0.000000 -0.341475 0.939891 B 2.000000 4.000000 18.000000 C[purple]
-20.302331 -28.927100 -77.430340 0.836052 -0.515671 -0.187351 0.548650 0.785797 0.285491 0.000000 -0.341475 0.939891 B 2.000000 4.000000 18.000000 C[purple]
-20.565490 27.261519 -60.301044 0.720637 -0.651638 -0.236749 0.693313 0.677320 0.246080 0.000000 -0.341475 0.939891 B 2.000000 4.000000 18.000000 C[purple]
-20.758363 20.896161 -43.148779 0.637901 -0.723827 -0.262977 0.770118 0.599557 0.217827 -0.000000 -0.341475 0.939891 B 2.000000 4.000000 18.000000 C[purple]
-20.619972 14.796304 -25.777225 0.444530 -0.841920 -0.305881 0.895764 0.417809 0.151796 -0.000000 -0.341475 0.939891 B 2.000000 4.000000 18.000000 C[purple]
-20.862762 8.451390 -8.679085 0.459435 -0.834822 -0.303302 0.888211 0.431819 0.156886 0.000000 -0.341475 0.939891 B 2.000000 4.000000 18.000000 C[purple]
-21.028489 2.113600 8.346640 0.510176 -0.808372 -0.293693 0.860070 0.479510 0.174213 -0.000000 -0.341475 0.939891 B 2.000000 4.000000 18.000000 C[purple]
-20.960645 -4.149004 25.581472 0.731935 -0.640418 -0.232673 0.681375 0.687939 0.249938 -0.000000 -0.341475 0.939891 B 2.000000 4.000000 18.000000 C[purple]
-20.523620 -10.203775 42.782115 0.734608 -0.637708 -0.231688 0.678492 0.690451 0.250851 0.000000 -0.341475 0.939891 B 2.000000 4.000000 18.000000 C[purple]
-20.453432 -16.736222 60.014234 0.791613 -0.574295 -0.208649 0.611023 0.744029 0.270316 -0.000000 -0.341475 0.939891 B 2.000000 4.000000 18.000000 C[purple]
-42.941701 22.596511 -77.874631 0.896762 0.415914 0.151107 -0.442513 0.842858 0.306222 -0.000000 -0.341475 0.939891 B 2.000000 4.000000 18.000000 C[purple]
-42.967192 16.114033 -60.409609 0.944025 0.310046 0.112644 -0.329875 0.887280 0.322361 0.000000 -0.341475 0.939891 B 2.000000 4.000000 18.000000 C[purple]
-42.929020 9.673795 -43.288240 0.998075 0.058290 0.021178 -0.062018 0.938081 0.340818 -0.000000 -0.341475 0.939891 B 2.000000 4.000000 18.000000 C[purple]
-42.928119 3.576483 -26.177377 0.992225 0.116979 0.042500 -0.124460 0.932583 0.338820 -0.000000 -0.341475 0.939891 B 2.000000 4.000000 18.000000 C[purple]
-43.062747 -2.604014 -9.171769 0.989107 -0.138349 -0.050264 0.147197 0.929653 0.337756 0.000000 -0.341475 0.939891 B 2.000000 4.000000 18.000000 C[purple]
-42.957979 -8.998521 7.834324 0.993258 -0.108953 -0.039584 0.115921 0.933554 0.339173 -0.000000 -0.341475 0.939891 B 2.000000 4.000000 18.000000 C[purple]
-42.700546 -15.044768 24.820496 0.990890 -0.126579 -0.045988 0.134675 0.931328 0.338365 0.000000 -0.341475 0.939891 B 2.000000 4.000000 18.000000 C[purple]
-42.625597 -21.367505 42.344572 0.995678 -0.087288 -0.031713 0.092871 0.935829 0.340000 0.000000 -0.341475 0.939891 B 2.000000 4.000000 18.000000 C[purple]
-42.616946 -27.559823 59.754936 0.968727 0.233212 0.084729 -0.248127 0.910498 0.330797 0.000000 -0.341475 0.939891 B 2.000000 4.000000 18.000000 C[purple]
-42.663185 28.608191 76.873884 0.947284 0.301136 0.109407 -0.320395 0.890344 0.323474 0.000000 -0.341475 0.939891 B 2.000000 4.000000 18.000000 C[purple]
-48.519136 -2.740163 77.321034 0.540163 0.790975 0.287372 -0.841561 0.507694 0.184452 -0.000000 -0.341475 0.939891 B 2.000000 4.000000 18.000000 C[purple]
-48.480499 -9.024343 -77.669664 0.716581 0.655578 0.238181 -0.697504 0.673508 0.244695 0.000000 -0.341475 0.939891 B 2.000000 4.000000 18.000000 C[purple]
-48.230930 -15.004237 -60.547641 0.662886 0.703716 0.255670 -0.748721 0.623040 0.226359 0.000000 -0.341475 0.939891 B 2.000000 4.000000 18.000000 C[purple]
-48.334698 -21.286999 -42.948409 0.581175 0.764863 0.277885 -0.813778 0.546241 0.198457 -0.000000 -0.341475 0.939891 B 2.000000 4.000000 18.000000 C[purple]
-48.375918 -27.677411 -25.727115 0.683288 0.686260 0.249328 -0.730149 0.642216 0.233326 -0.000000 -0.341475 0.939891 B 2.000000 4.000000 18.000000 C[purple]
-48.238727 28.329949 -8.419352 0.821902 0.535389 0.194514 -0.569629 0.772498 0.280659 -0.000000 -0.341475 0.939891 B 2.000000 4.000000 18.000000 C[purple]
-48.308091 22.252547 9.040811 0.688027 0.682065 0.247804 -0.725685 0.646670 0.234944 0.000000 -0.341475 0.939891 B 2.000000 4.000000 18.000000 C[purple]
-48.101430 16.015024 26.075523 0.571589 0.771218 0.280194 -0.820540 0.537231 0.195183 -0.000000 -0.341475 0.939891 B 2.000000 4.000000 18.000000 C[purple]
