23.775578 24.879956 -76.949115 0.035000 0.939315 0.341266 -0.999387 0.032896 0.011952 0.000000 -0.341475 0.939891 B 2.000000 4.000000 18.000000 C[purple]
23.555996 18.631220 -60.062135 -0.045196 0.938930 0.341126 -0.998978 -0.042479 -0.015433 0.000000 -0.341475 0.939891 B 2.000000 4.000000 18.000000 C[purple]
23.544798 12.450609 -42.866395 0.259004 0.907818 0.329823 -0.965876 0.243435 0.088443 -0.000000 -0.341475 0.939891 B 2.000000 4.000000 18.000000 C[purple]
23.812686 6.280916 -25.514105 0.168854 0.926395 0.336572 -0.985641 0.158705 0.057660 0.000000 -0.341475 0.939891 B 2.000000 4.000000 18.000000 C[purple]
23.980659 -0.055463 -8.269119 0.138708 0.930805 0.338174 -0.990333 0.130370 0.047365 0.000000 -0.341475 0.939891 B 2.000000 4.000000 18.000000 C[purple]
23.972984 -6.563712 8.822401 0.274307 0.903839 0.328377 -0.961642 0.257818 0.093669 0.000000 -0.341475 0.939891 B 2.000000 4.000000 18.000000 C[purple]
23.906861 -12.879267 26.310244 0.199531 0.920991 0.334609 -0.979891 0.187538 0.068135 0.000000 -0.341475 0.939891 B 2.000000 4.000000 18.000000 C[purple]
24.210403 -19.050813 43.317036 0.002804 0.939887 0.341474 -0.999996 0.002635 0.000957 0.000000 -0.341475 0.939891 B 2.000000 4.000000 18.000000 C[purple]
23.749488 -25.224103 60.541946 -0.078685 0.936977 0.340417 -0.996900 -0.073955 -0.026869 -0.000000 -0.341475 0.939891 B 2.000000 4.000000 18.000000 C[purple]
24.024096 31.076416 77.490720 0.030612 0.939450 0.341315 -0.999531 0.028772 0.010453 -0.000000 -0.341475 0.939891 B 2.000000 4.000000 18.000000 C[purple]
37.728527 -28.307064 77.251479 0.999673 -0.024026 -0.008729 0.025562 0.939584 0.341364 0.000000 -0.341475 0.939891 B 2.000000 4.000000 18.000000 C[purple]
37.859550 28.222888 -77.231773 0.993190 -0.109504 -0.039785 0.116508 0.933490 0.339150 0.000000 -0.341475 0.939891 B 2.000000 4.000000 18.000000 C[purple]
38.023556 22.245558 -60.011345 0.998690 -0.048085 -0.017470 0.051160 0.938660 0.341028 0.000000 -0.341475 0.939891 B 2.000000 4.000000 18.000000 C[purple]
37.877142 15.735166 -43.206890 0.998495 -0.051542 -0.018726 0.054838 0.938476 0.340962 0.000000 -0.341475 0.939891 B 2.000000 4.000000 18.000000 C[purple]
37.904380 9.617486 -25.886492 0.933783 -0.336329 -0.122193 0.357839 0.877654 0.318864 -0.000000 -0.341475 0.939891 B 2.000000 4.000000 18.000000 C[purple]
37.879765 3.325402 -8.646740 0.902792 -0.404226 -0.146861 0.430077 0.848526 0.308281 -0.000000 -0.341475 0.939891 B 2.000000 4.000000 18.000000 C[purple]
37.898550 -3.066229 8.657998 0.974934 -0.209120 -0.075976 0.222494 0.916332 0.332916 -0.000000 -0.341475 0.939891 B 2.000000 4.000000 18.000000 C[purple]
37.823449 -9.307917 25.615175 0.878256 -0.449447 -0.163291 0.478191 0.825464 0.299903 0.000000 -0.341475 0.939891 B 2.000000 4.000000 18.000000 C[purple]
37.704945 -15.764057 42.606267 0.980007 -0.187005 -0.067942 0.198965 0.921099 0.334648 -0.000000 -0.341475 0.939891 B 2.000000 4.000000 18.000000 C[purple]
37.681179 -21.961722 60.174167 0.933517 -0.336983 -0.122431 0.358534 0.877404 0.318773 0.000000 -0.341475 0.939891 B 2.000000 4.000000 18.000000 C[purple]
28.546899 -7.167112 -77.570636 -0.872202 0.459744 0.167032 -0.489147 -0.819774 -0.297835 0.000000 -0.341475 0.939891 B 2.000000 4.000000 18.000000 C[purple]
28.672981 -13.451741 -60.135715 -0.921031 0.366077 0.133001 -0.389489 -0.865669 -0.314510 0.000000 -0.341475 0.939891 B 2.000000 4.000000 18.000000 C[purple]
28.652982 -19.944315 -42.620744 -0.914127 0.381058 0.138444 -0.405428 -0.859179 -0.312152 0.000000 -0.341475 0.939891 B 2.000000 4.000000 18.000000 C[purple]
28.752993 -26.302306 -25.609258 -0.979343 0.190054 0.069049 -0.202208 -0.920475 -0.334421 -0.000000 -0.341475 0.939891 B 2.000000 4.000000 18.000000 C[purple]
28.900796 30.079072 -8.548192 -0.998436 -0.052545 -0.019090 0.055906 -0.938421 -0.340941 -0.000000 -0.341475 0.939891 B 2.000000 4.000000 18.000000 C[purple]
28.532743 23.994457 8.528789 -0.990264 -0.130834 -0.047534 0.139201 -0.930740 -0.338151 -0.000000 -0.341475 0.939891 B 2.000000 4.000000 18.000000 C[purple]
28.438496 17.860393 25.493704 -0.998949 0.043084 0.015653 -0.045839 -0.938903 -0.341116 0.000000 -0.341475 0.939891 B 2.000000 4.000000 18.000000 C[purple]
28.586107 11.717410 42.587785 -0.999696 0.023185 0.008424 -0.024668 -0.939605 -0.341371 0.000000 -0.341475 0.939891 B 2.000000 4.000000 18.000000 C[purple]
28.761287 5.543258 59.725377 -0.985744 0.158140 0.057454 -0.168254 -0.926491 -0.336607 -0.000000 -0.341475 0.939891 B 2.000000 4.000000 18.000000 C[purple]
28.531041 -0.784250 77.290996 -0.969099 0.231847 0.084233 -0.246674 -0.910847 -0.330923 0.000000 -0.341475 0.939891 B 2.000000 4.000000 18.000000 C[purple]
21.852828 -25.825318 77.494338 0.995937 0.084644 0.030752 -0.090057 0.936072 0.340088 0.000000 -0.341475 0.939891 B 2.000000 4.000000 18.000000 C[purple]
21.996208 30.657681 -77.068933 0.997868 0.061348 0.022289 -0.065272 0.937886 0.340747 0.000000 -0.341475 0.939891 B 2.000000 4.000000 18.000000 C[purple]
22.022613 24.564051 -59.778278 0.911470 0.386640 0.140472 -0.411367 0.856682 0.311245 -0.000000 -0.341475 0.939891 B 2.000000 4.000000 18.000000 C[purple]
21.861991 18.486155 -42.599791 0.934249 0.335186 0.121778 -0.356622 0.878092 0.319023 0.000000 -0.341475 0.939891 B 2.000000 4.000000 18.000000 C[purple]
21.843962 12.043463 -25.787711 0.964649 0.247698 0.089992 -0.263540 0.906664 0.329404 -0.000000 -0.341475 0.939891 B 2.000000 4.000000 18.000000 C[purple]
21.913825 5.638577 -8.662973 0.991750 0.120482 0.043773 -0.128188 0.932137 0.338658 -0.000000 -0.341475 0.939891 B 2.000000 4.000000 18.000000 C[purple]
21.609258 -0.473534 8.613321 0.952821 0.285289 0.103649 -0.303534 0.895547 0.325365 -0.000000 -0.341475 0.939891 B 2.000000 4.000000 18.000000 C[purple]
21.521622 -6.755434 25.911266 0.996972 -0.073086 -0.026553 0.077760 0.937045 0.340441 -0.000000 -0.341475 0.939891 B 2.000000 4.000000 18.000000 C[purple]
21.840648 -12.824637 43.009589 0.999637 0.025310 0.009196 -0.026929 0.939550 0.341352 -0.000000 -0.341475 0.939891 B 2.000000 4.000000 18.000000 C[purple]
21.609501 -19.380930 60.393713 0.993866 0.103947 0.037766 -0.110595 0.934125 0.339381 0.000000 -0.341475 0.939891 B 2.000000 4.000000 18.000000 C[purple]
9.029832 15.804443 77.653268 0.273114 -0.904158 -0.328493 0.961982 0.256697 0.093262 -0.000000 -0.341475 0.939891 B 2.000000 4.000000 18.000000 C[purple]
9.007054 9.200392 -77.304331 0.166176 -0.926823 -0.336728 0.986096 0.156188 0.056745 -0.000000 -0.341475 0.939891 B 2.000000 4.000000 18.000000 C[purple]
8.729328 3.046107 -59.845590 0.154915 -0.928544 -0.337353 0.987928 0.145604 0.052900 0.000000 -0.341475 0.939891 B 2.000000 4.000000 18.000000 C[purple]
8.416840 -3.439091 -42.691360 0.309460 -0.893754 -0.324713 0.950913 0.290858 0.105673 0.000000 -0.341475 0.939891 B 2.000000 4.000000 18.000000 C[purple]
8.533269 -9.575487 -25.666340 0.102078 -0.934981 -0.339692 0.994776 0.095942 0.034857 -0.000000 -0.341475 0.939891 B 2.000000 4.000000 18.000000 C[purple]
8.764761 -15.700057 -8.659528 0.128242 -0.932130 -0.338656 0.991743 0.120533 0.043791 0.000000 -0.341475 0.939891 B 2.000000 4.000000 18.000000 C[purple]
8.648916 -22.176747 8.678258 0.184332 -0.923785 -0.335624 0.982864 0.173252 0.062945 -0.000000 -0.341475 0.939891 B 2.000000 4.000000 18.000000 C[purple]
8.892886 -28.080467 26.041689 0.223557 -0.916103 -0.332833 0.974691 0.210119 0.076339 0.000000 -0.341475 0.939891 B 2.000000 4.000000 18.000000 C[purple]
9.041301 28.196204 43.097431 0.200768 -0.920753 -0.334523 0.979639 0.188700 0.068557 -0.000000 -0.341475 0.939891 B 2.000000 4.000000 18.000000 C[purple]
8.996589 22.188268 60.458721 0.386021 -0.867040 -0.315008 0.922490 0.362818 0.131817 0.000000 -0.341475 0.939891 B 2.000000 4.000000 18.000000 C[purple]
-3.523135 2.910668 77.729554 0.869263 0.464635 0.168809 -0.494351 0.817012 0.296832 -0.000000 -0.341475 0.939891 B 2.000000 4.000000 18.000000 C[purple]
-3.255291 -3.407021 -77.318904 0.784975 0.582288 0.211553 -0.619527 0.737791 0.268050 -0.000000 -0.341475 0.939891 B 2.000000 4.000000 18.000000 C[purple]
-3.249711 -9.515380 -60.153465 0.842974 0.505618 0.183698 -0.537954 0.792304 0.287855 0.000000 -0.341475 0.939891 B 2.000000 4.000000 18.000000 C[purple]
-3.214759 -15.947233 -43.246096 0.799958 0.563988 0.204905 -0.600057 0.751873 0.273166 0.000000 -0.341475 0.939891 B 2.000000 4.000000 18.000000 C[purple]
-3.604643 -22.484494 -26.065846 0.796106 0.568782 0.206646 -0.605157 0.748252 0.271851 -0.000000 -0.341475 0.939891 B 2.000000 4.000000 18.000000 C[purple]
-3.339893 -28.862997 -8.536407 0.842589 0.506185 0.183904 -0.538557 0.791942 0.287723 -0.000000 -0.341475 0.939891 B 2.000000 4.000000 18.000000 C[purple]
-3.362882 27.421944 8.626941 0.902591 0.404622 0.147005 -0.430499 0.848337 0.308213 0.000000 -0.341475 0.939891 B 2.000000 4.000000 18.000000 C[purple]
-3.744671 21.396896 25.859538 0.881588 0.443647 0.161183 -0.472020 0.828596 0.301041 0.000000 -0.341475 0.939891 B 2.000000 4.000000 18.000000 C[purple]
-3.592902 15.315305 43.383314 0.834985 0.517195 0.187904 -0.550272 0.784795 0.285127 0.000000 -0.341475 0.939891 B 2.000000 4.000000 18.000000 C[purple]
-3.498364 9.244254 60.676300 0.717650 0.654544 0.237805 -0.696404 0.674512 0.245060 0.000000 -0.341475 0.939891 B 2.000000 4.000000 18.000000 C[purple]
49.916246 7.969291 -77.314728 0.995485 -0.089210 -0.032411 0.094915 0.935647 0.339934 0.000000 -0.341475 0.939891 B 2.000000 4.000000 18.000000 C[purple]
49.987966 1.718943 -60.256995 0.970007 -0.228465 -0.083005 0.243076 0.911701 0.331234 0.000000 -0.341475 0.939891 B 2.000000 4.000000 18.000000 C[purple]
49.757241 -4.474112 -43.202260 0.969118 -0.231774 -0.084207 0.246597 0.910865 0.330930 -0.000000 -0.341475 0.939891 B 2.000000 4.000000 18.000000 C[purple]
49.873014 -10.818271 -25.937519 0.939963 -0.320763 -0.116538 0.341277 0.883462 0.320974 -0.000000 -0.341475 0.939891 B 2.000000 4.000000 18.000000 C[purple]
49.724149 -17.262745 -8.401496 0.984918 -0.162623 -0.059083 0.173023 0.925715 0.336325 0.000000 -0.341475 0.939891 B 2.000000 4.000000 18.000000 C[purple]
49.735287 -23.332729 8.724967 0.987511 -0.148079 -0.053799 0.157550 0.928152 0.337211 -0.000000 -0.341475 0.939891 B 2.000000 4.000000 18.000000 C[purple]
49.776662 -29.739659 25.851623 0.914393 -0.380494 -0.138239 0.404827 0.859430 0.312243 -0.000000 -0.341475 0.939891 B 2.000000 4.000000 18.000000 C[purple]
49.518008 26.280242 42.942198 0.848268 -0.497736 -0.180834 0.529567 0.797279 0.289663 -0.000000 -0.341475 0.939891 B 2.000000 4.000000 18.000000 C[purple]
49.637556 20.246382 60.006440 0.894537 -0.420126 -0.152638 0.446995 0.840767 0.305462 0.000000 -0.341475 0.939891 B 2.000000 4.000000 18.000000 C[purple]
49.709968 14.263708 77.267113 0.943985 -0.310152 -0.112682 0.329987 0.887243 0.322348 0.000000 -0.341475 0.939891 B 2.000000 4.000000 18.000000 C[purple]
-16.468550 20.564036 77.208307 0.999561 -0.027849 -0.010118 0.029630 0.939478 0.341325 0.000000 -0.341475 0.939891 B 2.000000 4.000000 18.000000 C[purple]
-16.431880 13.960516 -77.404761 0.967965 -0.235992 -0.085739 0.251085 0.909781 0.330536 0.000000 -0.341475 0.939891 B 2.000000 4.000000 18.000000 C[purple]
-16.389568 7.881941 -60.367104 0.861281 -0.477585 -0.173513 0.508128 0.809510 0.294106 0.000000 -0.341475 0.939891 B 2.000000 4.000000 18.000000 C[purple]
-16.353098 1.420804 -43.318895 0.975404 -0.207174 -0.075269 0.220423 0.916773 0.333077 0.000000 -0.341475 0.939891 B 2.000000 4.000000 18.000000 C[purple]
-16.340894 -4.632341 -25.796479 0.999977 -0.006390 -0.002322 0.006799 0.939869 0.341468 -0.000000 -0.341475 0.939891 B 2.000000 4.000000 18.000000 C[purple]
-16.319906 -10.961411 -8.900710 0.996390 -0.079795 -0.028991 0.084899 0.936497 0.340243 0.000000 -0.341475 0.939891 B 2.000000 4.000000 18.000000 C[purple]
-16.140892 -16.928183 8.291457 0.940653 -0.318969 -0.115886 0.339369 0.884111 0.321210 0.000000 -0.341475 0.939891 B 2.000000 4.000000 18.000000 C[purple]
-16.354659 -22.933854 25.730415 0.951984 -0.287744 -0.104542 0.306147 0.894761 0.325079 -0.000000 -0.341475 0.939891 B 2.000000 4.000000 18.000000 C[purple]
-16.344322 -29.096485 43.116294 0.999370 -0.033355 -0.012118 0.035488 0.939299 0.341260 0.000000 -0.341475 0.939891 B 2.000000 4.000000 18.000000 C[purple]
-16.221828 27.035187 60.090328 0.990560 -0.128843 -0.046811 0.137083 0.931018 0.338252 0.000000 -0.341475 0.939891 B 2.000000 4.000000 18.000000 C[purple]
-25.017483 -25.338406 -76.736402 0.961950 -0.256803 -0.093300 0.273226 0.904128 0.328482 -0.000000 -0.341475 0.939891 B 2.000000 4.000000 18.000000 C[purple]
-25.088759 31.031377 -59.422463 0.848322 -0.497654 -0.180804 0.529480 0.797330 0.289681 0.000000 -0.341475 0.939891 B 2.000000 4.000000 18.000000 C[purple]
-25.407411 24.801994 -42.374887 0.770735 -0.598857 -0.217573 0.637156 0.724406 0.263187 -0.000000 -0.341475 0.939891 B 2.000000 4.000000 18.000000 C[purple]
-25.562916 18.781487 -25.220205 0.897286 -0.414914 -0.150744 0.441449 0.843351 0.306401 0.000000 -0.341475 0.939891 B 2.000000 4.000000 18.000000 C[purple]
-25.705036 12.253265 -8.319440 0.873599 -0.457394 -0.166178 0.486646 0.821088 0.298313 -0.000000 -0.341475 0.939891 B 2.000000 4.000000 18.000000 C[purple]
-25.596809 5.727788 8.713554 0.810109 -0.551038 -0.200200 0.586279 0.761414 0.276632 0.000000 -0.341475 0.939891 B 2.000000 4.000000 18.000000 C[purple]
-25.468646 -0.571333 26.085351 0.900654 -0.408416 -0.148383 0.434536 0.846517 0.307551 0.000000 -0.341475 0.939891 B 2.000000 4.000000 18.000000 C[purple]
-25.591883 -6.886021 43.257634 0.992564 -0.114405 -0.041565 0.121722 0.932902 0.338936 -0.000000 -0.341475 0.939891 B 2.000000 4.000000 18.000000 C[purple]
-25.208727 -13.400519 60.606508 0.992275 -0.116602 -0.042363 0.124059 0.932630 0.338837 -0.000000 -0.341475 0.939891 B 2.000000 4.000000 18.000000 C[purple]
-25.128643 -19.361143 77.913545 0.973289 -0.215783 -0.078397 0.229583 0.914785 0.332354 0.000000 -0.341475 0.939891 B 2.000000 4.000000 18.000000 C[purple]
-22.904326 -4.038086 -77.632956 0.993156 -0.109773 -0.039882 0.116794 0.933458 0.339138 0.000000 -0.341475 0.939891 B 2.000000 4.000000 18.000000 C[purple]
-22.775368 -10.245680 -60.502321 0.994967 0.094181 0.034217 -0.100204 0.935160 0.339757 -0.000000 -0.341475 0.939891 B 2.000000 4.000000 18.000000 C[purple]
-22.833165 -16.473536 -43.393740 0.999081 -0.040289 -0.014638 0.042865 0.939027 0.341162 0.000000 -0.341475 0.939891 B 2.000000 4.000000 18.000000 C[purple]
-23.077052 -22.534499 -26.258727 0.993332 0.108359 0.039368 -0.115289 0.933624 0.339198 0.000000 -0.341475 0.939891 B 2.000000 4.000000 18.000000 C[purple]
-23.381857 -28.850887 -9.229619 0.999631 0.025525 0.009274 -0.027157 0.939544 0.341349 0.000000 -0.341475 0.939891 B 2.000000 4.000000 18.000000 C[purple]
-23.224141 27.257818 7.957951 0.953627 0.282900 0.102782 -0.300993 0.896305 0.325640 0.000000 -0.341475 0.939891 B 2.000000 4.000000 18.000000 C[purple]
-22.973172 20.743451 25.228042 0.949127 0.295965 0.107528 -0.314893 0.892076 0.324104 -0.000000 -0.341475 0.939891 B 2.000000 4.000000 18.000000 C[purple]
-22.776315 14.838299 42.638912 0.955221 0.278106 0.101040 -0.295892 0.897804 0.326185 0.000000 -0.341475 0.939891 B 2.000000 4.000000 18.000000 C[purple]
-23.043342 8.487916 59.892772 0.988824 0.140126 0.050910 -0.149088 0.929386 0.337659 -0.000000 -0.341475 0.939891 B 2.000000 4.000000 18.000000 C[purple]
-22.981422 2.140108 77.304462 0.995153 -0.092428 -0.033580 0.098339 0.935335 0.339820 -0.000000 -0.341475 0.939891 B 2.000000 4.000000 18.000000 C[purple]
49.866936 -30.543902 77.328946 -0.326315 -0.888442 -0.322783 0.945261 -0.306701 -0.111429 -0.000000 -0.341475 0.939891 B 2.000000 4.000000 18.000000 C[purple]
49.852753 25.685278 -77.127106 -0.398257 -0.862137 -0.313226 0.917274 -0.374318 -0.135995 -0.000000 -0.341475 0.939891 B 2.000000 4.000000 18.000000 C[purple]
49.784013 19.360401 -59.856799 -0.539928 -0.791116 -0.287424 0.841711 -0.507474 -0.184372 0.000000 -0.341475 0.939891 B 2.000000 4.000000 18.000000 C[purple]
49.681554 12.986431 -42.414668 -0.383968 -0.867845 -0.315300 0.923347 -0.360888 -0.131116 -0.000000 -0.341475 0.939891 B 2.000000 4.000000 18.000000 C[purple]
49.560293 6.700173 -25.535384 -0.414790 -0.855223 -0.310714 0.909917 -0.389857 -0.141641 -0.000000 -0.341475 0.939891 B 2.000000 4.000000 18.000000 C[purple]
49.554510 0.601588 -8.371340 -0.087760 -0.936264 -0.340158 0.996142 -0.082485 -0.029968 0.000000 -0.341475 0.939891 B 2.000000 4.000000 18.000000 C[purple]
49.475064 -5.686161 9.252654 -0.166759 -0.926730 -0.336694 0.985998 -0.156735 -0.056944 -0.000000 -0.341475 0.939891 B 2.000000 4.000000 18.000000 C[purple]
49.303435 -11.901367 26.223722 -0.222414 -0.916349 -0.332922 0.974952 -0.209045 -0.075949 -0.000000 -0.341475 0.939891 B 2.000000 4.000000 18.000000 C[purple]
49.528562 -18.394245 43.172017 -0.137207 -0.931002 -0.338246 0.990542 -0.128960 -0.046853 0.000000 -0.341475 0.939891 B 2.000000 4.000000 18.000000 C[purple]
49.684499 -24.270475 60.383090 -0.184348 -0.923782 -0.335623 0.982861 -0.173267 -0.062950 0.000000 -0.341475 0.939891 B 2.000000 4.000000 18.000000 C[purple]
-5.558018 9.220739 77.025449 0.905371 0.399098 0.144998 -0.424621 0.850950 0.309162 0.000000 -0.341475 0.939891 B 2.000000 4.000000 18.000000 C[purple]
-5.682172 3.303390 -77.908871 0.896520 0.416375 0.151275 -0.443003 0.842631 0.306140 -0.000000 -0.341475 0.939891 B 2.000000 4.000000 18.000000 C[purple]
-5.765698 -3.117088 -60.696390 0.887468 0.433168 0.157376 -0.460870 0.834123 0.303048 -0.000000 -0.341475 0.939891 B 2.000000 4.000000 18.000000 C[purple]
-5.659039 -9.505573 -43.370577 0.831036 0.522785 0.189935 -0.556219 0.781083 0.283778 0.000000 -0.341475 0.939891 B 2.000000 4.000000 18.000000 C[purple]
-5.645272 -15.984364 -26.396127 0.879624 0.447078 0.162430 -0.475671 0.826750 0.300370 -0.000000 -0.341475 0.939891 B 2.000000 4.000000 18.000000 C[purple]
-5.634191 -21.954812 -9.380445 0.941399 0.317021 0.115178 -0.337295 0.884812 0.321465 -0.000000 -0.341475 0.939891 B 2.000000 4.000000 18.000000 C[purple]
-5.765807 -28.169184 8.103006 0.783097 0.584518 0.212363 -0.621900 0.736026 0.267408 -0.000000 -0.341475 0.939891 B 2.000000 4.000000 18.000000 C[purple]
-5.473263 28.200756 25.448221 0.852418 0.491432 0.178544 -0.522861 0.801180 0.291080 0.000000 -0.341475 0.939891 B 2.000000 4.000000 18.000000 C[purple]
-5.710796 22.128144 42.617537 0.914980 0.379245 0.137785 -0.403499 0.859981 0.312443 -0.000000 -0.341475 0.939891 B 2.000000 4.000000 18.000000 C[purple]
-5.499487 15.822888 59.949989 0.899510 0.410638 0.149190 -0.436900 0.845441 0.307161 -0.000000 -0.341475 0.939891 B 2.000000 4.000000 18.000000 C[purple]
-18.592487 30.312819 -76.961965 -0.571069 0.771559 0.280318 -0.820902 -0.536742 -0.195006 0.000000 -0.341475 0.939891 B 2.000000 4.000000 18.000000 C[purple]
-18.248259 24.236828 -59.748662 -0.651411 0.713119 0.259086 -0.758725 -0.612255 -0.222441 0.000000 -0.341475 0.939891 B 2.000000 4.000000 18.000000 C[purple]
-18.445818 17.918462 -42.671550 -0.811843 0.548779 0.199379 -0.583876 -0.763044 -0.277224 0.000000 -0.341475 0.939891 B 2.000000 4.000000 18.000000 C[purple]
-18.508419 11.469786 -25.168832 -0.925288 0.356468 0.129510 -0.379265 -0.869670 -0.315963 -0.000000 -0.341475 0.939891 B 2.000000 4.000000 18.000000 C[purple]
-18.615676 5.202156 -7.873864 -0.761186 0.609551 0.221458 -0.648534 -0.715432 -0.259926 0.000000 -0.341475 0.939891 B 2.000000 4.000000 18.000000 C[purple]
-18.623223 -1.257542 9.189449 -0.593431 0.756504 0.274848 -0.804885 -0.557760 -0.202642 -0.000000 -0.341475 0.939891 B 2.000000 4.000000 18.000000 C[purple]
-18.723998 -7.389313 26.222487 -0.796868 0.567839 0.206304 -0.604154 -0.748968 -0.272111 0.000000 -0.341475 0.939891 B 2.000000 4.000000 18.000000 C[purple]
-18.448999 -13.381324 43.325573 -0.813857 0.546137 0.198419 -0.581065 -0.764937 -0.277912 -0.000000 -0.341475 0.939891 B 2.000000 4.000000 18.000000 C[purple]
-18.511189 -19.733297 60.773033 -0.653829 0.711161 0.258375 -0.756642 -0.614528 -0.223267 0.000000 -0.341475 0.939891 B 2.000000 4.000000 18.000000 C[purple]
-18.889221 -26.069532 77.698286 -0.590934 0.758229 0.275475 -0.806720 -0.555413 -0.201789 -0.000000 -0.341475 0.939891 B 2.000000 4.000000 18.000000 C[purple]
-22.198800 -6.849070 77.742929 -0.318850 -0.890833 -0.323652 0.947805 -0.299684 -0.108879 0.000000 -0.341475 0.939891 B 2.000000 4.000000 18.000000 C[purple]
-22.088936 -13.189700 -77.307817 -0.084192 -0.936554 -0.340263 0.996450 -0.079132 -0.028750 0.000000 -0.341475 0.939891 B 2.000000 4.000000 18.000000 C[purple]
-22.242599 -19.026581 -60.137186 -0.133075 -0.931531 -0.338438 0.991106 -0.125076 -0.045442 0.000000 -0.341475 0.939891 B 2.000000 4.000000 18.000000 C[purple]
-22.019756 -25.149335 -42.992518 -0.389666 -0.865598 -0.314484 0.920956 -0.366244 -0.133061 0.000000 -0.341475 0.939891 B 2.000000 4.000000 18.000000 C[purple]
-22.074822 30.990767 -25.960581 -0.662022 -0.704433 -0.255930 0.749484 -0.622228 -0.226064 -0.000000 -0.341475 0.939891 B 2.000000 4.000000 18.000000 C[purple]
-22.342159 24.514030 -8.717821 -0.674680 -0.693743 -0.252047 0.738110 -0.634125 -0.230387 -0.000000 -0.341475 0.939891 B 2.000000 4.000000 18.000000 C[purple]
-22.234721 18.082917 8.606881 -0.560002 -0.778691 -0.282909 0.828491 -0.526341 -0.191227 0.000000 -0.341475 0.939891 B 2.000000 4.000000 18.000000 C[purple]
-22.118510 11.916887 25.700432 -0.530406 -0.796787 -0.289484 0.847744 -0.498523 -0.181121 -0.000000 -0.341475 0.939891 B 2.000000 4.000000 18.000000 C[purple]
-22.107145 5.514178 42.799970 -0.272379 -0.904353 -0.328564 0.962190 -0.256007 -0.093011 -0.000000 -0.341475 0.939891 B 2.000000 4.000000 18.000000 C[purple]
-22.153901 -0.930413 60.264042 -0.376165 -0.870858 -0.316395 0.926553 -0.353554 -0.128451 0.000000 -0.341475 0.939891 B 2.000000 4.000000 18.000000 C[purple]
-40.493405 -3.086692 -77.660249 0.591444 -0.757877 -0.275347 0.806346 0.555893 0.201964 -0.000000 -0.341475 0.939891 B 2.000000 4.000000 18.000000 C[purple]
-40.497858 -9.467118 -60.253394 0.666092 -0.701036 -0.254696 0.745869 0.626054 0.227454 -0.000000 -0.341475 0.939891 B 2.000000 4.000000 18.000000 C[purple]
-40.413663 -15.335227 -43.116920 0.768723 -0.601137 -0.218401 0.639582 0.722516 0.262500 -0.000000 -0.341475 0.939891 B 2.000000 4.000000 18.000000 C[purple]
-40.602019 -21.568833 -25.857268 0.763464 -0.607029 -0.220542 0.645851 0.717573 0.260704 0.000000 -0.341475 0.939891 B 2.000000 4.000000 18.000000 C[purple]
-40.565964 -27.982615 -8.310974 0.627811 -0.731579 -0.265793 0.778366 0.590074 0.214382 -0.000000 -0.341475 0.939891 B 2.000000 4.000000 18.000000 C[purple]
-40.434988 28.441357 8.916601 0.753216 -0.618235 -0.224613 0.657773 0.707941 0.257205 0.000000 -0.341475 0.939891 B 2.000000 4.000000 18.000000 C[purple]
-40.447762 22.245298 26.089798 0.559501 -0.779009 -0.283025 0.828830 0.525870 0.191056 0.000000 -0.341475 0.939891 B 2.000000 4.000000 18.000000 C[purple]
-40.717646 15.886027 43.281308 0.689390 -0.680848 -0.247362 0.724391 0.647951 0.235410 -0.000000 -0.341475 0.939891 B 2.000000 4.000000 18.000000 C[purple]
-40.702275 9.616978 60.546700 0.370897 -0.872852 -0.317119 0.928674 0.348603 0.126652 0.000000 -0.341475 0.939891 B 2.000000 4.000000 18.000000 C[purple]
-40.622342 3.271071 77.395718 0.517050 -0.804504 -0.292288 0.855955 0.485970 0.176560 0.000000 -0.341475 0.939891 B 2.000000 4.000000 18.000000 C[purple]
22.909619 -10.137072 77.423496 0.948931 -0.296519 -0.107730 0.315483 0.891892 0.324037 -0.000000 -0.341475 0.939891 B 2.000000 4.000000 18.000000 C[purple]
22.791563 -16.628654 -77.321702 0.792268 -0.573496 -0.208359 0.610173 0.744645 0.270540 0.000000 -0.341475 0.939891 B 2.000000 4.000000 18.000000 C[purple]
22.918696 -22.831700 -60.072387 0.863644 -0.473801 -0.172139 0.504103 0.811731 0.294913 -0.000000 -0.341475 0.939891 B 2.000000 4.000000 18.000000 C[purple]
22.762990 -29.095655 -43.144598 0.939225 -0.322667 -0.117229 0.343302 0.882769 0.320722 0.000000 -0.341475 0.939891 B 2.000000 4.000000 18.000000 C[purple]
22.820397 27.437613 -25.818943 0.879820 -0.446736 -0.162305 0.475306 0.826935 0.300437 -0.000000 -0.341475 0.939891 B 2.000000 4.000000 18.000000 C[purple]
22.854232 21.440278 -8.487961 0.953645 -0.282844 -0.102761 0.300933 0.896322 0.325646 0.000000 -0.341475 0.939891 B 2.000000 4.000000 18.000000 C[purple]
23.000133 15.383817 8.568781 0.955814 -0.276303 -0.100385 0.293973 0.898360 0.326387 0.000000 -0.341475 0.939891 B 2.000000 4.000000 18.000000 C[purple]
22.910919 8.741783 25.833423 0.910228 -0.389216 -0.141407 0.414107 0.855515 0.310820 0.000000 -0.341475 0.939891 B 2.000000 4.000000 18.000000 C[purple]
23.165505 2.681691 42.881379 0.951967 -0.287794 -0.104559 0.306199 0.894745 0.325073 0.000000 -0.341475 0.939891 B 2.000000 4.000000 18.000000 C[purple]
23.017687 -3.674653 60.325088 0.910863 -0.387902 -0.140930 0.412710 0.856111 0.311037 -0.000000 -0.341475 0.939891 B 2.000000 4.000000 18.000000 C[purple]
-28.990900 30.300738 77.265887 -0.493832 0.817289 0.296932 -0.869557 -0.464148 -0.168631 0.000000 -0.341475 0.939891 B 2.000000 4.000000 18.000000 C[purple]
-29.299667 23.972214 -77.524228 -0.502337 0.812697 0.295264 -0.864672 -0.472142 -0.171536 0.000000 -0.341475 0.939891 B 2.000000 4.000000 18.000000 C[purple]
-29.162491 17.763440 -60.530882 -0.740283 0.631884 0.229572 -0.672295 -0.695785 -0.252788 -0.000000 -0.341475 0.939891 B 2.000000 4.000000 18.000000 C[purple]
-29.347482 11.427537 -43.151575 -0.826286 0.529394 0.192336 -0.563251 -0.776619 -0.282156 -0.000000 -0.341475 0.939891 B 2.000000 4.000000 18.000000 C[purple]
-29.283746 5.220997 -26.167314 -0.848790 0.496949 0.180548 -0.528730 -0.797770 -0.289841 -0.000000 -0.341475 0.939891 B 2.000000 4.000000 18.000000 C[purple]
-29.022548 -0.758936 -8.961840 -0.743212 0.628839 0.228466 -0.669056 -0.698538 -0.253789 0.000000 -0.341475 0.939891 B 2.000000 4.000000 18.000000 C[purple]
-28.876028 -6.932250 8.471247 -0.647621 0.716162 0.260191 -0.761963 -0.608693 -0.221147 -0.000000 -0.341475 0.939891 B 2.000000 4.000000 18.000000 C[purple]
-28.955374 -13.125329 25.725996 -0.818441 0.540053 0.196209 -0.574591 -0.769245 -0.279477 0.000000 -0.341475 0.939891 B 2.000000 4.000000 18.000000 C[purple]
-28.992112 -19.592181 42.890743 -0.588140 0.760146 0.276171 -0.808759 -0.552787 -0.200835 0.000000 -0.341475 0.939891 B 2.000000 4.000000 18.000000 C[purple]
-28.859191 -25.941510 60.145703 -0.783669 0.583839 0.212117 -0.621178 -0.736564 -0.267604 0.000000 -0.341475 0.939891 B 2.000000 4.000000 18.000000 C[purple]
-43.051208 10.163215 -77.334008 -0.503438 0.812095 0.295045 -0.864031 -0.473177 -0.171912 0.000000 -0.341475 0.939891 B 2.000000 4.000000 18.000000 C[purple]
-43.427439 3.790176 -60.284084 -0.601120 0.751122 0.272893 -0.799159 -0.564987 -0.205268 0.000000 -0.341475 0.939891 B 2.000000 4.000000 18.000000 C[purple]
-43.506372 -2.538851 -43.058938 -0.727566 0.644800 0.234265 -0.686037 -0.683833 -0.248446 0.000000 -0.341475 0.939891 B 2.000000 4.000000 18.000000 C[purple]
-43.396526 -8.729048 -25.497348 -0.596246 0.754546 0.274137 -0.802801 -0.560406 -0.203603 0.000000 -0.341475 0.939891 B 2.000000 4.000000 18.000000 C[purple]
-43.480906 -14.864483 -8.276014 -0.768486 0.601405 0.218499 -0.639867 -0.722293 -0.262419 0.000000 -0.341475 0.939891 B 2.000000 4.000000 18.000000 C[purple]
-43.651276 -21.031360 8.819958 -0.894190 0.420777 0.152874 -0.447687 -0.840441 -0.305344 0.000000 -0.341475 0.939891 B 2.000000 4.000000 18.000000 C[purple]
-43.566659 -27.283229 25.758457 -0.816635 0.542462 0.197084 -0.577154 -0.767548 -0.278861 -0.000000 -0.341475 0.939891 B 2.000000 4.000000 18.000000 C[purple]
-43.589210 28.988221 42.992897 -0.503835 0.811878 0.294966 -0.863800 -0.473550 -0.172047 0.000000 -0.341475 0.939891 B 2.000000 4.000000 18.000000 C[purple]
-43.478320 22.398205 60.060819 -0.427740 0.849569 0.308660 -0.903902 -0.402029 -0.146063 0.000000 -0.341475 0.939891 B 2.000000 4.000000 18.000000 C[purple]
-43.285798 16.268900 77.152332 -0.447919 0.840332 0.305304 -0.894074 -0.420995 -0.152953 0.000000 -0.341475 0.939891 B 2.000000 4.000000 18.000000 C[purple]
-3.673884 -16.312384 77.140263 0.702965 -0.668474 -0.242866 0.711225 0.660710 0.240045 -0.000000 -0.341475 0.939891 B 2.000000 4.000000 18.000000 C[purple]
-3.727558 -22.429137 -77.563270 0.770640 -0.598964 -0.217612 0.637270 0.724318 0.263155 -0.000000 -0.341475 0.939891 B 2.000000 4.000000 18.000000 C[purple]
-3.815294 -28.582937 -60.166897 0.803589 -0.559408 -0.203241 0.595184 0.755286 0.274406 -0.000000 -0.341475 0.939891 B 2.000000 4.000000 18.000000 C[purple]
-3.897387 27.716648 -42.943298 0.882080 -0.442783 -0.160869 0.471100 0.829059 0.301209 -0.000000 -0.341475 0.939891 B 2.000000 4.000000 18.000000 C[purple]
-3.658730 21.772374 -25.580141 0.907790 -0.394213 -0.143223 0.419425 0.853224 0.309988 0.000000 -0.341475 0.939891 B 2.000000 4.000000 18.000000 C[purple]
-3.500088 15.233489 -8.497685 0.864480 -0.472452 -0.171648 0.502667 0.812517 0.295199 -0.000000 -0.341475 0.939891 B 2.000000 4.000000 18.000000 C[purple]
-3.416356 8.750401 8.715360 0.935178 -0.332890 -0.120944 0.354179 0.878965 0.319340 0.000000 -0.341475 0.939891 B 2.000000 4.000000 18.000000 C[purple]
-3.760981 2.356299 25.850859 0.869206 -0.464730 -0.168843 0.494451 0.816958 0.296812 -0.000000 -0.341475 0.939891 B 2.000000 4.000000 18.000000 C[purple]
-3.702102 -3.795900 42.893594 0.806143 -0.556153 -0.202058 0.591721 0.757686 0.275278 -0.000000 -0.341475 0.939891 B 2.000000 4.000000 18.000000 C[purple]
-3.553883 -9.882092 60.040893 0.591494 -0.757843 -0.275335 0.806309 0.555940 0.201981 0.000000 -0.341475 0.939891 B 2.000000 4.000000 18.000000 C[purple]
19.414194 28.193028 -77.747866 0.929725 0.346119 0.125750 -0.368254 0.873840 0.317478 0.000000 -0.341475 0.939891 B 2.000000 4.000000 18.000000 C[purple]
19.311551 22.143832 -60.562248 0.972617 0.218444 0.079364 -0.232414 0.914154 0.332125 -0.000000 -0.341475 0.939891 B 2.000000 4.000000 18.000000 C[purple]
19.084517 16.145069 -43.423590 0.962347 0.255485 0.092821 -0.271824 0.904501 0.328618 0.000000 -0.341475 0.939891 B 2.000000 4.000000 18.000000 C[purple]
19.193670 10.163034 -25.938353 0.952392 0.286552 0.104108 -0.304878 0.895144 0.325218 0.000000 -0.341475 0.939891 B 2.000000 4.000000 18.000000 C[purple]
19.167689 3.997330 -8.568751 0.999248 -0.036439 -0.013239 0.038769 0.939184 0.341219 -0.000000 -0.341475 0.939891 B 2.000000 4.000000 18.000000 C[purple]
19.190309 -2.336819 8.323236 0.980829 0.183156 0.066543 -0.194869 0.921872 0.334929 0.000000 -0.341475 0.939891 B 2.000000 4.000000 18.000000 C[purple]
19.296821 -8.791425 25.278916 0.954201 0.281185 0.102158 -0.299168 0.896844 0.325836 -0.000000 -0.341475 0.939891 B 2.000000 4.000000 18.000000 C[purple]
19.333040 -15.227073 42.667716 0.946709 0.302731 0.109986 -0.322091 0.889803 0.323278 0.000000 -0.341475 0.939891 B 2.000000 4.000000 18.000000 C[purple]
19.550357 -21.509179 59.826278 0.998471 0.051955 0.018876 -0.055277 0.938454 0.340953 0.000000 -0.341475 0.939891 B 2.000000 4.000000 18.000000 C[purple]
19.418896 -27.747726 76.812390 0.973166 0.216271 0.078574 -0.230103 0.914670 0.332312 0.000000 -0.341475 0.939891 B 2.000000 4.000000 18.000000 C[purple]
-12.655439 14.574208 -77.706859 -0.999998 -0.001921 -0.000698 0.002044 -0.939889 -0.341475 0.000000 -0.341475 0.939891 B 2.000000 4.000000 18.000000 C[purple]
-12.612093 8.072459 -60.890101 -0.995435 0.089710 0.032593 -0.095447 -0.935600 -0.339916 -0.000000 -0.341475 0.939891 B 2.000000 4.000000 18.000000 C[purple]
-12.601897 1.897405 -43.441321 -0.997353 -0.068340 -0.024829 0.072711 -0.937403 -0.340572 0.000000 -0.341475 0.939891 B 2.000000 4.000000 18.000000 C[purple]
-12.707404 -4.420058 -26.038720 -0.995883 0.085196 0.030953 -0.090645 -0.936021 -0.340070 0.000000 -0.341475 0.939891 B 2.000000 4.000000 18.000000 C[purple]
-12.726048 -10.882326 -8.839353 -0.935997 0.330849 0.120202 -0.352008 -0.879735 -0.319620 0.000000 -0.341475 0.939891 B 2.000000 4.000000 18.000000 C[purple]
-12.595063 -16.972603 8.314742 -0.991937 0.119116 0.043277 -0.126734 -0.932312 -0.338722 -0.000000 -0.341475 0.939891 B 2.000000 4.000000 18.000000 C[purple]
-12.556994 -23.102747 25.484371 -0.996311 0.080661 0.029305 -0.085819 -0.936423 -0.340216 -0.000000 -0.341475 0.939891 B 2.000000 4.000000 18.000000 C[purple]
-12.754020 -29.270639 42.817506 -0.981502 -0.179941 -0.065375 0.191449 -0.922505 -0.335159 -0.000000 -0.341475 0.939891 B 2.000000 4.000000 18.000000 C[purple]
-12.731749 26.998509 59.737322 -0.996112 0.082797 0.030081 -0.088093 -0.936237 -0.340148 0.000000 -0.341475 0.939891 B 2.000000 4.000000 18.000000 C[purple]
-12.789950 20.890851 77.064975 -0.999993 -0.003551 -0.001290 0.003778 -0.939884 -0.341473 -0.000000 -0.341475 0.939891 B 2.000000 4.000000 18.000000 C[purple]
-29.477468 -23.678250 77.385460 0.978945 0.191855 0.069704 -0.204125 0.920101 0.334286 -0.000000 -0.341475 0.939891 B 2.000000 4.000000 18.000000 C[purple]
-29.324071 -30.203020 -77.734749 0.997657 0.064297 0.023360 -0.068409 0.937689 0.340675 0.000000 -0.341475 0.939891 B 2.000000 4.000000 18.000000 C[purple]
-29.243823 25.916608 -60.365088 0.953078 0.284529 0.103373 -0.302725 0.895789 0.325453 -0.000000 -0.341475 0.939891 B 2.000000 4.000000 18.000000 C[purple]
-29.245383 19.840841 -42.904661 0.994394 0.099383 0.036107 -0.105739 0.934622 0.339561 -0.000000 -0.341475 0.939891 B 2.000000 4.000000 18.000000 C[purple]
-29.182580 13.422537 -25.945433 0.928925 0.348012 0.126438 -0.370269 0.873088 0.317205 0.000000 -0.341475 0.939891 B 2.000000 4.000000 18.000000 C[purple]
-29.412890 6.984197 -8.558189 0.938984 0.323285 0.117454 -0.343960 0.882543 0.320640 0.000000 -0.341475 0.939891 B 2.000000 4.000000 18.000000 C[purple]
-29.333600 0.672904 8.619005 0.918834 0.370923 0.134762 -0.394645 0.863603 0.313759 0.000000 -0.341475 0.939891 B 2.000000 4.000000 18.000000 C[purple]
-29.424413 -5.132671 25.824657 0.861937 0.476539 0.173133 -0.507016 0.810126 0.294330 0.000000 -0.341475 0.939891 B 2.000000 4.000000 18.000000 C[purple]
-29.499107 -11.351451 42.977309 0.954330 0.280796 0.102017 -0.298754 0.896966 0.325880 -0.000000 -0.341475 0.939891 B 2.000000 4.000000 18.000000 C[purple]
-29.468692 -17.766204 60.261467 0.970811 0.225429 0.081902 -0.239846 0.912456 0.331508 0.000000 -0.341475 0.939891 B 2.000000 4.000000 18.000000 C[purple]
28.155003 -23.717903 77.711365 0.953483 0.283326 0.102936 -0.301446 0.896170 0.325591 0.000000 -0.341475 0.939891 B 2.000000 4.000000 18.000000 C[purple]
28.109420 -29.806811 -77.207772 0.994169 0.101348 0.036821 -0.107829 0.934411 0.339484 0.000000 -0.341475 0.939891 B 2.000000 4.000000 18.000000 C[purple]
28.121745 26.563335 -60.096343 0.991616 -0.121453 -0.044126 0.129220 0.932011 0.338612 -0.000000 -0.341475 0.939891 B 2.000000 4.000000 18.000000 C[purple]
28.116783 20.508183 -42.567754 0.984116 0.166855 0.060621 -0.177526 0.924962 0.336051 -0.000000 -0.341475 0.939891 B 2.000000 4.000000 18.000000 C[purple]
28.191222 14.483705 -25.332012 0.966197 0.242309 0.088034 -0.257806 0.908119 0.329932 0.000000 -0.341475 0.939891 B 2.000000 4.000000 18.000000 C[purple]
28.017118 8.056230 -8.171343 0.997990 0.059569 0.021642 -0.063379 0.938001 0.340789 0.000000 -0.341475 0.939891 B 2.000000 4.000000 18.000000 C[purple]
28.196967 1.986546 8.879778 0.999169 -0.038300 -0.013915 0.040750 0.939110 0.341192 -0.000000 -0.341475 0.939891 B 2.000000 4.000000 18.000000 C[purple]
28.184696 -4.376464 26.066854 0.983053 -0.172303 -0.062600 0.183322 0.923962 0.335688 0.000000 -0.341475 0.939891 B 2.000000 4.000000 18.000000 C[purple]
28.247345 -10.865726 43.399713 0.998842 -0.045228 -0.016432 0.048120 0.938802 0.341080 -0.000000 -0.341475 0.939891 B 2.000000 4.000000 18.000000 C[purple]
28.208230 -17.099697 60.735641 0.944048 0.309984 0.112621 -0.329808 0.887302 0.322369 -0.000000 -0.341475 0.939891 B 2.000000 4.000000 18.000000 C[purple]
15.666122 19.964179 -77.557276 0.728107 -0.644261 -0.234069 0.685464 0.684341 0.248631 0.000000 -0.341475 0.939891 B 2.000000 4.000000 18.000000 C[purple]
15.825569 13.902173 -60.338917 0.838372 -0.512333 -0.186138 0.545099 0.787978 0.286283 0.000000 -0.341475 0.939891 B 2.000000 4.000000 18.000000 C[purple]
15.980025 7.510745 -43.404586 0.816959 -0.542031 -0.196927 0.576696 0.767852 0.278971 -0.000000 -0.341475 0.939891 B 2.000000 4.000000 18.000000 C[purple]
16.226672 1.420596 -25.959671 0.643229 -0.719649 -0.261459 0.765674 0.604565 0.219647 0.000000 -0.341475 0.939891 B 2.000000 4.000000 18.000000 C[purple]
16.384283 -4.960901 -8.453287 0.790416 -0.575750 -0.209178 0.612571 0.742904 0.269907 -0.000000 -0.341475 0.939891 B 2.000000 4.000000 18.000000 C[purple]
16.191870 -11.193922 8.469184 0.691732 -0.678746 -0.246598 0.722154 0.650153 0.236210 -0.000000 -0.341475 0.939891 B 2.000000 4.000000 18.000000 C[purple]
15.917609 -17.769880 25.657026 0.744209 -0.627797 -0.228087 0.667946 0.699476 0.254129 -0.000000 -0.341475 0.939891 B 2.000000 4.000000 18.000000 C[purple]
15.918166 -23.904352 42.822187 0.591564 -0.757794 -0.275317 0.806258 0.556005 0.202005 0.000000 -0.341475 0.939891 B 2.000000 4.000000 18.000000 C[purple]
15.892091 -30.152688 59.853963 0.385154 -0.867380 -0.315131 0.922852 0.362003 0.131521 -0.000000 -0.341475 0.939891 B 2.000000 4.000000 18.000000 C[purple]
15.623313 26.126463 77.115270 0.462719 -0.833218 -0.302720 0.886505 0.434905 0.158007 -0.000000 -0.341475 0.939891 B 2.000000 4.000000 18.000000 C[purple]
-15.902715 28.172161 -77.494593 0.705357 -0.666243 -0.242055 0.708852 0.662959 0.240862 0.000000 -0.341475 0.939891 B 2.000000 4.000000 18.000000 C[purple]
-15.805102 22.287582 -60.130097 0.724282 -0.648058 -0.235449 0.689504 0.680746 0.247325 -0.000000 -0.341475 0.939891 B 2.000000 4.000000 18.000000 C[purple]
-15.790790 15.756132 -43.197780 0.717989 -0.654215 -0.237685 0.696054 0.674831 0.245176 -0.000000 -0.341475 0.939891 B 2.000000 4.000000 18.000000 C[purple]
-15.830053 9.488752 -25.683231 0.624987 -0.733712 -0.266568 0.780635 0.587420 0.213418 -0.000000 -0.341475 0.939891 B 2.000000 4.000000 18.000000 C[purple]
-15.808497 3.468632 -8.290856 0.498697 -0.814675 -0.295983 0.866776 0.468721 0.170293 0.000000 -0.341475 0.939891 B 2.000000 4.000000 18.000000 C[purple]
-15.830525 -2.978041 8.918090 0.374967 -0.871315 -0.316561 0.927038 0.352428 0.128042 0.000000 -0.341475 0.939891 B 2.000000 4.000000 18.000000 C[purple]
-15.610431 -9.519988 26.059384 0.251162 -0.909762 -0.330529 0.967945 0.236065 0.085766 -0.000000 -0.341475 0.939891 B 2.000000 4.000000 18.000000 C[purple]
-15.555807 -15.936573 43.210471 0.409405 -0.857512 -0.311546 0.912353 0.384796 0.139802 0.000000 -0.341475 0.939891 B 2.000000 4.000000 18.000000 C[purple]
-15.807979 -22.132753 60.153109 0.367104 -0.874267 -0.317634 0.930180 0.345038 0.125357 0.000000 -0.341475 0.939891 B 2.000000 4.000000 18.000000 C[purple]
-15.758172 -28.289113 77.126289 0.696155 -0.674739 -0.245142 0.717891 0.654310 0.237720 -0.000000 -0.341475 0.939891 B 2.000000 4.000000 18.000000 C[purple]
-5.603442 -12.832754 -77.820956 0.895287 -0.418712 -0.152124 0.445490 0.841472 0.305718 0.000000 -0.341475 0.939891 B 2.000000 4.000000 18.000000 C[purple]
-5.650667 -19.068289 -60.900685 0.944258 -0.309418 -0.112416 0.329206 0.887499 0.322441 0.000000 -0.341475 0.939891 B 2.000000 4.000000 18.000000 C[purple]
-5.846516 -25.409392 -43.686412 0.826113 -0.529632 -0.192423 0.563504 0.776456 0.282097 -0.000000 -0.341475 0.939891 B 2.000000 4.000000 18.000000 C[purple]
-5.556110 30.763013 -26.734231 0.861669 -0.476967 -0.173289 0.507471 0.809875 0.294239 -0.000000 -0.341475 0.939891 B 2.000000 4.000000 18.000000 C[purple]
-5.389124 24.488814 -9.384378 0.742997 -0.629064 -0.228548 0.669295 0.698336 0.253715 -0.000000 -0.341475 0.939891 B 2.000000 4.000000 18.000000 C[purple]
-5.626112 18.391318 7.913971 0.681358 -0.687953 -0.249943 0.731950 0.640402 0.232667 0.000000 -0.341475 0.939891 B 2.000000 4.000000 18.000000 C[purple]
