48.980529 -21.320345 77.047150 0.060522 0.938168 0.340849 -0.998167 0.056884 0.020667 0.000000 -0.341475 0.939891 B 2.000000 4.000000 18.000000 C[purple]
48.595230 -27.465431 -77.635463 0.100379 0.935144 0.339751 -0.994949 0.094345 0.034277 -0.000000 -0.341475 0.939891 B 2.000000 4.000000 18.000000 C[purple]
48.791141 28.778606 -60.228687 -0.163780 0.927199 0.336864 -0.986497 -0.153935 -0.055927 0.000000 -0.341475 0.939891 B 2.000000 4.000000 18.000000 C[purple]
48.728755 22.622350 -43.088964 -0.201064 0.920696 0.334502 -0.979578 -0.188978 -0.068658 0.000000 -0.341475 0.939891 B 2.000000 4.000000 18.000000 C[purple]
48.501060 16.269163 -26.126931 -0.003650 0.939884 0.341473 -0.999993 -0.003431 -0.001246 0.000000 -0.341475 0.939891 B 2.000000 4.000000 18.000000 C[purple]
48.265971 10.377614 -8.989583 -0.035361 0.939303 0.341262 -0.999375 -0.033235 -0.012075 0.000000 -0.341475 0.939891 B 2.000000 4.000000 18.000000 C[purple]
48.633734 4.050366 8.374236 0.201462 0.920619 0.334474 -0.979496 0.189353 0.068794 0.000000 -0.341475 0.939891 B 2.000000 4.000000 18.000000 C[purple]
48.938415 -2.287221 25.686105 -0.123762 0.932665 0.338850 -0.992312 -0.116323 -0.042262 -0.000000 -0.341475 0.939891 B 2.000000 4.000000 18.000000 C[purple]
49.121388 -8.607496 42.764447 -0.182808 0.924052 0.335721 -0.983149 -0.171820 -0.062424 0.000000 -0.341475 0.939891 B 2.000000 4.000000 18.000000 C[purple]
48.965385 -14.808266 59.820182 0.072229 0.937436 0.340584 -0.997388 0.067887 0.024664 0.000000 -0.341475 0.939891 B 2.000000 4.000000 18.000000 C[purple]
13.479821 10.872332 -77.749035 0.988732 0.140698 0.051118 -0.149696 0.929300 0.337628 0.000000 -0.341475 0.939891 B 2.000000 4.000000 18.000000 C[purple]
13.325052 4.670814 -60.591307 0.999928 -0.011269 -0.004094 0.011990 0.939823 0.341451 -0.000000 -0.341475 0.939891 B 2.000000 4.000000 18.000000 C[purple]
13.268949 -1.622539 -43.216559 0.976139 -0.204095 -0.074151 0.217148 0.917464 0.333327 0.000000 -0.341475 0.939891 B 2.000000 4.000000 18.000000 C[purple]
13.450724 -7.853954 -25.595748 0.967460 -0.237814 -0.086401 0.253023 0.909307 0.330364 0.000000 -0.341475 0.939891 B 2.000000 4.000000 18.000000 C[purple]
13.485977 -13.940357 -8.608099 0.984913 -0.162648 -0.059092 0.173050 0.925711 0.336324 -0.000000 -0.341475 0.939891 B 2.000000 4.000000 18.000000 C[purple]
13.392801 -20.203200 8.412490 0.984116 0.166858 0.060622 -0.177529 0.924961 0.336051 0.000000 -0.341475 0.939891 B 2.000000 4.000000 18.000000 C[purple]
13.387166 -26.731717 25.447328 0.979945 0.187291 0.068045 -0.199269 0.921041 0.334627 -0.000000 -0.341475 0.939891 B 2.000000 4.000000 18.000000 C[purple]
13.210347 29.736045 42.734551 0.911602 0.386365 0.140372 -0.411074 0.856806 0.311290 0.000000 -0.341475 0.939891 B 2.000000 4.000000 18.000000 C[purple]
13.461179 23.710361 59.961610 0.960692 0.260928 0.094799 -0.277615 0.902946 0.328053 0.000000 -0.341475 0.939891 B 2.000000 4.000000 18.000000 C[purple]
13.578639 17.302306 77.330802 0.987779 0.146490 0.053222 -0.155859 0.928405 0.337302 0.000000 -0.341475 0.939891 B 2.000000 4.000000 18.000000 C[purple]
-31.305622 -28.946562 -77.328084 0.997025 -0.072445 -0.026320 0.077078 0.937095 0.340460 0.000000 -0.341475 0.939891 B 2.000000 4.000000 18.000000 C[purple]
-31.038344 27.186854 -60.462353 0.999932 -0.010947 -0.003977 0.011647 0.939827 0.341452 -0.000000 -0.341475 0.939891 B 2.000000 4.000000 18.000000 C[purple]
-30.932911 21.098064 -42.948353 0.996387 -0.079827 -0.029002 0.084932 0.936495 0.340242 0.000000 -0.341475 0.939891 B 2.000000 4.000000 18.000000 C[purple]
-31.155290 14.625694 -26.086918 0.998441 -0.052461 -0.019060 0.055816 0.938425 0.340943 -0.000000 -0.341475 0.939891 B 2.000000 4.000000 18.000000 C[purple]
-30.999031 8.448022 -8.765983 0.987031 -0.150883 -0.054818 0.160533 0.927701 0.337047 0.000000 -0.341475 0.939891 B 2.000000 4.000000 18.000000 C[purple]
-30.953139 2.190252 8.227696 0.962818 -0.253913 -0.092250 0.270151 0.904944 0.328779 -0.000000 -0.341475 0.939891 B 2.000000 4.000000 18.000000 C[purple]
-31.062431 -4.356452 25.563082 0.959531 -0.264676 -0.096160 0.281603 0.901854 0.327656 0.000000 -0.341475 0.939891 B 2.000000 4.000000 18.000000 C[purple]
-30.973117 -10.579799 42.979838 0.990658 -0.128171 -0.046566 0.136368 0.931111 0.338285 0.000000 -0.341475 0.939891 B 2.000000 4.000000 18.000000 C[purple]
-30.891358 -16.910103 60.244266 0.998142 -0.057272 -0.020808 0.060935 0.938144 0.340841 -0.000000 -0.341475 0.939891 B 2.000000 4.000000 18.000000 C[purple]
-31.210718 -23.042216 77.368479 0.993213 -0.109315 -0.039716 0.116306 0.933512 0.339158 -0.000000 -0.341475 0.939891 B 2.000000 4.000000 18.000000 C[purple]
31.962558 -24.245672 -77.616936 0.470767 0.829226 0.301269 -0.882258 0.442470 0.160755 -0.000000 -0.341475 0.939891 B 2.000000 4.000000 18.000000 C[purple]
31.891158 -30.609521 -60.707916 0.313810 0.892413 0.324226 -0.949486 0.294947 0.107158 0.000000 -0.341475 0.939891 B 2.000000 4.000000 18.000000 C[purple]
31.449960 25.650648 -43.361089 0.308057 0.894182 0.324869 -0.951368 0.289540 0.105194 -0.000000 -0.341475 0.939891 B 2.000000 4.000000 18.000000 C[purple]
31.275273 19.611268 -26.112528 0.164261 0.927124 0.336837 -0.986417 0.154387 0.056091 -0.000000 -0.341475 0.939891 B 2.000000 4.000000 18.000000 C[purple]
31.350344 13.357396 -8.687254 0.123576 0.932686 0.338858 -0.992335 0.116148 0.042198 0.000000 -0.341475 0.939891 B 2.000000 4.000000 18.000000 C[purple]
31.691855 6.971025 8.381345 0.179687 0.924593 0.335918 -0.983724 0.168886 0.061359 0.000000 -0.341475 0.939891 B 2.000000 4.000000 18.000000 C[purple]
31.810801 0.632627 25.391508 0.094508 0.935684 0.339947 -0.995524 0.088827 0.032272 -0.000000 -0.341475 0.939891 B 2.000000 4.000000 18.000000 C[purple]
31.656562 -5.458520 42.711775 0.141862 0.930385 0.338022 -0.989886 0.133335 0.048442 0.000000 -0.341475 0.939891 B 2.000000 4.000000 18.000000 C[purple]
32.009363 -11.632477 59.877153 0.345794 0.881909 0.320410 -0.938310 0.325009 0.118080 -0.000000 -0.341475 0.939891 B 2.000000 4.000000 18.000000 C[purple]
31.865098 -18.270057 77.291008 0.337789 0.884646 0.321404 -0.941222 0.317485 0.115347 -0.000000 -0.341475 0.939891 B 2.000000 4.000000 18.000000 C[purple]
48.574537 1.997155 -76.866528 0.849918 -0.495243 -0.179929 0.526915 0.798830 0.290226 0.000000 -0.341475 0.939891 B 2.000000 4.000000 18.000000 C[purple]
48.567592 -4.457292 -59.553710 0.852500 -0.491306 -0.178498 0.522727 0.801257 0.291108 0.000000 -0.341475 0.939891 B 2.000000 4.000000 18.000000 C[purple]
48.683679 -10.617006 -42.207075 0.847670 -0.498634 -0.181161 0.530523 0.796717 0.289459 -0.000000 -0.341475 0.939891 B 2.000000 4.000000 18.000000 C[purple]
48.812146 -16.477540 -24.896094 0.789028 -0.577428 -0.209788 0.614357 0.741601 0.269434 0.000000 -0.341475 0.939891 B 2.000000 4.000000 18.000000 C[purple]
48.798399 -22.606221 -7.752212 0.903633 -0.402562 -0.146256 0.428307 0.849316 0.308568 0.000000 -0.341475 0.939891 B 2.000000 4.000000 18.000000 C[purple]
48.888653 -28.621416 9.444808 0.964508 -0.248183 -0.090168 0.264055 0.906532 0.329356 0.000000 -0.341475 0.939891 B 2.000000 4.000000 18.000000 C[purple]
48.708868 27.355376 26.507706 0.946313 -0.303822 -0.110383 0.323252 0.889431 0.323143 0.000000 -0.341475 0.939891 B 2.000000 4.000000 18.000000 C[purple]
48.696700 21.196495 43.440562 0.948384 -0.298063 -0.108291 0.317126 0.891377 0.323850 0.000000 -0.341475 0.939891 B 2.000000 4.000000 18.000000 C[purple]
48.605865 14.789734 60.800684 0.953097 -0.284473 -0.103353 0.302666 0.895807 0.325459 0.000000 -0.341475 0.939891 B 2.000000 4.000000 18.000000 C[purple]
48.683857 8.235075 78.024297 0.953434 -0.283472 -0.102989 0.301601 0.896124 0.325574 0.000000 -0.341475 0.939891 B 2.000000 4.000000 18.000000 C[purple]
10.123323 27.551076 77.431915 0.498609 -0.814723 -0.296000 0.866827 0.468638 0.170263 -0.000000 -0.341475 0.939891 B 2.000000 4.000000 18.000000 C[purple]
10.069121 21.176075 -77.588444 0.601608 -0.750777 -0.272768 0.798791 0.565446 0.205434 -0.000000 -0.341475 0.939891 B 2.000000 4.000000 18.000000 C[purple]
9.991933 14.981031 -60.542689 0.669175 -0.698437 -0.253752 0.743105 0.628952 0.228507 0.000000 -0.341475 0.939891 B 2.000000 4.000000 18.000000 C[purple]
10.160311 8.675201 -43.122236 0.516105 -0.805040 -0.292482 0.856525 0.485083 0.176237 0.000000 -0.341475 0.939891 B 2.000000 4.000000 18.000000 C[purple]
10.075060 2.113574 -25.970385 0.468093 -0.830562 -0.301755 0.883679 0.439957 0.159842 0.000000 -0.341475 0.939891 B 2.000000 4.000000 18.000000 C[purple]
9.964232 -4.121884 -8.594750 0.322999 -0.889512 -0.323172 0.946399 0.303584 0.110296 -0.000000 -0.341475 0.939891 B 2.000000 4.000000 18.000000 C[purple]
9.706675 -10.436670 8.885109 0.311269 -0.893199 -0.324512 0.950322 0.292559 0.106291 -0.000000 -0.341475 0.939891 B 2.000000 4.000000 18.000000 C[purple]
9.981502 -16.677025 25.884895 0.499355 -0.814319 -0.295854 0.866398 0.469339 0.170517 0.000000 -0.341475 0.939891 B 2.000000 4.000000 18.000000 C[purple]
10.086182 -22.625095 43.406758 0.518626 -0.803608 -0.291962 0.855001 0.487451 0.177098 0.000000 -0.341475 0.939891 B 2.000000 4.000000 18.000000 C[purple]
9.840747 -28.866609 60.483759 0.430606 -0.848289 -0.308195 0.902540 0.404722 0.147041 0.000000 -0.341475 0.939891 B 2.000000 4.000000 18.000000 C[purple]
-24.712075 29.611047 77.340896 0.948759 -0.297006 -0.107906 0.316000 0.891730 0.323978 -0.000000 -0.341475 0.939891 B 2.000000 4.000000 18.000000 C[purple]
-24.975861 23.380599 -77.757326 0.943858 -0.310494 -0.112807 0.330351 0.887124 0.322304 0.000000 -0.341475 0.939891 B 2.000000 4.000000 18.000000 C[purple]
-24.922176 17.174249 -60.171345 0.851465 -0.492889 -0.179074 0.524411 0.800284 0.290754 -0.000000 -0.341475 0.939891 B 2.000000 4.000000 18.000000 C[purple]
-24.910895 11.129224 -42.746595 0.748582 -0.623187 -0.226412 0.663042 0.703586 0.255622 -0.000000 -0.341475 0.939891 B 2.000000 4.000000 18.000000 C[purple]
-25.108217 4.720018 -25.427208 0.650544 -0.713818 -0.259340 0.759469 0.611440 0.222145 0.000000 -0.341475 0.939891 B 2.000000 4.000000 18.000000 C[purple]
-25.162284 -1.579516 -8.414349 0.763404 -0.607095 -0.220566 0.645921 0.717517 0.260684 0.000000 -0.341475 0.939891 B 2.000000 4.000000 18.000000 C[purple]
-24.808837 -7.893333 8.499176 0.769486 -0.600274 -0.218088 0.638663 0.723233 0.262761 0.000000 -0.341475 0.939891 B 2.000000 4.000000 18.000000 C[purple]
-24.946045 -14.507504 25.630578 0.776391 -0.592368 -0.215215 0.630252 0.729723 0.265118 -0.000000 -0.341475 0.939891 B 2.000000 4.000000 18.000000 C[purple]
-24.991081 -20.743310 42.914210 0.964446 -0.248393 -0.090245 0.264279 0.906474 0.329335 0.000000 -0.341475 0.939891 B 2.000000 4.000000 18.000000 C[purple]
-24.941978 -26.864944 60.177225 0.869124 -0.464864 -0.168892 0.494594 0.816882 0.296785 0.000000 -0.341475 0.939891 B 2.000000 4.000000 18.000000 C[purple]
33.903521 -27.623751 78.051192 0.937768 -0.326390 -0.118582 0.347263 0.881399 0.320225 -0.000000 -0.341475 0.939891 B 2.000000 4.000000 18.000000 C[purple]
33.983302 28.704101 -76.891301 0.886586 -0.434760 -0.157954 0.462564 0.833294 0.302747 0.000000 -0.341475 0.939891 B 2.000000 4.000000 18.000000 C[purple]
34.118459 22.718752 -59.516801 0.803747 -0.559208 -0.203168 0.594971 0.755434 0.274460 -0.000000 -0.341475 0.939891 B 2.000000 4.000000 18.000000 C[purple]
33.907970 16.344449 -42.255612 0.937419 -0.327273 -0.118903 0.348203 0.881071 0.320106 -0.000000 -0.341475 0.939891 B 2.000000 4.000000 18.000000 C[purple]
33.930532 9.922577 -24.871640 0.948802 -0.296886 -0.107863 0.315873 0.891770 0.323992 -0.000000 -0.341475 0.939891 B 2.000000 4.000000 18.000000 C[purple]
34.110658 3.552837 -7.738496 0.966386 -0.241640 -0.087791 0.257094 0.908298 0.329997 0.000000 -0.341475 0.939891 B 2.000000 4.000000 18.000000 C[purple]
34.203805 -2.778939 9.375635 0.897397 -0.414703 -0.150667 0.441225 0.843455 0.306439 0.000000 -0.341475 0.939891 B 2.000000 4.000000 18.000000 C[purple]
33.938685 -8.889003 26.363017 0.954000 -0.281784 -0.102376 0.299805 0.896656 0.325768 0.000000 -0.341475 0.939891 B 2.000000 4.000000 18.000000 C[purple]
33.650270 -14.987323 43.488726 0.943292 -0.312010 -0.113358 0.331965 0.886591 0.322111 -0.000000 -0.341475 0.939891 B 2.000000 4.000000 18.000000 C[purple]
33.718384 -21.458158 60.830306 0.899186 -0.411266 -0.149419 0.437567 0.845136 0.307050 -0.000000 -0.341475 0.939891 B 2.000000 4.000000 18.000000 C[purple]
27.806323 6.280365 77.439951 -0.366282 0.874572 0.317744 -0.930504 -0.344265 -0.125076 -0.000000 -0.341475 0.939891 B 2.000000 4.000000 18.000000 C[purple]
27.605585 -0.154388 -76.980488 -0.389573 0.865635 0.314497 -0.920996 -0.366156 -0.133030 0.000000 -0.341475 0.939891 B 2.000000 4.000000 18.000000 C[purple]
27.704201 -6.084829 -59.837577 -0.460757 0.834178 0.303068 -0.887526 -0.433062 -0.157337 0.000000 -0.341475 0.939891 B 2.000000 4.000000 18.000000 C[purple]
27.593955 -12.660652 -42.902454 -0.426855 0.849962 0.308803 -0.904320 -0.401197 -0.145760 0.000000 -0.341475 0.939891 B 2.000000 4.000000 18.000000 C[purple]
27.654492 -18.943894 -25.474921 -0.724691 0.647655 0.235302 -0.689074 -0.681130 -0.247464 0.000000 -0.341475 0.939891 B 2.000000 4.000000 18.000000 C[purple]
27.871163 -25.020989 -8.431052 -0.456019 0.836475 0.303903 -0.889970 -0.428608 -0.155719 0.000000 -0.341475 0.939891 B 2.000000 4.000000 18.000000 C[purple]
27.811050 -31.132937 8.727364 -0.338070 0.884551 0.321370 -0.941121 -0.317749 -0.115443 -0.000000 -0.341475 0.939891 B 2.000000 4.000000 18.000000 C[purple]
28.098565 25.179526 25.965800 -0.013109 0.939810 0.341446 -0.999914 -0.012321 -0.004476 0.000000 -0.341475 0.939891 B 2.000000 4.000000 18.000000 C[purple]
27.979001 18.575646 42.979089 -0.073773 0.937330 0.340545 -0.997275 -0.069339 -0.025192 0.000000 -0.341475 0.939891 B 2.000000 4.000000 18.000000 C[purple]
28.068213 12.580447 60.350189 -0.059496 0.938226 0.340870 -0.998229 -0.055920 -0.020317 0.000000 -0.341475 0.939891 B 2.000000 4.000000 18.000000 C[purple]
49.488947 20.306860 77.461504 0.801200 -0.562427 -0.204338 0.598396 0.753041 0.273590 0.000000 -0.341475 0.939891 B 2.000000 4.000000 18.000000 C[purple]
49.365357 14.237416 -77.551778 0.807816 -0.554005 -0.201278 0.589435 0.759258 0.275849 0.000000 -0.341475 0.939891 B 2.000000 4.000000 18.000000 C[purple]
49.224623 7.744291 -60.526313 0.770518 -0.599104 -0.217663 0.637419 0.724202 0.263113 0.000000 -0.341475 0.939891 B 2.000000 4.000000 18.000000 C[purple]
48.885340 1.368689 -43.571444 0.720304 -0.651963 -0.236867 0.693658 0.677007 0.245966 -0.000000 -0.341475 0.939891 B 2.000000 4.000000 18.000000 C[purple]
48.976704 -4.795969 -25.960752 0.605295 -0.748154 -0.271815 0.796001 0.568912 0.206694 0.000000 -0.341475 0.939891 B 2.000000 4.000000 18.000000 C[purple]
49.085033 -10.986329 -8.615202 0.888727 -0.430880 -0.156545 0.458436 0.835307 0.303479 0.000000 -0.341475 0.939891 B 2.000000 4.000000 18.000000 C[purple]
48.950981 -17.119961 8.503138 0.978172 -0.195306 -0.070957 0.207796 0.919375 0.334022 0.000000 -0.341475 0.939891 B 2.000000 4.000000 18.000000 C[purple]
49.064170 -23.624948 25.784654 0.944632 -0.308409 -0.112049 0.328133 0.887851 0.322568 0.000000 -0.341475 0.939891 B 2.000000 4.000000 18.000000 C[purple]
49.006146 -29.767327 43.148269 0.880693 -0.445214 -0.161752 0.473687 0.827755 0.300735 0.000000 -0.341475 0.939891 B 2.000000 4.000000 18.000000 C[purple]
49.279003 26.756806 60.380656 0.786103 -0.580943 -0.211065 0.618096 0.738850 0.268435 -0.000000 -0.341475 0.939891 B 2.000000 4.000000 18.000000 C[purple]
41.070927 29.035350 -77.787608 0.996639 -0.076992 -0.027972 0.081916 0.936732 0.340328 0.000000 -0.341475 0.939891 B 2.000000 4.000000 18.000000 C[purple]
41.173237 22.564237 -60.717386 0.997942 0.060264 0.021895 -0.064118 0.937957 0.340773 -0.000000 -0.341475 0.939891 B 2.000000 4.000000 18.000000 C[purple]
41.320731 16.188866 -43.517036 0.993748 0.104937 0.038125 -0.111648 0.934014 0.339340 -0.000000 -0.341475 0.939891 B 2.000000 4.000000 18.000000 C[purple]
41.527743 9.914175 -26.397682 0.997768 0.062760 0.022802 -0.066774 0.937793 0.340713 0.000000 -0.341475 0.939891 B 2.000000 4.000000 18.000000 C[purple]
41.341448 3.772862 -9.114466 0.998907 0.043939 0.015964 -0.046749 0.938863 0.341102 -0.000000 -0.341475 0.939891 B 2.000000 4.000000 18.000000 C[purple]
41.392456 -2.347132 8.337626 0.993970 0.103058 0.037442 -0.109649 0.934224 0.339416 0.000000 -0.341475 0.939891 B 2.000000 4.000000 18.000000 C[purple]
41.313862 -8.794767 25.518809 0.989176 0.137913 0.050106 -0.146733 0.929718 0.337779 -0.000000 -0.341475 0.939891 B 2.000000 4.000000 18.000000 C[purple]
41.270098 -14.845720 42.797990 0.986999 -0.151066 -0.054885 0.160728 0.927671 0.337036 -0.000000 -0.341475 0.939891 B 2.000000 4.000000 18.000000 C[purple]
41.257465 -20.753025 59.927998 0.997455 -0.067007 -0.024344 0.071292 0.937499 0.340607 -0.000000 -0.341475 0.939891 B 2.000000 4.000000 18.000000 C[purple]
41.299612 -27.423690 77.196498 0.997133 0.071121 0.025839 -0.075670 0.937196 0.340496 0.000000 -0.341475 0.939891 B 2.000000 4.000000 18.000000 C[purple]
38.823755 23.563403 77.574044 -0.588865 0.759649 0.275991 -0.808232 -0.553469 -0.201083 -0.000000 -0.341475 0.939891 B 2.000000 4.000000 18.000000 C[purple]
38.915725 17.256954 -77.159528 -0.551423 0.784081 0.284868 -0.834226 -0.518277 -0.188297 0.000000 -0.341475 0.939891 B 2.000000 4.000000 18.000000 C[purple]
39.276442 11.017220 -60.081682 -0.675226 0.693274 0.251876 -0.737611 -0.634639 -0.230573 -0.000000 -0.341475 0.939891 B 2.000000 4.000000 18.000000 C[purple]
39.591638 4.857368 -42.790792 -0.651805 0.712800 0.258970 -0.758386 -0.612626 -0.222576 0.000000 -0.341475 0.939891 B 2.000000 4.000000 18.000000 C[purple]
39.674830 -1.402097 -25.612158 -0.454122 0.837386 0.304234 -0.890939 -0.426825 -0.155072 0.000000 -0.341475 0.939891 B 2.000000 4.000000 18.000000 C[purple]
39.726624 -7.757322 -8.493130 -0.530196 0.796910 0.289528 -0.847875 -0.498327 -0.181049 -0.000000 -0.341475 0.939891 B 2.000000 4.000000 18.000000 C[purple]
39.776944 -13.918389 8.979081 -0.412470 0.856213 0.311074 -0.910971 -0.387676 -0.140848 -0.000000 -0.341475 0.939891 B 2.000000 4.000000 18.000000 C[purple]
39.488014 -20.370797 26.039971 -0.592617 0.757067 0.275053 -0.805484 -0.556995 -0.202364 -0.000000 -0.341475 0.939891 B 2.000000 4.000000 18.000000 C[purple]
39.268328 -26.486910 43.270261 -0.515539 0.805361 0.292599 -0.856866 -0.484550 -0.176044 0.000000 -0.341475 0.939891 B 2.000000 4.000000 18.000000 C[purple]
39.141753 29.884090 60.335462 -0.694123 0.676586 0.245813 -0.719856 -0.652400 -0.237026 0.000000 -0.341475 0.939891 B 2.000000 4.000000 18.000000 C[purple]
-2.544606 -25.823353 77.413839 0.777873 0.590648 0.214591 -0.628422 0.731115 0.265624 0.000000 -0.341475 0.939891 B 2.000000 4.000000 18.000000 C[purple]
-2.283814 30.322702 -77.616521 0.841228 0.508181 0.184629 -0.540681 0.790662 0.287259 0.000000 -0.341475 0.939891 B 2.000000 4.000000 18.000000 C[purple]
-2.179833 24.220201 -60.497530 0.662450 0.704078 0.255801 -0.749106 0.622631 0.226210 -0.000000 -0.341475 0.939891 B 2.000000 4.000000 18.000000 C[purple]
-2.047098 17.913080 -42.907062 0.642295 0.720386 0.261726 -0.766458 0.603687 0.219328 -0.000000 -0.341475 0.939891 B 2.000000 4.000000 18.000000 C[purple]
-2.417912 11.886948 -25.762695 0.735461 0.636839 0.231373 -0.677568 0.691253 0.251142 0.000000 -0.341475 0.939891 B 2.000000 4.000000 18.000000 C[purple]
-2.569559 5.544224 -8.476892 0.876234 0.452920 0.164552 -0.481885 0.823564 0.299212 0.000000 -0.341475 0.939891 B 2.000000 4.000000 18.000000 C[purple]
-2.542276 -0.438792 8.958230 0.800518 0.563285 0.204649 -0.599309 0.752399 0.273357 -0.000000 -0.341475 0.939891 B 2.000000 4.000000 18.000000 C[purple]
-2.570210 -6.798005 26.356072 0.787446 0.579333 0.210480 -0.616384 0.740113 0.268893 0.000000 -0.341475 0.939891 B 2.000000 4.000000 18.000000 C[purple]
-2.480047 -13.100074 43.281763 0.895285 0.418715 0.152125 -0.445494 0.841470 0.305718 0.000000 -0.341475 0.939891 B 2.000000 4.000000 18.000000 C[purple]
-2.255764 -19.325638 60.482583 0.757483 0.613612 0.222934 -0.652855 0.711951 0.258662 0.000000 -0.341475 0.939891 B 2.000000 4.000000 18.000000 C[purple]
-47.703750 13.774194 -77.176314 0.821249 -0.536274 -0.194836 0.570570 0.771884 0.280436 0.000000 -0.341475 0.939891 B 2.000000 4.000000 18.000000 C[purple]
-47.686109 7.392471 -59.618728 0.946975 -0.301993 -0.109718 0.321306 0.890053 0.323369 0.000000 -0.341475 0.939891 B 2.000000 4.000000 18.000000 C[purple]
-47.646513 1.451525 -42.418425 0.890469 -0.427692 -0.155386 0.455044 0.836943 0.304073 -0.000000 -0.341475 0.939891 B 2.000000 4.000000 18.000000 C[purple]
-47.481336 -5.143007 -25.216083 0.881211 -0.444308 -0.161423 0.472723 0.828242 0.300912 0.000000 -0.341475 0.939891 B 2.000000 4.000000 18.000000 C[purple]
-47.596543 -11.556814 -8.278115 0.930113 -0.345196 -0.125415 0.367273 0.874205 0.317611 0.000000 -0.341475 0.939891 B 2.000000 4.000000 18.000000 C[purple]
-47.503586 -17.570777 8.844982 0.785101 -0.582139 -0.211499 0.619368 0.737909 0.268093 -0.000000 -0.341475 0.939891 B 2.000000 4.000000 18.000000 C[purple]
-47.723414 -23.853281 25.858598 0.666011 -0.701104 -0.254721 0.745942 0.625978 0.227426 0.000000 -0.341475 0.939891 B 2.000000 4.000000 18.000000 C[purple]
-47.953290 -30.174353 43.032173 0.787920 -0.578764 -0.210273 0.615778 0.740558 0.269055 0.000000 -0.341475 0.939891 B 2.000000 4.000000 18.000000 C[purple]
-47.779183 26.310205 60.097930 0.826509 -0.529087 -0.192225 0.562924 0.776828 0.282232 0.000000 -0.341475 0.939891 B 2.000000 4.000000 18.000000 C[purple]
-47.955630 20.098916 77.367366 0.704196 -0.667327 -0.242449 0.710005 0.661868 0.240466 0.000000 -0.341475 0.939891 B 2.000000 4.000000 18.000000 C[purple]
-22.595533 -26.187529 77.573580 -0.289229 0.899720 0.326881 -0.957260 -0.271844 -0.098765 -0.000000 -0.341475 0.939891 B 2.000000 4.000000 18.000000 C[purple]
-22.558120 30.325095 -76.958200 -0.197086 0.921456 0.334778 -0.980386 -0.185239 -0.067300 -0.000000 -0.341475 0.939891 B 2.000000 4.000000 18.000000 C[purple]
-22.580118 24.117498 -59.752260 0.166222 0.926815 0.336725 -0.986088 0.156230 0.056761 -0.000000 -0.341475 0.939891 B 2.000000 4.000000 18.000000 C[purple]
-22.385669 17.545327 -42.332292 0.134757 0.931318 0.338361 -0.990879 0.126657 0.046016 0.000000 -0.341475 0.939891 B 2.000000 4.000000 18.000000 C[purple]
-22.405644 11.402054 -25.334106 -0.149765 0.929290 0.337624 -0.988722 -0.140763 -0.051141 0.000000 -0.341475 0.939891 B 2.000000 4.000000 18.000000 C[purple]
-22.307115 5.312554 -8.213156 0.027127 0.939545 0.341350 -0.999632 0.025496 0.009263 0.000000 -0.341475 0.939891 B 2.000000 4.000000 18.000000 C[purple]
-22.530714 -0.692694 8.826701 -0.019897 0.939705 0.341408 -0.999802 -0.018701 -0.006794 -0.000000 -0.341475 0.939891 B 2.000000 4.000000 18.000000 C[purple]
-22.579889 -7.335800 26.183467 -0.057543 0.938333 0.340910 -0.998343 -0.054084 -0.019650 0.000000 -0.341475 0.939891 B 2.000000 4.000000 18.000000 C[purple]
-22.445114 -13.492482 43.374083 -0.269796 0.905037 0.328813 -0.962918 -0.253579 -0.092129 -0.000000 -0.341475 0.939891 B 2.000000 4.000000 18.000000 C[purple]
-22.307197 -19.630851 60.359456 -0.375871 0.870970 0.316436 -0.926672 -0.353277 -0.128351 0.000000 -0.341475 0.939891 B 2.000000 4.000000 18.000000 C[purple]
-45.260312 1.523170 77.202992 0.829994 0.524245 0.190466 -0.557773 0.780103 0.283422 -0.000000 -0.341475 0.939891 B 2.000000 4.000000 18.000000 C[purple]
-45.303311 -5.115495 -77.690700 0.786620 0.580323 0.210840 -0.617437 0.739337 0.268611 0.000000 -0.341475 0.939891 B 2.000000 4.000000 18.000000 C[purple]
-45.362799 -11.554279 -60.226142 0.850197 0.494820 0.179775 -0.526465 0.799092 0.290321 0.000000 -0.341475 0.939891 B 2.000000 4.000000 18.000000 C[purple]
-45.553282 -17.770252 -43.225810 0.944282 0.309352 0.112392 -0.329136 0.887522 0.322449 0.000000 -0.341475 0.939891 B 2.000000 4.000000 18.000000 C[purple]
-45.514891 -23.622298 -26.042819 0.887895 0.432393 0.157094 -0.460046 0.834524 0.303194 -0.000000 -0.341475 0.939891 B 2.000000 4.000000 18.000000 C[purple]
-45.580407 -29.983578 -8.856815 0.688351 0.681776 0.247699 -0.725378 0.646974 0.235055 0.000000 -0.341475 0.939891 B 2.000000 4.000000 18.000000 C[purple]
-45.448899 26.572204 8.440884 0.680051 0.689094 0.250358 -0.733164 0.639174 0.232221 0.000000 -0.341475 0.939891 B 2.000000 4.000000 18.000000 C[purple]
-45.161447 19.952437 25.642573 0.623160 0.735083 0.267066 -0.782095 0.585702 0.212794 0.000000 -0.341475 0.939891 B 2.000000 4.000000 18.000000 C[purple]
-45.318225 13.843844 42.744935 0.807787 0.554041 0.201291 -0.589474 0.759232 0.275840 -0.000000 -0.341475 0.939891 B 2.000000 4.000000 18.000000 C[purple]
-45.395444 7.540209 59.984880 0.808550 0.553058 0.200934 -0.588428 0.759948 0.276100 0.000000 -0.341475 0.939891 B 2.000000 4.000000 18.000000 C[purple]
-38.865626 -8.732720 -77.415426 0.981647 0.179244 0.065122 -0.190708 0.922641 0.335208 0.000000 -0.341475 0.939891 B 2.000000 4.000000 18.000000 C[purple]
-38.986609 -14.613565 -59.919660 0.967995 0.235884 0.085700 -0.250970 0.909809 0.330546 -0.000000 -0.341475 0.939891 B 2.000000 4.000000 18.000000 C[purple]
-38.954406 -20.708860 -42.613740 0.883827 0.439693 0.159747 -0.467813 0.830701 0.301805 0.000000 -0.341475 0.939891 B 2.000000 4.000000 18.000000 C[purple]
-39.079045 -26.809194 -25.556699 0.909553 0.390607 0.141913 -0.415588 0.854880 0.310590 0.000000 -0.341475 0.939891 B 2.000000 4.000000 18.000000 C[purple]
-39.266112 29.773493 -8.510661 0.959001 0.266369 0.096775 -0.283404 0.901356 0.327475 0.000000 -0.341475 0.939891 B 2.000000 4.000000 18.000000 C[purple]
-39.467752 23.177873 8.612608 0.972856 0.217501 0.079021 -0.231411 0.914378 0.332206 0.000000 -0.341475 0.939891 B 2.000000 4.000000 18.000000 C[purple]
-39.494639 16.939786 26.170000 0.982574 0.174699 0.063470 -0.185871 0.923512 0.335525 0.000000 -0.341475 0.939891 B 2.000000 4.000000 18.000000 C[purple]
-39.247445 10.787769 43.393781 0.984705 0.163758 0.059495 -0.174231 0.925515 0.336252 -0.000000 -0.341475 0.939891 B 2.000000 4.000000 18.000000 C[purple]
-38.850292 4.522596 60.349102 0.982567 0.174735 0.063484 -0.185910 0.923505 0.335522 0.000000 -0.341475 0.939891 B 2.000000 4.000000 18.000000 C[purple]
-38.753927 -2.064863 77.504072 0.996229 0.081545 0.029627 -0.086761 0.936347 0.340188 -0.000000 -0.341475 0.939891 B 2.000000 4.000000 18.000000 C[purple]
-24.141966 -18.816847 77.655776 0.842769 -0.505920 -0.183808 0.538275 0.792111 0.287785 0.000000 -0.341475 0.939891 B 2.000000 4.000000 18.000000 C[purple]
-23.810744 -25.057668 -77.389166 0.803145 -0.559972 -0.203446 0.595784 0.754868 0.274254 0.000000 -0.341475 0.939891 B 2.000000 4.000000 18.000000 C[purple]
-23.899545 30.938421 -60.427192 0.675140 -0.693347 -0.251903 0.737689 0.634558 0.230544 0.000000 -0.341475 0.939891 B 2.000000 4.000000 18.000000 C[purple]
-24.172837 24.593101 -43.231284 0.537056 -0.792841 -0.288050 0.843546 0.504774 0.183392 -0.000000 -0.341475 0.939891 B 2.000000 4.000000 18.000000 C[purple]
-24.338883 18.565172 -25.865835 0.597843 -0.753429 -0.273731 0.801613 0.561907 0.204149 0.000000 -0.341475 0.939891 B 2.000000 4.000000 18.000000 C[purple]
-24.094731 12.466537 -8.446557 0.724371 -0.647971 -0.235417 0.689411 0.680829 0.247355 0.000000 -0.341475 0.939891 B 2.000000 4.000000 18.000000 C[purple]
-24.093373 6.115892 9.025170 0.593041 -0.756774 -0.274946 0.805172 0.557394 0.202509 0.000000 -0.341475 0.939891 B 2.000000 4.000000 18.000000 C[purple]
-24.191253 -0.149908 26.204713 0.383192 -0.868148 -0.315410 0.923669 0.360159 0.130851 0.000000 -0.341475 0.939891 B 2.000000 4.000000 18.000000 C[purple]
-24.194988 -6.407642 43.373836 0.546680 -0.787010 -0.285932 0.837342 0.513819 0.186678 -0.000000 -0.341475 0.939891 B 2.000000 4.000000 18.000000 C[purple]
-24.196777 -12.627856 60.375689 0.639767 -0.722371 -0.262447 0.768569 0.601311 0.218465 -0.000000 -0.341475 0.939891 B 2.000000 4.000000 18.000000 C[purple]
-12.451236 -14.188780 77.137749 0.883056 0.441060 0.160243 -0.469267 0.829976 0.301542 -0.000000 -0.341475 0.939891 B 2.000000 4.000000 18.000000 C[purple]
-12.341888 -20.709673 -77.443727 0.832299 0.521007 0.189289 -0.554327 0.782270 0.284210 -0.000000 -0.341475 0.939891 B 2.000000 4.000000 18.000000 C[purple]
-12.560327 -26.689937 -60.389956 0.861284 0.477582 0.173512 -0.508125 0.809512 0.294107 0.000000 -0.341475 0.939891 B 2.000000 4.000000 18.000000 C[purple]
-12.283836 29.631729 -43.083293 0.904099 0.401637 0.145920 -0.427323 0.849754 0.308728 -0.000000 -0.341475 0.939891 B 2.000000 4.000000 18.000000 C[purple]
-12.118993 23.591750 -25.873292 0.982251 0.176297 0.064051 -0.187571 0.923209 0.335415 0.000000 -0.341475 0.939891 B 2.000000 4.000000 18.000000 C[purple]
-12.115647 17.111915 -8.914052 0.999996 0.002585 0.000939 -0.002750 0.939887 0.341474 -0.000000 -0.341475 0.939891 B 2.000000 4.000000 18.000000 C[purple]
-12.094712 10.616207 8.251474 0.967167 0.238866 0.086783 -0.254142 0.909031 0.330264 -0.000000 -0.341475 0.939891 B 2.000000 4.000000 18.000000 C[purple]
-12.009348 4.267793 25.471055 0.999372 0.033305 0.012100 -0.035435 0.939300 0.341261 0.000000 -0.341475 0.939891 B 2.000000 4.000000 18.000000 C[purple]
-12.016952 -1.778583 42.951412 0.955116 0.278425 0.101156 -0.296232 0.897705 0.326149 -0.000000 -0.341475 0.939891 B 2.000000 4.000000 18.000000 C[purple]
-12.321805 -7.850677 60.031754 0.964363 0.248679 0.090349 -0.264583 0.906396 0.329306 0.000000 -0.341475 0.939891 B 2.000000 4.000000 18.000000 C[purple]
10.340440 -26.335327 -77.732706 -0.670677 -0.697163 -0.253289 0.741749 -0.630363 -0.229020 0.000000 -0.341475 0.939891 B 2.000000 4.000000 18.000000 C[purple]
10.179367 29.924503 -60.384369 -0.663067 -0.703564 -0.255615 0.748560 -0.623211 -0.226421 0.000000 -0.341475 0.939891 B 2.000000 4.000000 18.000000 C[purple]
10.291131 23.386821 -43.339756 -0.629400 -0.730371 -0.265354 0.777081 -0.591568 -0.214925 0.000000 -0.341475 0.939891 B 2.000000 4.000000 18.000000 C[purple]
10.320223 17.064351 -25.763435 -0.554859 -0.781937 -0.284089 0.831945 -0.521507 -0.189471 -0.000000 -0.341475 0.939891 B 2.000000 4.000000 18.000000 C[purple]
10.402645 10.641601 -8.813606 -0.672075 -0.695974 -0.252857 0.740484 -0.631677 -0.229497 -0.000000 -0.341475 0.939891 B 2.000000 4.000000 18.000000 C[purple]
10.309881 4.750282 8.432684 -0.718905 -0.653326 -0.237363 0.695109 -0.675692 -0.245488 -0.000000 -0.341475 0.939891 B 2.000000 4.000000 18.000000 C[purple]
10.373982 -1.667360 25.410518 -0.519112 -0.803330 -0.291861 0.854706 -0.487909 -0.177264 -0.000000 -0.341475 0.939891 B 2.000000 4.000000 18.000000 C[purple]
10.569238 -8.013837 42.995089 -0.418133 -0.853783 -0.310191 0.908386 -0.392999 -0.142782 -0.000000 -0.341475 0.939891 B 2.000000 4.000000 18.000000 C[purple]
10.525406 -14.267604 60.040001 -0.528748 -0.797759 -0.289837 0.848779 -0.496966 -0.180555 -0.000000 -0.341475 0.939891 B 2.000000 4.000000 18.000000 C[purple]
10.540257 -20.421338 77.007575 -0.538394 -0.792040 -0.287759 0.842693 -0.506031 -0.183848 -0.000000 -0.341475 0.939891 B 2.000000 4.000000 18.000000 C[purple]
-30.399309 19.377138 77.593235 0.628059 -0.731391 -0.265725 0.778166 0.590306 0.214467 0.000000 -0.341475 0.939891 B 2.000000 4.000000 18.000000 C[purple]
-30.454035 13.338980 -77.436097 0.727697 -0.644670 -0.234218 0.685899 0.683956 0.248491 0.000000 -0.341475 0.939891 B 2.000000 4.000000 18.000000 C[purple]
-30.355204 7.127951 -60.342777 0.557386 -0.780348 -0.283511 0.830254 0.523882 0.190334 0.000000 -0.341475 0.939891 B 2.000000 4.000000 18.000000 C[purple]
-30.110711 0.817589 -42.931023 0.509949 -0.808498 -0.293739 0.860205 0.479296 0.174135 0.000000 -0.341475 0.939891 B 2.000000 4.000000 18.000000 C[purple]
-30.118641 -5.389476 -25.622201 0.378142 -0.870102 -0.316120 0.925748 0.355412 0.129126 0.000000 -0.341475 0.939891 B 2.000000 4.000000 18.000000 C[purple]
-29.934533 -11.973383 -8.456155 0.341414 -0.883415 -0.320957 0.939913 0.320892 0.116585 -0.000000 -0.341475 0.939891 B 2.000000 4.000000 18.000000 C[purple]
-30.327888 -18.276676 8.705039 0.141841 -0.930388 -0.338023 0.989889 0.133315 0.048435 0.000000 -0.341475 0.939891 B 2.000000 4.000000 18.000000 C[purple]
-30.667706 -24.726457 26.190393 0.141976 -0.930370 -0.338016 0.989870 0.133442 0.048481 -0.000000 -0.341475 0.939891 B 2.000000 4.000000 18.000000 C[purple]
-30.331240 -30.843555 43.359705 0.117662 -0.933362 -0.339103 0.993054 0.110589 0.040179 -0.000000 -0.341475 0.939891 B 2.000000 4.000000 18.000000 C[purple]
-30.299496 25.522605 60.524612 0.415983 -0.854711 -0.310528 0.909372 0.390978 0.142048 0.000000 -0.341475 0.939891 B 2.000000 4.000000 18.000000 C[purple]
-27.832787 -9.064460 78.084099 0.998090 0.058060 0.021094 -0.061774 0.938096 0.340823 -0.000000 -0.341475 0.939891 B 2.000000 4.000000 18.000000 C[purple]
-27.558397 -15.661096 -76.632239 0.996321 0.080549 0.029265 -0.085700 0.936433 0.340219 -0.000000 -0.341475 0.939891 B 2.000000 4.000000 18.000000 C[purple]
-27.609448 -21.576023 -59.580529 0.989615 0.135104 0.049085 -0.143744 0.930130 0.337929 -0.000000 -0.341475 0.939891 B 2.000000 4.000000 18.000000 C[purple]
-27.611260 -27.959070 -42.592197 0.975738 0.205781 0.074763 -0.218942 0.917087 0.333191 -0.000000 -0.341475 0.939891 B 2.000000 4.000000 18.000000 C[purple]
-27.749560 28.609054 -25.336763 0.959441 0.264966 0.096266 -0.281911 0.901769 0.327625 0.000000 -0.341475 0.939891 B 2.000000 4.000000 18.000000 C[purple]
-27.752849 22.365684 -8.087986 0.940850 0.318457 0.115700 -0.338823 0.884296 0.321277 0.000000 -0.341475 0.939891 B 2.000000 4.000000 18.000000 C[purple]
-27.961120 16.053291 8.873981 0.927449 0.351471 0.127694 -0.373949 0.871701 0.316701 -0.000000 -0.341475 0.939891 B 2.000000 4.000000 18.000000 C[purple]
-27.729357 9.769154 25.899189 0.989245 0.137475 0.049947 -0.146267 0.929782 0.337803 0.000000 -0.341475 0.939891 B 2.000000 4.000000 18.000000 C[purple]
-28.073947 3.458311 43.434502 0.987993 0.145212 0.052758 -0.154499 0.928605 0.337375 0.000000 -0.341475 0.939891 B 2.000000 4.000000 18.000000 C[purple]
-28.161714 -2.965037 60.928263 0.986523 0.153790 0.055874 -0.163625 0.927223 0.336873 -0.000000 -0.341475 0.939891 B 2.000000 4.000000 18.000000 C[purple]
9.559605 5.613695 -77.648889 0.458031 0.835503 0.303550 -0.888936 0.430499 0.156406 -0.000000 -0.341475 0.939891 B 2.000000 4.000000 18.000000 C[purple]
9.609578 -0.508584 -60.370033 0.614674 0.741368 0.269349 -0.788781 0.577726 0.209896 -0.000000 -0.341475 0.939891 B 2.000000 4.000000 18.000000 C[purple]
9.738076 -6.376864 -43.010490 0.569378 0.772662 0.280719 -0.822076 0.535153 0.194429 0.000000 -0.341475 0.939891 B 2.000000 4.000000 18.000000 C[purple]
9.441107 -12.464188 -25.925245 0.397439 0.862471 0.313348 -0.917629 0.373549 0.135716 0.000000 -0.341475 0.939891 B 2.000000 4.000000 18.000000 C[purple]
9.412330 -18.718026 -8.636183 0.741100 0.631037 0.229265 -0.671394 0.696553 0.253068 -0.000000 -0.341475 0.939891 B 2.000000 4.000000 18.000000 C[purple]
9.464323 -25.222515 8.770185 0.850603 0.494202 0.179550 -0.525808 0.799474 0.290460 0.000000 -0.341475 0.939891 B 2.000000 4.000000 18.000000 C[purple]
9.199532 30.904333 25.648575 0.817405 0.541436 0.196711 -0.576063 0.768272 0.279124 -0.000000 -0.341475 0.939891 B 2.000000 4.000000 18.000000 C[purple]
9.255469 24.757857 42.739043 0.862638 0.475417 0.172726 -0.505821 0.810786 0.294570 0.000000 -0.341475 0.939891 B 2.000000 4.000000 18.000000 C[purple]
9.374468 18.562765 59.774374 0.721084 0.651201 0.236591 -0.692848 0.677740 0.246232 0.000000 -0.341475 0.939891 B 2.000000 4.000000 18.000000 C[purple]
9.623016 12.164488 77.096983 0.568164 0.773450 0.281005 -0.822915 0.534012 0.194014 -0.000000 -0.341475 0.939891 B 2.000000 4.000000 18.000000 C[purple]
6.976878 -27.789060 -77.497814 0.989785 0.133996 0.048683 -0.142565 0.930290 0.337987 0.000000 -0.341475 0.939891 B 2.000000 4.000000 18.000000 C[purple]
6.983052 28.435404 -60.022561 0.870522 0.462548 0.168050 -0.492129 0.818196 0.297262 0.000000 -0.341475 0.939891 B 2.000000 4.000000 18.000000 C[purple]
7.158442 22.311484 -42.549718 0.851752 0.492451 0.178914 -0.523945 0.800554 0.290852 0.000000 -0.341475 0.939891 B 2.000000 4.000000 18.000000 C[purple]
7.146034 15.952922 -25.457217 0.954010 0.281755 0.102365 -0.299774 0.896665 0.325771 -0.000000 -0.341475 0.939891 B 2.000000 4.000000 18.000000 C[purple]
6.908036 9.765350 -8.335413 0.930164 0.345076 0.125371 -0.367144 0.874252 0.317628 0.000000 -0.341475 0.939891 B 2.000000 4.000000 18.000000 C[purple]
6.857378 3.465338 9.012677 0.981018 0.182262 0.066218 -0.193919 0.922049 0.334993 0.000000 -0.341475 0.939891 B 2.000000 4.000000 18.000000 C[purple]
6.960364 -2.467698 26.346446 0.991475 0.122463 0.044492 -0.130295 0.931878 0.338564 0.000000 -0.341475 0.939891 B 2.000000 4.000000 18.000000 C[purple]
6.800396 -8.429076 43.449437 0.997243 0.069741 0.025338 -0.074202 0.937300 0.340534 0.000000 -0.341475 0.939891 B 2.000000 4.000000 18.000000 C[purple]
7.214251 -14.854938 60.450577 0.996743 0.075795 0.027537 -0.080642 0.936830 0.340363 -0.000000 -0.341475 0.939891 B 2.000000 4.000000 18.000000 C[purple]
7.101793 -21.273382 77.466790 0.999054 0.040880 0.014852 -0.043495 0.939001 0.341152 0.000000 -0.341475 0.939891 B 2.000000 4.000000 18.000000 C[purple]
21.831729 11.653380 -77.316826 0.874698 0.455535 0.165502 -0.484668 0.822121 0.298688 0.000000 -0.341475 0.939891 B 2.000000 4.000000 18.000000 C[purple]
21.552419 5.734061 -60.021927 0.820556 0.537210 0.195176 -0.571566 0.771233 0.280200 0.000000 -0.341475 0.939891 B 2.000000 4.000000 18.000000 C[purple]
21.563253 -0.196417 -42.928724 0.762949 0.607601 0.220750 -0.646459 0.717088 0.260528 0.000000 -0.341475 0.939891 B 2.000000 4.000000 18.000000 C[purple]
21.849992 -6.608115 -25.581452 0.623804 0.734601 0.266891 -0.781581 0.586307 0.213014 0.000000 -0.341475 0.939891 B 2.000000 4.000000 18.000000 C[purple]
21.705162 -12.754256 -8.120058 0.639164 0.722842 0.262619 -0.769071 0.600744 0.218259 0.000000 -0.341475 0.939891 B 2.000000 4.000000 18.000000 C[purple]
21.663729 -18.832212 9.022493 0.852581 0.491182 0.178453 -0.522595 0.801333 0.291135 -0.000000 -0.341475 0.939891 B 2.000000 4.000000 18.000000 C[purple]
21.623914 -25.218088 26.470963 0.771905 0.597524 0.217089 -0.635737 0.725507 0.263587 -0.000000 -0.341475 0.939891 B 2.000000 4.000000 18.000000 C[purple]
21.677068 31.028065 43.491831 0.771636 0.597831 0.217200 -0.636065 0.725253 0.263495 -0.000000 -0.341475 0.939891 B 2.000000 4.000000 18.000000 C[purple]
21.844049 24.474199 60.412832 0.861673 0.476961 0.173287 -0.507464 0.809878 0.294240 -0.000000 -0.341475 0.939891 B 2.000000 4.000000 18.000000 C[purple]
21.739889 18.336225 77.546842 0.903935 0.401964 0.146039 -0.427671 0.849600 0.308671 -0.000000 -0.341475 0.939891 B 2.000000 4.000000 18.000000 C[purple]
-4.729836 6.753348 77.608752 0.403883 0.859822 0.312385 -0.914811 0.379605 0.137916 -0.000000 -0.341475 0.939891 B 2.000000 4.000000 18.000000 C[purple]
-4.774868 0.621297 -76.924738 0.397637 0.862390 0.313318 -0.917543 0.373736 0.135783 -0.000000 -0.341475 0.939891 B 2.000000 4.000000 18.000000 C[purple]
-4.532935 -5.669857 -59.955319 0.425848 0.850408 0.308965 -0.904795 0.400251 0.145417 0.000000 -0.341475 0.939891 B 2.000000 4.000000 18.000000 C[purple]
-4.507962 -11.726896 -42.962697 0.616614 0.739944 0.268832 -0.787266 0.579550 0.210558 0.000000 -0.341475 0.939891 B 2.000000 4.000000 18.000000 C[purple]
-4.719028 -18.328288 -25.495725 0.620702 0.736918 0.267733 -0.784047 0.583392 0.211954 0.000000 -0.341475 0.939891 B 2.000000 4.000000 18.000000 C[purple]
-4.507773 -24.652913 -8.544666 0.581695 0.764513 0.277758 -0.813407 0.546730 0.198635 -0.000000 -0.341475 0.939891 B 2.000000 4.000000 18.000000 C[purple]
-4.663538 -30.694651 8.823953 0.783454 0.584095 0.212210 -0.621450 0.736361 0.267530 0.000000 -0.341475 0.939891 B 2.000000 4.000000 18.000000 C[purple]
