2.635898 5.702243 -77.542284 -0.199572 -0.920983 -0.334606 0.979883 -0.187576 -0.068149 0.000000 -0.341475 0.939891 B 2.000000 4.000000 18.000000 C[purple]
2.579677 -0.662292 -60.573898 -0.183673 -0.923901 -0.335666 0.982987 -0.172632 -0.062720 -0.000000 -0.341475 0.939891 B 2.000000 4.000000 18.000000 C[purple]
2.471491 -6.852322 -43.307157 -0.271066 -0.904702 -0.328691 0.962561 -0.254773 -0.092562 -0.000000 -0.341475 0.939891 B 2.000000 4.000000 18.000000 C[purple]
2.547304 -13.187856 -26.188676 0.009182 -0.939851 -0.341461 0.999958 0.008630 0.003136 0.000000 -0.341475 0.939891 B 2.000000 4.000000 18.000000 C[purple]
2.469556 -19.399121 -8.807671 -0.295913 -0.897798 -0.326182 0.955215 -0.278126 -0.101047 -0.000000 -0.341475 0.939891 B 2.000000 4.000000 18.000000 C[purple]
2.625497 -25.371312 8.212244 -0.160652 -0.927683 -0.337040 0.987011 -0.150995 -0.054859 -0.000000 -0.341475 0.939891 B 2.000000 4.000000 18.000000 C[purple]
2.387298 30.949885 25.482453 0.007228 -0.939866 -0.341466 0.999974 0.006793 0.002468 0.000000 -0.341475 0.939891 B 2.000000 4.000000 18.000000 C[purple]
2.362022 24.614995 42.465281 -0.129818 -0.931937 -0.338586 0.991538 -0.122015 -0.044330 0.000000 -0.341475 0.939891 B 2.000000 4.000000 18.000000 C[purple]
2.652061 18.148407 60.002543 -0.127627 -0.932204 -0.338683 0.991822 -0.119956 -0.043582 0.000000 -0.341475 0.939891 B 2.000000 4.000000 18.000000 C[purple]
2.691661 11.946576 76.928976 -0.409359 -0.857531 -0.311553 0.912374 -0.384752 -0.139786 0.000000 -0.341475 0.939891 B 2.000000 4.000000 18.000000 C[purple]
45.716306 -8.469980 77.915739 0.069659 -0.937608 -0.340646 0.997571 0.065472 0.023787 -0.000000 -0.341475 0.939891 B 2.000000 4.000000 18.000000 C[purple]
45.882363 -14.711034 -77.149200 0.235488 -0.913458 -0.331872 0.971877 0.221333 0.080413 -0.000000 -0.341475 0.939891 B 2.000000 4.000000 18.000000 C[purple]
46.067480 -20.855420 -60.169697 0.304679 -0.895204 -0.325240 0.952455 0.286365 0.104040 -0.000000 -0.341475 0.939891 B 2.000000 4.000000 18.000000 C[purple]
45.895587 -26.965765 -43.115175 0.280902 -0.902047 -0.327726 0.959736 0.264017 0.095921 -0.000000 -0.341475 0.939891 B 2.000000 4.000000 18.000000 C[purple]
45.557890 29.147011 -25.972091 0.204648 -0.919998 -0.334248 0.978836 0.192347 0.069882 0.000000 -0.341475 0.939891 B 2.000000 4.000000 18.000000 C[purple]
45.815001 23.116680 -8.688269 0.326444 -0.888400 -0.322768 0.945217 0.306821 0.111472 -0.000000 -0.341475 0.939891 B 2.000000 4.000000 18.000000 C[purple]
45.858304 16.605632 8.754999 0.426889 -0.849947 -0.308798 0.904304 0.401229 0.145772 0.000000 -0.341475 0.939891 B 2.000000 4.000000 18.000000 C[purple]
45.650779 10.543570 26.054648 0.378762 -0.869863 -0.316034 0.925494 0.355995 0.129338 -0.000000 -0.341475 0.939891 B 2.000000 4.000000 18.000000 C[purple]
45.819024 4.043226 43.358601 0.196434 -0.921579 -0.334822 0.980517 0.184626 0.067077 -0.000000 -0.341475 0.939891 B 2.000000 4.000000 18.000000 C[purple]
45.664946 -2.209313 60.567386 0.045363 -0.938923 -0.341124 0.998971 0.042636 0.015490 -0.000000 -0.341475 0.939891 B 2.000000 4.000000 18.000000 C[purple]
15.191465 -13.941996 -77.063868 0.747788 0.624029 0.226718 -0.663937 0.702839 0.255351 -0.000000 -0.341475 0.939891 B 2.000000 4.000000 18.000000 C[purple]
15.151879 -20.282455 -59.834461 0.788624 0.577916 0.209965 -0.614875 0.741221 0.269296 -0.000000 -0.341475 0.939891 B 2.000000 4.000000 18.000000 C[purple]
15.536811 -26.607851 -42.761091 0.812840 0.547474 0.198905 -0.582487 0.763981 0.277565 -0.000000 -0.341475 0.939891 B 2.000000 4.000000 18.000000 C[purple]
15.644721 29.756938 -25.511713 0.819835 0.538181 0.195529 -0.572599 0.770556 0.279954 -0.000000 -0.341475 0.939891 B 2.000000 4.000000 18.000000 C[purple]
15.695027 23.183180 -8.308799 0.882419 0.442185 0.160652 -0.470464 0.829378 0.301324 0.000000 -0.341475 0.939891 B 2.000000 4.000000 18.000000 C[purple]
15.790822 17.143330 8.675893 0.907435 0.394935 0.143485 -0.420192 0.852890 0.309867 0.000000 -0.341475 0.939891 B 2.000000 4.000000 18.000000 C[purple]
15.798191 11.161277 26.065551 0.802737 0.560488 0.203633 -0.596333 0.754485 0.274115 0.000000 -0.341475 0.939891 B 2.000000 4.000000 18.000000 C[purple]
15.689038 4.646830 43.395332 0.686102 0.683776 0.248425 -0.727506 0.644861 0.234287 -0.000000 -0.341475 0.939891 B 2.000000 4.000000 18.000000 C[purple]
15.594992 -1.496948 60.564680 0.820766 0.536926 0.195073 -0.571264 0.771430 0.280271 -0.000000 -0.341475 0.939891 B 2.000000 4.000000 18.000000 C[purple]
15.391848 -7.581009 77.553518 0.793807 0.571613 0.207675 -0.608170 0.746092 0.271066 0.000000 -0.341475 0.939891 B 2.000000 4.000000 18.000000 C[purple]
-8.711295 20.426642 77.644698 0.981226 -0.181268 -0.065857 0.192861 0.922245 0.335065 0.000000 -0.341475 0.939891 B 2.000000 4.000000 18.000000 C[purple]
-8.603994 14.064570 -77.337596 0.990060 -0.132188 -0.048026 0.140642 0.930549 0.338081 0.000000 -0.341475 0.939891 B 2.000000 4.000000 18.000000 C[purple]
-8.783531 7.607306 -59.995543 0.996741 -0.075819 -0.027546 0.080668 0.936828 0.340363 -0.000000 -0.341475 0.939891 B 2.000000 4.000000 18.000000 C[purple]
-9.091610 1.614279 -42.793554 0.991745 -0.120522 -0.043787 0.128229 0.932131 0.338656 0.000000 -0.341475 0.939891 B 2.000000 4.000000 18.000000 C[purple]
-8.991166 -4.789843 -25.871844 0.992201 0.117159 0.042565 -0.124652 0.932560 0.338812 -0.000000 -0.341475 0.939891 B 2.000000 4.000000 18.000000 C[purple]
-9.177998 -11.140780 -8.788460 0.998253 0.055526 0.020173 -0.059077 0.938249 0.340879 -0.000000 -0.341475 0.939891 B 2.000000 4.000000 18.000000 C[purple]
-8.845581 -17.291618 8.570769 0.999793 0.019144 0.006955 -0.020368 0.939696 0.341405 -0.000000 -0.341475 0.939891 B 2.000000 4.000000 18.000000 C[purple]
-9.020371 -23.272049 25.782659 0.980377 -0.185281 -0.067315 0.197130 0.921447 0.334775 0.000000 -0.341475 0.939891 B 2.000000 4.000000 18.000000 C[purple]
-8.892897 -29.556130 43.139013 0.999999 0.001217 0.000442 -0.001294 0.939890 0.341475 -0.000000 -0.341475 0.939891 B 2.000000 4.000000 18.000000 C[purple]
-8.656684 26.726194 60.388273 0.999623 -0.025809 -0.009377 0.027459 0.939536 0.341347 0.000000 -0.341475 0.939891 B 2.000000 4.000000 18.000000 C[purple]
8.677327 30.352457 77.791632 0.824783 0.531460 0.193087 -0.565449 0.775206 0.281643 0.000000 -0.341475 0.939891 B 2.000000 4.000000 18.000000 C[purple]
8.689290 24.003953 -77.197008 0.926279 0.354187 0.128681 -0.376838 0.870601 0.316302 -0.000000 -0.341475 0.939891 B 2.000000 4.000000 18.000000 C[purple]
8.854875 18.189271 -60.062643 0.935530 0.332013 0.120625 -0.353246 0.879296 0.319461 0.000000 -0.341475 0.939891 B 2.000000 4.000000 18.000000 C[purple]
8.902797 11.722096 -42.546303 0.883731 0.439864 0.159809 -0.467995 0.830611 0.301773 0.000000 -0.341475 0.939891 B 2.000000 4.000000 18.000000 C[purple]
8.866695 5.638088 -25.584711 0.915221 0.378731 0.137598 -0.402952 0.860208 0.312525 0.000000 -0.341475 0.939891 B 2.000000 4.000000 18.000000 C[purple]
8.842002 -0.733457 -8.431246 0.994404 0.099291 0.036074 -0.105641 0.934631 0.339565 -0.000000 -0.341475 0.939891 B 2.000000 4.000000 18.000000 C[purple]
9.020944 -7.142636 8.781110 0.956887 0.273001 0.099185 -0.290461 0.899369 0.326753 0.000000 -0.341475 0.939891 B 2.000000 4.000000 18.000000 C[purple]
9.235017 -13.323245 25.803742 0.984185 0.166495 0.060490 -0.177142 0.925027 0.336075 -0.000000 -0.341475 0.939891 B 2.000000 4.000000 18.000000 C[purple]
9.155366 -19.259034 43.161212 0.883852 0.439650 0.159731 -0.467767 0.830724 0.301814 -0.000000 -0.341475 0.939891 B 2.000000 4.000000 18.000000 C[purple]
8.874426 -25.764612 60.347821 0.856234 0.485537 0.176402 -0.516589 0.804766 0.292383 0.000000 -0.341475 0.939891 B 2.000000 4.000000 18.000000 C[purple]
38.614643 -10.034944 78.223294 0.708757 0.663048 0.240895 -0.705452 0.666154 0.242023 -0.000000 -0.341475 0.939891 B 2.000000 4.000000 18.000000 C[purple]
38.686936 -16.459274 -76.802008 0.876413 0.452614 0.164441 -0.481560 0.823732 0.299273 -0.000000 -0.341475 0.939891 B 2.000000 4.000000 18.000000 C[purple]
38.725402 -22.823710 -59.852135 0.875107 0.454840 0.165250 -0.483929 0.822505 0.298828 -0.000000 -0.341475 0.939891 B 2.000000 4.000000 18.000000 C[purple]
38.845320 -29.057320 -42.472936 0.846330 0.500642 0.181890 -0.532659 0.795457 0.289001 0.000000 -0.341475 0.939891 B 2.000000 4.000000 18.000000 C[purple]
38.840082 27.407354 -25.378498 0.712667 0.659335 0.239546 -0.701502 0.669829 0.243358 -0.000000 -0.341475 0.939891 B 2.000000 4.000000 18.000000 C[purple]
38.775497 20.831108 -8.274576 0.792765 0.572889 0.208138 -0.609527 0.745113 0.270710 -0.000000 -0.341475 0.939891 B 2.000000 4.000000 18.000000 C[purple]
38.939802 14.342359 8.892798 0.843377 0.505024 0.183482 -0.537322 0.792682 0.287992 -0.000000 -0.341475 0.939891 B 2.000000 4.000000 18.000000 C[purple]
38.899345 8.340216 26.293823 0.928256 0.349584 0.127009 -0.371941 0.872460 0.316977 -0.000000 -0.341475 0.939891 B 2.000000 4.000000 18.000000 C[purple]
38.520532 2.269927 43.428819 0.895292 0.418702 0.152120 -0.445480 0.841477 0.305720 0.000000 -0.341475 0.939891 B 2.000000 4.000000 18.000000 C[purple]
38.675131 -3.836284 60.691445 0.878598 0.448855 0.163075 -0.477561 0.825787 0.300020 0.000000 -0.341475 0.939891 B 2.000000 4.000000 18.000000 C[purple]
27.081109 -8.147377 77.125835 0.374451 -0.871511 -0.316632 0.927247 0.351943 0.127866 0.000000 -0.341475 0.939891 B 2.000000 4.000000 18.000000 C[purple]
27.190869 -14.456899 -77.403720 0.611550 -0.743647 -0.270177 0.791206 0.574790 0.208829 -0.000000 -0.341475 0.939891 B 2.000000 4.000000 18.000000 C[purple]
27.024096 -20.650512 -60.427116 0.794729 -0.570480 -0.207263 0.606964 0.746959 0.271380 0.000000 -0.341475 0.939891 B 2.000000 4.000000 18.000000 C[purple]
26.813337 -26.998239 -43.056904 0.777742 -0.590800 -0.214646 0.628583 0.730993 0.265580 0.000000 -0.341475 0.939891 B 2.000000 4.000000 18.000000 C[purple]
26.878765 29.227947 -25.783241 0.866912 -0.468500 -0.170212 0.498462 0.814802 0.296029 0.000000 -0.341475 0.939891 B 2.000000 4.000000 18.000000 C[purple]
26.684989 23.226375 -8.510714 0.806841 -0.555258 -0.201733 0.590769 0.758342 0.275516 0.000000 -0.341475 0.939891 B 2.000000 4.000000 18.000000 C[purple]
26.856547 17.058338 8.514117 0.589826 -0.758990 -0.275752 0.807530 0.554372 0.201411 -0.000000 -0.341475 0.939891 B 2.000000 4.000000 18.000000 C[purple]
27.053095 10.901310 25.642493 0.776367 -0.592395 -0.215225 0.630281 0.729701 0.265110 0.000000 -0.341475 0.939891 B 2.000000 4.000000 18.000000 C[purple]
26.909450 4.741174 42.750958 0.568151 -0.773459 -0.281008 0.822924 0.534000 0.194010 -0.000000 -0.341475 0.939891 B 2.000000 4.000000 18.000000 C[purple]
26.974048 -1.698190 60.231961 0.416110 -0.854656 -0.310508 0.909314 0.391098 0.142091 0.000000 -0.341475 0.939891 B 2.000000 4.000000 18.000000 C[purple]
-32.958871 -6.159408 77.536937 0.679049 0.689967 0.250675 -0.734093 0.638232 0.231879 -0.000000 -0.341475 0.939891 B 2.000000 4.000000 18.000000 C[purple]
-33.284475 -12.326289 -77.077862 0.666198 0.700947 0.254664 -0.745775 0.626153 0.227490 -0.000000 -0.341475 0.939891 B 2.000000 4.000000 18.000000 C[purple]
-33.119151 -18.782190 -60.222777 0.590341 0.758637 0.275623 -0.807154 0.554856 0.201587 -0.000000 -0.341475 0.939891 B 2.000000 4.000000 18.000000 C[purple]
-33.197537 -24.906952 -43.180090 0.814848 0.544831 0.197945 -0.579675 0.765868 0.278251 0.000000 -0.341475 0.939891 B 2.000000 4.000000 18.000000 C[purple]
-33.174075 31.010322 -25.841730 0.785658 0.581474 0.211258 -0.618662 0.738432 0.268283 -0.000000 -0.341475 0.939891 B 2.000000 4.000000 18.000000 C[purple]
-33.010757 24.965442 -8.762146 0.875478 0.454210 0.165021 -0.483258 0.822853 0.298954 0.000000 -0.341475 0.939891 B 2.000000 4.000000 18.000000 C[purple]
-32.841420 18.659072 8.341613 0.655440 0.709850 0.257898 -0.755248 0.616042 0.223817 0.000000 -0.341475 0.939891 B 2.000000 4.000000 18.000000 C[purple]
-32.840838 12.352915 25.500894 0.710234 0.661650 0.240387 -0.703965 0.667543 0.242528 -0.000000 -0.341475 0.939891 B 2.000000 4.000000 18.000000 C[purple]
-32.803429 6.301943 42.672942 0.606313 0.747426 0.271550 -0.795226 0.569868 0.207041 -0.000000 -0.341475 0.939891 B 2.000000 4.000000 18.000000 C[purple]
-33.086039 0.378296 60.000633 0.621228 0.736526 0.267590 -0.783630 0.583887 0.212134 0.000000 -0.341475 0.939891 B 2.000000 4.000000 18.000000 C[purple]
48.367833 6.752446 77.607351 0.964468 0.248318 0.090217 -0.264199 0.906495 0.329342 0.000000 -0.341475 0.939891 B 2.000000 4.000000 18.000000 C[purple]
48.646933 0.456342 -77.183232 0.921673 0.364648 0.132482 -0.387969 0.866272 0.314729 -0.000000 -0.341475 0.939891 B 2.000000 4.000000 18.000000 C[purple]
48.369333 -5.692128 -60.118200 0.871833 0.460362 0.167256 -0.489803 0.819428 0.297710 -0.000000 -0.341475 0.939891 B 2.000000 4.000000 18.000000 C[purple]
48.401423 -11.869909 -42.548028 0.868722 0.465527 0.169133 -0.495300 0.816504 0.296647 -0.000000 -0.341475 0.939891 B 2.000000 4.000000 18.000000 C[purple]
48.356147 -17.712483 -25.504302 0.843975 0.504141 0.183162 -0.536383 0.793244 0.288197 0.000000 -0.341475 0.939891 B 2.000000 4.000000 18.000000 C[purple]
48.494916 -24.307771 -8.499408 0.930510 0.344250 0.125071 -0.366266 0.874578 0.317746 -0.000000 -0.341475 0.939891 B 2.000000 4.000000 18.000000 C[purple]
48.382848 -30.370963 8.714499 0.792199 0.573580 0.208390 -0.610262 0.744581 0.270517 0.000000 -0.341475 0.939891 B 2.000000 4.000000 18.000000 C[purple]
48.407071 25.965388 25.880647 0.939799 0.321186 0.116691 -0.341727 0.883309 0.320918 0.000000 -0.341475 0.939891 B 2.000000 4.000000 18.000000 C[purple]
48.174378 19.852224 43.446071 0.961403 0.258605 0.093955 -0.275144 0.903614 0.328296 0.000000 -0.341475 0.939891 B 2.000000 4.000000 18.000000 C[purple]
48.428920 13.294212 60.725089 0.968816 0.232886 0.084611 -0.247780 0.910581 0.330827 0.000000 -0.341475 0.939891 B 2.000000 4.000000 18.000000 C[purple]
-27.544094 10.718660 77.182517 0.733697 -0.638633 -0.232024 0.679476 0.689595 0.250540 -0.000000 -0.341475 0.939891 B 2.000000 4.000000 18.000000 C[purple]
-27.321645 4.463411 -77.228013 0.737331 -0.634925 -0.230677 0.675531 0.693011 0.251781 0.000000 -0.341475 0.939891 B 2.000000 4.000000 18.000000 C[purple]
-27.196654 -1.748055 -59.940610 0.452621 -0.838103 -0.304495 0.891703 0.425414 0.154559 0.000000 -0.341475 0.939891 B 2.000000 4.000000 18.000000 C[purple]
-27.009372 -8.133375 -42.495498 0.194835 -0.921879 -0.334931 0.980836 0.183124 0.066531 -0.000000 -0.341475 0.939891 B 2.000000 4.000000 18.000000 C[purple]
-26.717198 -14.317060 -25.442425 0.098000 -0.935366 -0.339832 0.995186 0.092109 0.033465 -0.000000 -0.341475 0.939891 B 2.000000 4.000000 18.000000 C[purple]
-27.088319 -20.715675 -8.305755 0.230920 -0.914488 -0.332246 0.972973 0.217039 0.078853 0.000000 -0.341475 0.939891 B 2.000000 4.000000 18.000000 C[purple]
-27.208699 -27.207041 8.555552 0.258498 -0.907946 -0.329869 0.966012 0.242959 0.088271 -0.000000 -0.341475 0.939891 B 2.000000 4.000000 18.000000 C[purple]
-27.365462 29.020050 25.764983 0.602446 -0.750183 -0.272552 0.798160 0.566233 0.205720 0.000000 -0.341475 0.939891 B 2.000000 4.000000 18.000000 C[purple]
-27.549158 23.154799 42.891479 0.645702 -0.717690 -0.260747 0.763589 0.606890 0.220491 -0.000000 -0.341475 0.939891 B 2.000000 4.000000 18.000000 C[purple]
-27.840082 16.819744 60.214691 0.711895 -0.660072 -0.239814 0.702286 0.669103 0.243094 0.000000 -0.341475 0.939891 B 2.000000 4.000000 18.000000 C[purple]
-46.553168 -25.404244 -76.750667 0.538588 -0.791923 -0.287717 0.842569 0.506214 0.183915 0.000000 -0.341475 0.939891 B 2.000000 4.000000 18.000000 C[purple]
-46.967589 30.732101 -59.553459 0.440801 -0.843650 -0.306510 0.897605 0.414305 0.150523 0.000000 -0.341475 0.939891 B 2.000000 4.000000 18.000000 C[purple]
-46.717162 24.732436 -42.353494 0.502304 -0.812715 -0.295271 0.864691 0.472111 0.171525 0.000000 -0.341475 0.939891 B 2.000000 4.000000 18.000000 C[purple]
-46.866434 18.199263 -25.373118 0.568104 -0.773490 -0.281020 0.822957 0.533955 0.193993 0.000000 -0.341475 0.939891 B 2.000000 4.000000 18.000000 C[purple]
-46.822597 11.872093 -8.200241 0.653910 -0.711095 -0.258351 0.756572 0.614604 0.223294 0.000000 -0.341475 0.939891 B 2.000000 4.000000 18.000000 C[purple]
-46.807186 5.896194 8.987548 0.722594 -0.649720 -0.236052 0.691272 0.679160 0.246748 0.000000 -0.341475 0.939891 B 2.000000 4.000000 18.000000 C[purple]
-46.554882 -0.085697 26.126493 0.584463 -0.762647 -0.277080 0.811421 0.549331 0.199580 0.000000 -0.341475 0.939891 B 2.000000 4.000000 18.000000 C[purple]
-46.805837 -6.451870 43.555335 0.402268 -0.860491 -0.312628 0.915522 0.378088 0.137365 -0.000000 -0.341475 0.939891 B 2.000000 4.000000 18.000000 C[purple]
-46.612744 -12.643635 60.960458 0.688757 -0.681414 -0.247567 0.724992 0.647356 0.235194 0.000000 -0.341475 0.939891 B 2.000000 4.000000 18.000000 C[purple]
-46.354829 -19.066821 78.264266 0.549817 -0.785077 -0.285229 0.835285 0.516768 0.187749 -0.000000 -0.341475 0.939891 B 2.000000 4.000000 18.000000 C[purple]
-34.410195 -11.173418 77.044347 -0.817336 -0.541529 -0.196745 0.576162 -0.768206 -0.279100 -0.000000 -0.341475 0.939891 B 2.000000 4.000000 18.000000 C[purple]
-34.540971 -17.476969 -77.485911 -0.946250 -0.303994 -0.110445 0.323435 -0.889372 -0.323121 0.000000 -0.341475 0.939891 B 2.000000 4.000000 18.000000 C[purple]
-34.247248 -23.815260 -60.014160 -0.953655 -0.282815 -0.102751 0.300902 -0.896332 -0.325650 -0.000000 -0.341475 0.939891 B 2.000000 4.000000 18.000000 C[purple]
-34.302413 -30.061665 -42.793158 -0.989790 -0.133968 -0.048672 0.142536 -0.930294 -0.337989 0.000000 -0.341475 0.939891 B 2.000000 4.000000 18.000000 C[purple]
-34.038857 26.166836 -25.794744 -0.970103 -0.228106 -0.082874 0.242694 -0.911791 -0.331266 0.000000 -0.341475 0.939891 B 2.000000 4.000000 18.000000 C[purple]
-34.255686 20.183054 -8.499872 -0.871843 -0.460345 -0.167250 0.489785 -0.819437 -0.297713 -0.000000 -0.341475 0.939891 B 2.000000 4.000000 18.000000 C[purple]
-34.397056 13.887996 8.619844 -0.804113 -0.558743 -0.202999 0.594477 -0.755778 -0.274585 0.000000 -0.341475 0.939891 B 2.000000 4.000000 18.000000 C[purple]
-34.226020 7.604838 25.730275 -0.870854 -0.461996 -0.167850 0.491542 -0.818507 -0.297375 -0.000000 -0.341475 0.939891 B 2.000000 4.000000 18.000000 C[purple]
-34.515292 1.334564 43.013994 -0.828521 -0.526300 -0.191212 0.559959 -0.778719 -0.282919 0.000000 -0.341475 0.939891 B 2.000000 4.000000 18.000000 C[purple]
-34.516693 -4.777878 60.012854 -0.839975 -0.510008 -0.185293 0.542625 -0.789485 -0.286831 -0.000000 -0.341475 0.939891 B 2.000000 4.000000 18.000000 C[purple]
-5.682168 26.403024 77.455824 0.940399 0.319631 0.116126 -0.340073 0.883872 0.321123 -0.000000 -0.341475 0.939891 B 2.000000 4.000000 18.000000 C[purple]
-5.945146 20.034553 -77.365575 0.970463 0.226750 0.082381 -0.241251 0.912129 0.331389 -0.000000 -0.341475 0.939891 B 2.000000 4.000000 18.000000 C[purple]
-6.029555 13.665868 -59.959844 0.830653 0.523322 0.190130 -0.556790 0.780723 0.283648 -0.000000 -0.341475 0.939891 B 2.000000 4.000000 18.000000 C[purple]
-6.204362 7.595146 -42.750401 0.956509 0.274169 0.099609 -0.291703 0.899014 0.326624 0.000000 -0.341475 0.939891 B 2.000000 4.000000 18.000000 C[purple]
-6.106684 1.553189 -25.719999 0.950421 0.292275 0.106188 -0.310967 0.893292 0.324545 -0.000000 -0.341475 0.939891 B 2.000000 4.000000 18.000000 C[purple]
-6.015749 -4.458231 -8.575916 0.996208 0.081771 0.029709 -0.087001 0.936327 0.340181 0.000000 -0.341475 0.939891 B 2.000000 4.000000 18.000000 C[purple]
-5.968937 -11.006667 8.736664 0.988647 0.141225 0.051309 -0.150256 0.929220 0.337599 0.000000 -0.341475 0.939891 B 2.000000 4.000000 18.000000 C[purple]
-5.869741 -17.297061 26.042048 0.884850 0.437872 0.159085 -0.465876 0.831663 0.302155 -0.000000 -0.341475 0.939891 B 2.000000 4.000000 18.000000 C[purple]
-5.962732 -23.550019 43.496659 0.834260 0.518228 0.188279 -0.551371 0.784114 0.284879 0.000000 -0.341475 0.939891 B 2.000000 4.000000 18.000000 C[purple]
-5.812302 -29.898472 60.526482 0.931846 0.341044 0.123906 -0.362855 0.875833 0.318202 -0.000000 -0.341475 0.939891 B 2.000000 4.000000 18.000000 C[purple]
12.341302 12.312469 -77.050718 0.852892 -0.490706 -0.178280 0.522088 0.801625 0.291242 0.000000 -0.341475 0.939891 B 2.000000 4.000000 18.000000 C[purple]
12.179315 6.220128 -60.046967 0.799218 -0.564913 -0.205241 0.601041 0.751178 0.272913 -0.000000 -0.341475 0.939891 B 2.000000 4.000000 18.000000 C[purple]
12.597111 -0.119110 -42.705071 0.781441 -0.586472 -0.213073 0.623979 0.734469 0.266843 0.000000 -0.341475 0.939891 B 2.000000 4.000000 18.000000 C[purple]
12.822763 -6.202947 -25.198470 0.604164 -0.748961 -0.272108 0.796860 0.567849 0.206307 0.000000 -0.341475 0.939891 B 2.000000 4.000000 18.000000 C[purple]
12.793807 -12.673438 -7.968469 0.809772 -0.551476 -0.200359 0.586745 0.761097 0.276517 0.000000 -0.341475 0.939891 B 2.000000 4.000000 18.000000 C[purple]
12.580109 -18.746928 9.206212 0.879575 -0.447162 -0.162460 0.475760 0.826705 0.300353 0.000000 -0.341475 0.939891 B 2.000000 4.000000 18.000000 C[purple]
12.363515 -25.078529 26.766208 0.835876 -0.515923 -0.187442 0.548918 0.785632 0.285431 -0.000000 -0.341475 0.939891 B 2.000000 4.000000 18.000000 C[purple]
12.571796 30.756337 43.963925 0.846075 -0.501021 -0.182028 0.533064 0.795218 0.288914 -0.000000 -0.341475 0.939891 B 2.000000 4.000000 18.000000 C[purple]
12.496309 24.589325 60.934417 0.714182 -0.657886 -0.239019 0.699960 0.671253 0.243876 0.000000 -0.341475 0.939891 B 2.000000 4.000000 18.000000 C[purple]
12.618855 18.562831 77.934772 0.815838 -0.543520 -0.197468 0.578280 0.766799 0.278589 -0.000000 -0.341475 0.939891 B 2.000000 4.000000 18.000000 C[purple]
33.529564 7.618100 77.106357 0.434464 -0.846550 -0.307563 0.900689 0.408348 0.148359 0.000000 -0.341475 0.939891 B 2.000000 4.000000 18.000000 C[purple]
33.599020 1.358620 -77.437405 0.188839 -0.922980 -0.335332 0.982008 0.177488 0.064484 0.000000 -0.341475 0.939891 B 2.000000 4.000000 18.000000 C[purple]
33.383316 -4.926185 -60.124975 0.328931 -0.887589 -0.322474 0.944354 0.309160 0.112322 -0.000000 -0.341475 0.939891 B 2.000000 4.000000 18.000000 C[purple]
33.381768 -10.983911 -43.125970 0.562242 -0.777264 -0.282391 0.826973 0.528446 0.191992 -0.000000 -0.341475 0.939891 B 2.000000 4.000000 18.000000 C[purple]
33.216000 -17.148890 -26.013393 0.562004 -0.777416 -0.282446 0.827135 0.528222 0.191910 -0.000000 -0.341475 0.939891 B 2.000000 4.000000 18.000000 C[purple]
33.420978 -23.315449 -8.828422 0.532176 -0.795743 -0.289104 0.846633 0.500188 0.181725 -0.000000 -0.341475 0.939891 B 2.000000 4.000000 18.000000 C[purple]
33.375885 -29.530036 8.467577 0.141945 -0.930374 -0.338018 0.989874 0.133413 0.048471 0.000000 -0.341475 0.939891 B 2.000000 4.000000 18.000000 C[purple]
33.474071 26.759378 25.456657 0.317533 -0.891249 -0.323803 0.948247 0.298446 0.108430 -0.000000 -0.341475 0.939891 B 2.000000 4.000000 18.000000 C[purple]
33.420879 20.806196 42.478454 0.468555 -0.830332 -0.301671 0.883434 0.440391 0.160000 -0.000000 -0.341475 0.939891 B 2.000000 4.000000 18.000000 C[purple]
33.549736 14.284059 59.957269 0.493987 -0.817206 -0.296902 0.869469 0.464294 0.168684 -0.000000 -0.341475 0.939891 B 2.000000 4.000000 18.000000 C[purple]
5.239485 16.911923 77.519585 -0.064359 0.937942 0.340767 -0.997927 -0.060491 -0.021977 0.000000 -0.341475 0.939891 B 2.000000 4.000000 18.000000 C[purple]
4.837047 10.832055 -77.370262 0.003822 0.939884 0.341473 -0.999993 0.003592 0.001305 0.000000 -0.341475 0.939891 B 2.000000 4.000000 18.000000 C[purple]
4.809325 4.876425 -59.977024 0.074641 0.937269 0.340523 -0.997210 0.070154 0.025488 0.000000 -0.341475 0.939891 B 2.000000 4.000000 18.000000 C[purple]
4.753272 -1.583616 -42.568140 0.070896 0.937526 0.340616 -0.997484 0.066634 0.024209 -0.000000 -0.341475 0.939891 B 2.000000 4.000000 18.000000 C[purple]
4.749748 -7.930746 -25.655451 -0.111647 0.934014 0.339340 -0.993748 -0.104936 -0.038125 0.000000 -0.341475 0.939891 B 2.000000 4.000000 18.000000 C[purple]
5.136379 -14.150382 -8.306516 -0.015614 0.939776 0.341434 -0.999878 -0.014675 -0.005332 0.000000 -0.341475 0.939891 B 2.000000 4.000000 18.000000 C[purple]
5.205755 -20.423888 8.700621 -0.211719 0.918584 0.333734 -0.977331 -0.198993 -0.072297 0.000000 -0.341475 0.939891 B 2.000000 4.000000 18.000000 C[purple]
5.527828 -26.745381 25.931040 0.060325 0.938179 0.340854 -0.998179 0.056699 0.020600 0.000000 -0.341475 0.939891 B 2.000000 4.000000 18.000000 C[purple]
5.503040 29.116837 43.322730 0.025026 0.939596 0.341368 -0.999687 0.023522 0.008546 0.000000 -0.341475 0.939891 B 2.000000 4.000000 18.000000 C[purple]
5.082334 22.979410 60.347670 0.122292 0.932836 0.338912 -0.992494 0.114941 0.041760 0.000000 -0.341475 0.939891 B 2.000000 4.000000 18.000000 C[purple]
-22.551572 29.264213 77.257091 -0.363670 -0.875534 -0.318094 0.931528 -0.341810 -0.124184 0.000000 -0.341475 0.939891 B 2.000000 4.000000 18.000000 C[purple]
-22.618569 23.116149 -77.630268 -0.366747 -0.874400 -0.317682 0.930321 -0.344702 -0.125235 -0.000000 -0.341475 0.939891 B 2.000000 4.000000 18.000000 C[purple]
-22.824386 16.853486 -60.632587 -0.140882 -0.930517 -0.338070 0.990026 -0.132414 -0.048108 -0.000000 -0.341475 0.939891 B 2.000000 4.000000 18.000000 C[purple]
-22.772559 10.653458 -43.430102 -0.150611 -0.929169 -0.337580 0.988593 -0.141558 -0.051430 0.000000 -0.341475 0.939891 B 2.000000 4.000000 18.000000 C[purple]
-22.686418 4.311438 -26.526111 -0.276565 -0.903231 -0.328156 0.960995 -0.259941 -0.094440 0.000000 -0.341475 0.939891 B 2.000000 4.000000 18.000000 C[purple]
-22.502821 -1.907761 -9.101141 -0.152001 -0.928970 -0.337508 0.988380 -0.142864 -0.051905 -0.000000 -0.341475 0.939891 B 2.000000 4.000000 18.000000 C[purple]
-22.827214 -7.997723 8.229610 -0.321948 -0.889848 -0.323294 0.946757 -0.302596 -0.109937 -0.000000 -0.341475 0.939891 B 2.000000 4.000000 18.000000 C[purple]
-22.521685 -14.563592 25.488829 -0.295503 -0.897917 -0.326226 0.955342 -0.277740 -0.100907 0.000000 -0.341475 0.939891 B 2.000000 4.000000 18.000000 C[purple]
-22.681388 -20.854697 42.771538 -0.263436 -0.906691 -0.329413 0.964677 -0.247601 -0.089957 0.000000 -0.341475 0.939891 B 2.000000 4.000000 18.000000 C[purple]
-22.843140 -26.949117 60.003855 -0.245972 -0.911014 -0.330984 0.969277 -0.231187 -0.083993 -0.000000 -0.341475 0.939891 B 2.000000 4.000000 18.000000 C[purple]
7.734784 -17.279680 77.439577 0.438588 0.844669 0.306880 -0.898688 0.412225 0.149767 -0.000000 -0.341475 0.939891 B 2.000000 4.000000 18.000000 C[purple]
7.822074 -23.509866 -77.672099 0.706420 0.665248 0.241694 -0.707792 0.663958 0.241225 -0.000000 -0.341475 0.939891 B 2.000000 4.000000 18.000000 C[purple]
7.483745 -29.684179 -60.412888 0.805239 0.557308 0.202478 -0.592950 0.756837 0.274969 -0.000000 -0.341475 0.939891 B 2.000000 4.000000 18.000000 C[purple]
7.375987 26.873726 -43.215668 0.924873 0.357419 0.129855 -0.380277 0.869279 0.315821 0.000000 -0.341475 0.939891 B 2.000000 4.000000 18.000000 C[purple]
7.598108 20.567539 -25.683498 0.873284 0.457926 0.166371 -0.487211 0.820792 0.298205 0.000000 -0.341475 0.939891 B 2.000000 4.000000 18.000000 C[purple]
7.670307 14.187752 -8.739639 0.678587 0.690369 0.250821 -0.734520 0.637797 0.231721 -0.000000 -0.341475 0.939891 B 2.000000 4.000000 18.000000 C[purple]
7.775975 7.724852 8.210715 0.586414 0.761322 0.276599 -0.810012 0.551165 0.200246 0.000000 -0.341475 0.939891 B 2.000000 4.000000 18.000000 C[purple]
7.912178 1.360853 25.288322 0.454025 0.837432 0.304251 -0.890989 0.426733 0.155038 -0.000000 -0.341475 0.939891 B 2.000000 4.000000 18.000000 C[purple]
7.866230 -5.240062 42.772968 0.459636 0.834724 0.303267 -0.888107 0.432008 0.156954 -0.000000 -0.341475 0.939891 B 2.000000 4.000000 18.000000 C[purple]
7.905207 -11.289145 59.928178 0.505851 0.810770 0.294564 -0.862621 0.475444 0.172736 0.000000 -0.341475 0.939891 B 2.000000 4.000000 18.000000 C[purple]
28.664795 22.617219 -77.353889 0.669201 0.698415 0.253744 -0.743082 0.628976 0.228516 0.000000 -0.341475 0.939891 B 2.000000 4.000000 18.000000 C[purple]
28.816568 15.997940 -60.166576 0.701271 0.670043 0.243436 -0.712895 0.659118 0.239467 0.000000 -0.341475 0.939891 B 2.000000 4.000000 18.000000 C[purple]
28.767582 10.001201 -42.596228 0.659300 0.706685 0.256748 -0.751880 0.619670 0.225135 0.000000 -0.341475 0.939891 B 2.000000 4.000000 18.000000 C[purple]
28.550765 4.028810 -25.403827 0.556120 0.781145 0.283801 -0.831102 0.522692 0.189901 -0.000000 -0.341475 0.939891 B 2.000000 4.000000 18.000000 C[purple]
28.860186 -2.439564 -8.413410 0.462855 0.833151 0.302695 -0.886434 0.435033 0.158054 0.000000 -0.341475 0.939891 B 2.000000 4.000000 18.000000 C[purple]
29.189622 -8.496561 8.969092 0.438071 0.844906 0.306966 -0.898940 0.411739 0.149590 0.000000 -0.341475 0.939891 B 2.000000 4.000000 18.000000 C[purple]
28.942879 -14.720239 26.070234 0.322547 0.889657 0.323225 -0.946553 0.303159 0.110142 -0.000000 -0.341475 0.939891 B 2.000000 4.000000 18.000000 C[purple]
28.724878 -21.165850 43.211458 0.132969 0.931545 0.338443 -0.991120 0.124976 0.045406 -0.000000 -0.341475 0.939891 B 2.000000 4.000000 18.000000 C[purple]
28.939535 -27.266592 60.546926 0.351349 0.879968 0.319705 -0.936245 0.330229 0.119977 -0.000000 -0.341475 0.939891 B 2.000000 4.000000 18.000000 C[purple]
28.709370 28.930703 77.556668 0.556997 0.780593 0.283600 -0.830515 0.523516 0.190201 -0.000000 -0.341475 0.939891 B 2.000000 4.000000 18.000000 C[purple]
-18.189534 1.835610 -77.361311 0.856396 -0.485285 -0.176311 0.516320 0.804918 0.292438 0.000000 -0.341475 0.939891 B 2.000000 4.000000 18.000000 C[purple]
-18.356906 -4.346547 -59.970049 0.882224 -0.442529 -0.160777 0.470830 0.829194 0.301258 0.000000 -0.341475 0.939891 B 2.000000 4.000000 18.000000 C[purple]
-18.148617 -10.607247 -42.950636 0.877364 -0.450983 -0.163848 0.479825 0.824627 0.299598 -0.000000 -0.341475 0.939891 B 2.000000 4.000000 18.000000 C[purple]
-18.189181 -16.774143 -25.823547 0.669340 -0.698298 -0.253701 0.742956 0.629106 0.228563 0.000000 -0.341475 0.939891 B 2.000000 4.000000 18.000000 C[purple]
-18.450884 -23.256325 -8.707839 0.575117 -0.768897 -0.279351 0.818071 0.540547 0.196388 -0.000000 -0.341475 0.939891 B 2.000000 4.000000 18.000000 C[purple]
-18.269587 -29.153832 8.622300 0.668632 -0.698897 -0.253919 0.743594 0.628441 0.228321 0.000000 -0.341475 0.939891 B 2.000000 4.000000 18.000000 C[purple]
-18.359083 27.179829 25.944163 0.743699 -0.628331 -0.228281 0.668515 0.698996 0.253955 0.000000 -0.341475 0.939891 B 2.000000 4.000000 18.000000 C[purple]
-18.130322 21.024759 43.212835 0.809032 -0.552434 -0.200707 0.587765 0.760402 0.276265 0.000000 -0.341475 0.939891 B 2.000000 4.000000 18.000000 C[purple]
-17.916260 14.815646 60.271431 0.833795 -0.518889 -0.188520 0.552074 0.783677 0.284721 -0.000000 -0.341475 0.939891 B 2.000000 4.000000 18.000000 C[purple]
-18.111208 8.182647 77.639488 0.862347 -0.475883 -0.172895 0.506317 0.810512 0.294470 0.000000 -0.341475 0.939891 B 2.000000 4.000000 18.000000 C[purple]
48.463799 20.307149 -76.996110 0.969814 -0.229190 -0.083268 0.243847 0.911519 0.331168 0.000000 -0.341475 0.939891 B 2.000000 4.000000 18.000000 C[purple]
48.463248 13.973183 -59.962654 0.897138 -0.415197 -0.150847 0.441750 0.843212 0.306351 0.000000 -0.341475 0.939891 B 2.000000 4.000000 18.000000 C[purple]
48.073922 7.926125 -42.753777 0.903139 -0.403541 -0.146612 0.429348 0.848852 0.308400 -0.000000 -0.341475 0.939891 B 2.000000 4.000000 18.000000 C[purple]
48.078628 1.648603 -25.393707 0.954162 -0.281302 -0.102201 0.299292 0.896808 0.325823 0.000000 -0.341475 0.939891 B 2.000000 4.000000 18.000000 C[purple]
48.018604 -4.901285 -8.540828 0.957562 -0.270902 -0.098422 0.288227 0.900004 0.326984 0.000000 -0.341475 0.939891 B 2.000000 4.000000 18.000000 C[purple]
47.811215 -11.472245 8.555341 0.983128 -0.171922 -0.062462 0.182917 0.924033 0.335714 -0.000000 -0.341475 0.939891 B 2.000000 4.000000 18.000000 C[purple]
48.038123 -17.675039 25.930536 0.951928 -0.287909 -0.104601 0.306322 0.894708 0.325060 0.000000 -0.341475 0.939891 B 2.000000 4.000000 18.000000 C[purple]
48.087158 -23.531121 43.212364 0.976650 -0.201923 -0.073361 0.214837 0.917944 0.333502 0.000000 -0.341475 0.939891 B 2.000000 4.000000 18.000000 C[purple]
48.102605 -29.691821 60.541407 0.995458 0.089479 0.032509 -0.095202 0.935622 0.339924 -0.000000 -0.341475 0.939891 B 2.000000 4.000000 18.000000 C[purple]
48.188422 26.514420 77.695427 0.993367 -0.108077 -0.039266 0.114989 0.933656 0.339210 0.000000 -0.341475 0.939891 B 2.000000 4.000000 18.000000 C[purple]
-32.754617 28.196222 77.133332 0.966898 -0.239826 -0.087132 0.255164 0.908778 0.330172 -0.000000 -0.341475 0.939891 B 2.000000 4.000000 18.000000 C[purple]
-32.855206 21.927177 -77.435860 0.996711 -0.076166 -0.027672 0.081037 0.936800 0.340352 0.000000 -0.341475 0.939891 B 2.000000 4.000000 18.000000 C[purple]
-32.799014 15.592365 -60.457762 0.993902 -0.103639 -0.037653 0.110267 0.934159 0.339393 -0.000000 -0.341475 0.939891 B 2.000000 4.000000 18.000000 C[purple]
-32.802411 9.613049 -43.204375 0.990287 0.130679 0.047478 -0.139037 0.930762 0.338159 -0.000000 -0.341475 0.939891 B 2.000000 4.000000 18.000000 C[purple]
-32.757727 3.383638 -26.198955 0.995345 -0.090582 -0.032910 0.096375 0.935516 0.339886 0.000000 -0.341475 0.939891 B 2.000000 4.000000 18.000000 C[purple]
-32.767777 -2.714558 -8.900642 0.911642 -0.386280 -0.140341 0.410984 0.856844 0.311303 -0.000000 -0.341475 0.939891 B 2.000000 4.000000 18.000000 C[purple]
-32.905069 -9.241266 8.191596 0.856589 -0.484983 -0.176201 0.515999 0.805100 0.292504 -0.000000 -0.341475 0.939891 B 2.000000 4.000000 18.000000 C[purple]
-32.931501 -15.401101 25.477125 0.952915 -0.285011 -0.103548 0.303238 0.895636 0.325397 -0.000000 -0.341475 0.939891 B 2.000000 4.000000 18.000000 C[purple]
-32.953816 -21.901725 42.914914 0.987756 -0.146629 -0.053272 0.156006 0.928383 0.337294 0.000000 -0.341475 0.939891 B 2.000000 4.000000 18.000000 C[purple]
-32.896374 -27.986072 60.008533 0.938043 -0.325689 -0.118327 0.346518 0.881658 0.320319 0.000000 -0.341475 0.939891 B 2.000000 4.000000 18.000000 C[purple]
-10.386380 12.616491 77.597203 0.351791 -0.879812 -0.319648 0.936079 0.330645 0.120128 0.000000 -0.341475 0.939891 B 2.000000 4.000000 18.000000 C[purple]
-10.479212 6.419931 -77.442167 0.207541 -0.919426 -0.334040 0.978226 0.195066 0.070870 0.000000 -0.341475 0.939891 B 2.000000 4.000000 18.000000 C[purple]
-10.390501 -0.238134 -60.166590 0.250758 -0.909861 -0.330565 0.968050 0.235685 0.085628 0.000000 -0.341475 0.939891 B 2.000000 4.000000 18.000000 C[purple]
-10.642893 -6.494375 -43.141836 0.464158 -0.832510 -0.302463 0.885752 0.436258 0.158499 0.000000 -0.341475 0.939891 B 2.000000 4.000000 18.000000 C[purple]
-10.272769 -12.698558 -25.925346 0.548784 -0.785715 -0.285461 0.835964 0.515797 0.187396 0.000000 -0.341475 0.939891 B 2.000000 4.000000 18.000000 C[purple]
-10.031149 -18.686839 -8.782840 0.396067 -0.863028 -0.313550 0.918222 0.372260 0.135247 0.000000 -0.341475 0.939891 B 2.000000 4.000000 18.000000 C[purple]
-10.283046 -24.985226 8.191658 0.287859 -0.900108 -0.327022 0.957673 0.270556 0.098297 -0.000000 -0.341475 0.939891 B 2.000000 4.000000 18.000000 C[purple]
-10.391519 -31.175339 25.701797 0.264611 -0.906389 -0.329304 0.964355 0.248705 0.090358 0.000000 -0.341475 0.939891 B 2.000000 4.000000 18.000000 C[purple]
-10.306126 25.080386 43.342215 0.298149 -0.897144 -0.325945 0.954519 0.280228 0.101811 0.000000 -0.341475 0.939891 B 2.000000 4.000000 18.000000 C[purple]
-10.017531 18.671645 60.401070 0.383357 -0.868083 -0.315387 0.923600 0.360313 0.130907 0.000000 -0.341475 0.939891 B 2.000000 4.000000 18.000000 C[purple]
16.685185 -3.354662 -76.812833 0.561159 -0.777955 -0.282642 0.827708 0.527428 0.191622 -0.000000 -0.341475 0.939891 B 2.000000 4.000000 18.000000 C[purple]
16.496040 -9.916796 -59.874488 0.602159 -0.750386 -0.272626 0.798376 0.565964 0.205623 0.000000 -0.341475 0.939891 B 2.000000 4.000000 18.000000 C[purple]
16.273473 -16.465817 -42.524399 0.805169 -0.557398 -0.202510 0.593045 0.756771 0.274945 0.000000 -0.341475 0.939891 B 2.000000 4.000000 18.000000 C[purple]
16.386798 -22.320258 -25.350089 0.892709 -0.423547 -0.153881 0.450634 0.839049 0.304838 -0.000000 -0.341475 0.939891 B 2.000000 4.000000 18.000000 C[purple]
16.495468 -28.684476 -8.090856 0.934476 -0.334626 -0.121574 0.356027 0.878305 0.319101 -0.000000 -0.341475 0.939891 B 2.000000 4.000000 18.000000 C[purple]
16.270117 27.488226 9.017926 0.883633 -0.440038 -0.159872 0.468180 0.830518 0.301739 -0.000000 -0.341475 0.939891 B 2.000000 4.000000 18.000000 C[purple]
16.274690 21.315369 26.366558 0.870864 -0.461979 -0.167844 0.491525 0.818517 0.297379 -0.000000 -0.341475 0.939891 B 2.000000 4.000000 18.000000 C[purple]
16.410398 15.414345 43.457101 0.739331 -0.632868 -0.229930 0.673342 0.694891 0.252463 0.000000 -0.341475 0.939891 B 2.000000 4.000000 18.000000 C[purple]
16.572449 9.356638 60.453294 0.620789 -0.736854 -0.267709 0.783978 0.583473 0.211984 -0.000000 -0.341475 0.939891 B 2.000000 4.000000 18.000000 C[purple]
16.530056 2.880058 77.913500 0.792320 -0.573432 -0.208336 0.610105 0.744695 0.270558 0.000000 -0.341475 0.939891 B 2.000000 4.000000 18.000000 C[purple]
-26.789084 -5.669148 -77.895808 0.999944 -0.009986 -0.003628 0.010625 0.939838 0.341456 -0.000000 -0.341475 0.939891 B 2.000000 4.000000 18.000000 C[purple]
-26.838982 -11.767743 -60.689109 0.993731 0.105080 0.038177 -0.111800 0.933998 0.339335 0.000000 -0.341475 0.939891 B 2.000000 4.000000 18.000000 C[purple]
-26.905933 -18.303441 -43.490925 0.995377 -0.090273 -0.032798 0.096047 0.935545 0.339897 -0.000000 -0.341475 0.939891 B 2.000000 4.000000 18.000000 C[purple]
-26.706527 -24.502964 -26.033729 0.966396 -0.241607 -0.087779 0.257059 0.908306 0.330000 0.000000 -0.341475 0.939891 B 2.000000 4.000000 18.000000 C[purple]
-26.540419 -30.505054 -8.890783 0.945926 -0.304885 -0.110769 0.324384 0.889067 0.323010 -0.000000 -0.341475 0.939891 B 2.000000 4.000000 18.000000 C[purple]
-26.559026 25.699076 8.263322 0.788458 -0.578115 -0.210037 0.615088 0.741065 0.269239 0.000000 -0.341475 0.939891 B 2.000000 4.000000 18.000000 C[purple]
-26.783322 19.270011 25.407621 0.788112 -0.578533 -0.210189 0.615532 0.740739 0.269121 -0.000000 -0.341475 0.939891 B 2.000000 4.000000 18.000000 C[purple]
-26.803997 12.855009 42.650117 0.879880 -0.446632 -0.162268 0.475196 0.826991 0.300457 -0.000000 -0.341475 0.939891 B 2.000000 4.000000 18.000000 C[purple]
-26.692143 6.586306 59.757826 0.903848 -0.402136 -0.146102 0.427854 0.849518 0.308642 -0.000000 -0.341475 0.939891 B 2.000000 4.000000 18.000000 C[purple]
-26.539200 0.569434 76.813450 0.973780 -0.213817 -0.077683 0.227491 0.915247 0.332522 -0.000000 -0.341475 0.939891 B 2.000000 4.000000 18.000000 C[purple]
24.025685 -5.795194 77.406785 -0.290055 0.899485 0.326795 -0.957010 -0.272620 -0.099047 0.000000 -0.341475 0.939891 B 2.000000 4.000000 18.000000 C[purple]
24.187119 -12.170309 -77.494280 -0.063173 0.938013 0.340793 -0.998003 -0.059375 -0.021572 0.000000 -0.341475 0.939891 B 2.000000 4.000000 18.000000 C[purple]
24.549839 -18.377902 -60.316404 -0.233825 0.913836 0.332009 -0.972279 -0.219770 -0.079845 -0.000000 -0.341475 0.939891 B 2.000000 4.000000 18.000000 C[purple]
24.639606 -24.571532 -43.215700 -0.473562 0.827819 0.300758 -0.880761 -0.445096 -0.161710 -0.000000 -0.341475 0.939891 B 2.000000 4.000000 18.000000 C[purple]
24.232414 -30.890106 -26.086976 -0.548006 0.786194 0.285635 -0.836474 -0.515066 -0.187131 -0.000000 -0.341475 0.939891 B 2.000000 4.000000 18.000000 C[purple]
24.209331 25.478482 -8.549616 -0.647352 0.716377 0.260270 -0.762192 -0.608440 -0.221055 0.000000 -0.341475 0.939891 B 2.000000 4.000000 18.000000 C[purple]
24.087678 19.314226 8.599905 -0.583505 0.763294 0.277315 -0.812109 -0.548431 -0.199253 0.000000 -0.341475 0.939891 B 2.000000 4.000000 18.000000 C[purple]
