-31.211882 -29.757613 77.110723 -0.275372 -0.903552 -0.328273 0.961338 -0.258820 -0.094033 0.000000 -0.341475 0.939891 B 2.000000 4.000000 18.000000 C[purple]
-31.604130 26.601182 -77.613639 -0.206080 -0.919716 -0.334146 0.978535 -0.193692 -0.070371 0.000000 -0.341475 0.939891 B 2.000000 4.000000 18.000000 C[purple]
-31.251473 20.403356 -60.385809 -0.362996 -0.875781 -0.318184 0.931791 -0.341177 -0.123954 -0.000000 -0.341475 0.939891 B 2.000000 4.000000 18.000000 C[purple]
-31.428849 14.019908 -43.374889 -0.470211 -0.829504 -0.301370 0.882554 -0.441947 -0.160565 0.000000 -0.341475 0.939891 B 2.000000 4.000000 18.000000 C[purple]
-31.460349 7.888482 -26.259719 -0.784654 -0.582670 -0.211692 0.619934 -0.737489 -0.267940 -0.000000 -0.341475 0.939891 B 2.000000 4.000000 18.000000 C[purple]
-31.148285 1.739683 -8.926351 -0.765534 -0.604722 -0.219704 0.643396 -0.719518 -0.261411 0.000000 -0.341475 0.939891 B 2.000000 4.000000 18.000000 C[purple]
-30.986979 -4.580975 8.195912 -0.627576 -0.731757 -0.265857 0.778555 -0.589853 -0.214302 -0.000000 -0.341475 0.939891 B 2.000000 4.000000 18.000000 C[purple]
-30.741009 -11.070441 25.572699 -0.455841 -0.836560 -0.303934 0.890061 -0.428441 -0.155658 -0.000000 -0.341475 0.939891 B 2.000000 4.000000 18.000000 C[purple]
-30.973752 -17.442955 42.794459 -0.292444 -0.898801 -0.326547 0.956283 -0.274865 -0.099862 0.000000 -0.341475 0.939891 B 2.000000 4.000000 18.000000 C[purple]
-31.073124 -23.856987 59.788531 -0.336483 -0.885085 -0.321564 0.941690 -0.316257 -0.114901 -0.000000 -0.341475 0.939891 B 2.000000 4.000000 18.000000 C[purple]
23.108013 -13.482708 77.971809 0.844391 -0.503525 -0.182938 0.535727 0.793636 0.288339 0.000000 -0.341475 0.939891 B 2.000000 4.000000 18.000000 C[purple]
22.828056 -19.725941 -76.950816 0.939116 -0.322946 -0.117331 0.343600 0.882667 0.320685 -0.000000 -0.341475 0.939891 B 2.000000 4.000000 18.000000 C[purple]
22.955877 -25.665129 -59.850934 0.899682 -0.410305 -0.149069 0.436545 0.845603 0.307219 0.000000 -0.341475 0.939891 B 2.000000 4.000000 18.000000 C[purple]
22.694367 30.569350 -42.825925 0.874717 -0.455503 -0.165490 0.484634 0.822139 0.298694 -0.000000 -0.341475 0.939891 B 2.000000 4.000000 18.000000 C[purple]
22.471351 24.281693 -25.478313 0.852382 -0.491487 -0.178564 0.522919 0.801146 0.291068 0.000000 -0.341475 0.939891 B 2.000000 4.000000 18.000000 C[purple]
22.594368 17.930457 -8.156346 0.947157 -0.301488 -0.109535 0.320770 0.890224 0.323431 0.000000 -0.341475 0.939891 B 2.000000 4.000000 18.000000 C[purple]
22.680017 11.864387 9.016794 0.951025 -0.290534 -0.105555 0.309114 0.893859 0.324752 -0.000000 -0.341475 0.939891 B 2.000000 4.000000 18.000000 C[purple]
22.828294 5.501588 26.254752 0.901292 -0.407172 -0.147931 0.433212 0.847116 0.307769 0.000000 -0.341475 0.939891 B 2.000000 4.000000 18.000000 C[purple]
22.689302 -0.786896 43.290993 0.893291 -0.422461 -0.153486 0.449479 0.839596 0.305037 0.000000 -0.341475 0.939891 B 2.000000 4.000000 18.000000 C[purple]
23.053877 -7.015606 60.634122 0.923146 -0.361341 -0.131280 0.384450 0.867656 0.315232 -0.000000 -0.341475 0.939891 B 2.000000 4.000000 18.000000 C[purple]
-27.303419 -15.646807 77.629365 0.409683 -0.857394 -0.311503 0.912228 0.385058 0.139897 -0.000000 -0.341475 0.939891 B 2.000000 4.000000 18.000000 C[purple]
-27.613387 -21.888785 -77.429717 0.386984 -0.866661 -0.314870 0.922087 0.363722 0.132145 0.000000 -0.341475 0.939891 B 2.000000 4.000000 18.000000 C[purple]
-27.611674 -28.175628 -60.409802 0.587267 -0.760741 -0.276388 0.809393 0.551967 0.200537 0.000000 -0.341475 0.939891 B 2.000000 4.000000 18.000000 C[purple]
-27.283298 28.175744 -43.231980 0.411939 -0.856439 -0.311156 0.911212 0.387177 0.140667 -0.000000 -0.341475 0.939891 B 2.000000 4.000000 18.000000 C[purple]
-27.585581 21.816045 -25.982263 0.299546 -0.896733 -0.325796 0.954082 0.281540 0.102288 0.000000 -0.341475 0.939891 B 2.000000 4.000000 18.000000 C[purple]
-27.398378 15.444806 -8.575589 0.183238 -0.923977 -0.335694 0.983069 0.172223 0.062571 0.000000 -0.341475 0.939891 B 2.000000 4.000000 18.000000 C[purple]
-27.357335 9.230798 8.423554 0.386302 -0.866929 -0.314967 0.922372 0.363082 0.131913 0.000000 -0.341475 0.939891 B 2.000000 4.000000 18.000000 C[purple]
-27.369393 2.940600 25.781533 0.343633 -0.882655 -0.320681 0.939104 0.322977 0.117342 -0.000000 -0.341475 0.939891 B 2.000000 4.000000 18.000000 C[purple]
-27.428072 -3.531537 43.240467 0.301175 -0.896250 -0.325620 0.953569 0.283072 0.102844 0.000000 -0.341475 0.939891 B 2.000000 4.000000 18.000000 C[purple]
-27.409455 -9.578825 60.512340 0.513737 -0.806377 -0.292968 0.857948 0.482856 0.175428 0.000000 -0.341475 0.939891 B 2.000000 4.000000 18.000000 C[purple]
-45.933291 5.051365 -77.574345 0.770337 0.599309 0.217737 -0.637636 0.724033 0.263051 0.000000 -0.341475 0.939891 B 2.000000 4.000000 18.000000 C[purple]
-45.931351 -1.297813 -60.375997 0.698783 0.672336 0.244269 -0.715334 0.656779 0.238617 0.000000 -0.341475 0.939891 B 2.000000 4.000000 18.000000 C[purple]
-45.982884 -7.266913 -43.027904 0.682240 0.687181 0.249662 -0.731128 0.641231 0.232968 0.000000 -0.341475 0.939891 B 2.000000 4.000000 18.000000 C[purple]
-46.012622 -13.676198 -25.447801 0.720010 0.652250 0.236971 -0.693964 0.676731 0.245866 0.000000 -0.341475 0.939891 B 2.000000 4.000000 18.000000 C[purple]
-45.694538 -19.944479 -8.132012 0.748660 0.623104 0.226382 -0.662954 0.703659 0.255649 0.000000 -0.341475 0.939891 B 2.000000 4.000000 18.000000 C[purple]
-45.545795 -26.435842 9.411895 0.811915 0.548685 0.199345 -0.583776 0.763111 0.277249 0.000000 -0.341475 0.939891 B 2.000000 4.000000 18.000000 C[purple]
-45.751944 29.439756 26.379543 0.805714 0.556702 0.202258 -0.592305 0.757283 0.275131 0.000000 -0.341475 0.939891 B 2.000000 4.000000 18.000000 C[purple]
-45.662186 23.524103 43.455589 0.827289 0.528008 0.191833 -0.561776 0.777562 0.282499 0.000000 -0.341475 0.939891 B 2.000000 4.000000 18.000000 C[purple]
-45.744506 17.411907 60.435612 0.696330 0.674580 0.245084 -0.717722 0.654474 0.237780 -0.000000 -0.341475 0.939891 B 2.000000 4.000000 18.000000 C[purple]
-46.005388 11.469162 77.464478 0.638594 0.723287 0.262780 -0.769544 0.600208 0.218064 0.000000 -0.341475 0.939891 B 2.000000 4.000000 18.000000 C[purple]
19.772536 30.330686 77.378673 0.048639 0.938778 0.341071 -0.998816 0.045715 0.016609 0.000000 -0.341475 0.939891 B 2.000000 4.000000 18.000000 C[purple]
19.783293 24.355626 -77.272270 0.143547 0.930157 0.337939 -0.989644 0.134918 0.049018 -0.000000 -0.341475 0.939891 B 2.000000 4.000000 18.000000 C[purple]
19.797476 17.989657 -60.417396 0.058398 0.938287 0.340893 -0.998293 0.054888 0.019941 0.000000 -0.341475 0.939891 B 2.000000 4.000000 18.000000 C[purple]
19.828813 11.738925 -43.054938 -0.330456 0.887089 0.322292 -0.943821 -0.310592 -0.112843 0.000000 -0.341475 0.939891 B 2.000000 4.000000 18.000000 C[purple]
19.730004 5.428308 -26.154570 -0.412344 0.856267 0.311094 -0.911028 -0.387558 -0.140805 0.000000 -0.341475 0.939891 B 2.000000 4.000000 18.000000 C[purple]
19.749418 -0.805748 -8.882188 -0.338204 0.884506 0.321353 -0.941073 -0.317874 -0.115488 0.000000 -0.341475 0.939891 B 2.000000 4.000000 18.000000 C[purple]
19.389952 -6.981379 8.459814 -0.264710 0.906363 0.329294 -0.964328 -0.248798 -0.090392 0.000000 -0.341475 0.939891 B 2.000000 4.000000 18.000000 C[purple]
19.547256 -13.342162 25.688404 -0.165675 0.926902 0.336756 -0.986180 -0.155716 -0.056574 -0.000000 -0.341475 0.939891 B 2.000000 4.000000 18.000000 C[purple]
19.624022 -19.548596 43.098094 -0.050506 0.938691 0.341040 -0.998724 -0.047470 -0.017246 -0.000000 -0.341475 0.939891 B 2.000000 4.000000 18.000000 C[purple]
19.778350 -26.003247 60.227309 0.023576 0.939629 0.341380 -0.999722 0.022159 0.008051 0.000000 -0.341475 0.939891 B 2.000000 4.000000 18.000000 C[purple]
-21.487997 3.628778 -77.381010 0.968882 -0.232645 -0.084523 0.247523 0.910643 0.330849 0.000000 -0.341475 0.939891 B 2.000000 4.000000 18.000000 C[purple]
-21.422186 -2.395876 -60.047561 0.989444 -0.136202 -0.049484 0.144913 0.929970 0.337871 0.000000 -0.341475 0.939891 B 2.000000 4.000000 18.000000 C[purple]
-21.660115 -8.840064 -43.112338 0.982035 -0.177356 -0.064436 0.188698 0.923006 0.335341 -0.000000 -0.341475 0.939891 B 2.000000 4.000000 18.000000 C[purple]
-21.652242 -14.768139 -25.889775 0.898361 -0.412854 -0.149996 0.439258 0.844361 0.306768 -0.000000 -0.341475 0.939891 B 2.000000 4.000000 18.000000 C[purple]
-21.857253 -20.962353 -8.825895 0.850976 -0.493635 -0.179344 0.525205 0.799824 0.290587 -0.000000 -0.341475 0.939891 B 2.000000 4.000000 18.000000 C[purple]
-21.728136 -27.420187 8.260638 0.945132 -0.307053 -0.111557 0.326690 0.888320 0.322739 -0.000000 -0.341475 0.939891 B 2.000000 4.000000 18.000000 C[purple]
-21.870372 28.946546 25.521337 0.999564 -0.027742 -0.010079 0.029516 0.939481 0.341327 -0.000000 -0.341475 0.939891 B 2.000000 4.000000 18.000000 C[purple]
-21.678899 22.510524 42.576297 0.980259 0.185832 0.067516 -0.197717 0.921336 0.334734 -0.000000 -0.341475 0.939891 B 2.000000 4.000000 18.000000 C[purple]
-21.690913 16.095780 60.107359 0.999235 0.036760 0.013355 -0.039111 0.939172 0.341214 0.000000 -0.341475 0.939891 B 2.000000 4.000000 18.000000 C[purple]
-21.731472 9.590368 77.268377 0.955498 -0.277266 -0.100735 0.294998 0.898064 0.326279 0.000000 -0.341475 0.939891 B 2.000000 4.000000 18.000000 C[purple]
-21.083093 -10.338403 -77.653217 -0.640406 -0.721870 -0.262265 0.768036 -0.601912 -0.218683 -0.000000 -0.341475 0.939891 B 2.000000 4.000000 18.000000 C[purple]
-20.969956 -16.777330 -60.059345 -0.518500 -0.803680 -0.291988 0.855078 -0.487333 -0.177055 0.000000 -0.341475 0.939891 B 2.000000 4.000000 18.000000 C[purple]
-20.595650 -22.921857 -43.079407 -0.470721 -0.829249 -0.301278 0.882282 -0.442426 -0.160740 -0.000000 -0.341475 0.939891 B 2.000000 4.000000 18.000000 C[purple]
-20.805085 -29.168016 -25.745151 -0.520690 -0.802428 -0.291533 0.853746 -0.489391 -0.177803 0.000000 -0.341475 0.939891 B 2.000000 4.000000 18.000000 C[purple]
-20.641812 27.081093 -8.323268 -0.655544 -0.709765 -0.257868 0.755157 -0.616140 -0.223852 -0.000000 -0.341475 0.939891 B 2.000000 4.000000 18.000000 C[purple]
-20.827252 21.221616 8.855658 -0.606436 -0.747338 -0.271518 0.795133 -0.569983 -0.207083 0.000000 -0.341475 0.939891 B 2.000000 4.000000 18.000000 C[purple]
-20.788443 14.836522 26.262900 -0.495301 -0.816503 -0.296647 0.868721 -0.465529 -0.169133 0.000000 -0.341475 0.939891 B 2.000000 4.000000 18.000000 C[purple]
-20.581914 8.387360 43.088567 -0.459233 -0.834920 -0.303338 0.888316 -0.431629 -0.156817 -0.000000 -0.341475 0.939891 B 2.000000 4.000000 18.000000 C[purple]
-20.802771 2.202478 60.148932 -0.602056 -0.750459 -0.272652 0.798454 -0.565867 -0.205587 0.000000 -0.341475 0.939891 B 2.000000 4.000000 18.000000 C[purple]
-21.103198 -3.848499 77.210708 -0.683653 -0.685939 -0.249211 0.729807 -0.642560 -0.233451 0.000000 -0.341475 0.939891 B 2.000000 4.000000 18.000000 C[purple]
34.635440 22.459923 -77.715144 0.981678 0.179095 0.065068 -0.190549 0.922670 0.335219 0.000000 -0.341475 0.939891 B 2.000000 4.000000 18.000000 C[purple]
34.468058 15.804964 -60.514418 0.970390 0.227025 0.082481 -0.241544 0.912060 0.331364 -0.000000 -0.341475 0.939891 B 2.000000 4.000000 18.000000 C[purple]
34.613585 9.403801 -43.203692 0.909652 0.390404 0.141839 -0.415372 0.854973 0.310624 0.000000 -0.341475 0.939891 B 2.000000 4.000000 18.000000 C[purple]
34.682060 3.018719 -25.970217 0.935352 0.332456 0.120786 -0.353717 0.879129 0.319400 -0.000000 -0.341475 0.939891 B 2.000000 4.000000 18.000000 C[purple]
34.456877 -3.023232 -8.577783 0.914388 0.380504 0.138242 -0.404838 0.859425 0.312241 0.000000 -0.341475 0.939891 B 2.000000 4.000000 18.000000 C[purple]
34.782855 -9.143698 8.425883 0.949657 0.294461 0.106982 -0.313292 0.892574 0.324284 0.000000 -0.341475 0.939891 B 2.000000 4.000000 18.000000 C[purple]
34.672183 -15.408784 25.374245 0.838482 0.512174 0.186080 -0.544929 0.788081 0.286321 0.000000 -0.341475 0.939891 B 2.000000 4.000000 18.000000 C[purple]
34.848289 -21.426687 42.705771 0.928682 0.348584 0.126645 -0.370877 0.872860 0.317122 -0.000000 -0.341475 0.939891 B 2.000000 4.000000 18.000000 C[purple]
34.704372 -27.347396 59.762458 0.913992 0.381345 0.138548 -0.405733 0.859052 0.312106 0.000000 -0.341475 0.939891 B 2.000000 4.000000 18.000000 C[purple]
34.497422 28.998662 77.182911 0.960323 0.262127 0.095235 -0.278891 0.902598 0.327927 0.000000 -0.341475 0.939891 B 2.000000 4.000000 18.000000 C[purple]
-41.140432 24.842365 77.067171 0.562189 0.777298 0.282403 -0.827009 0.528396 0.191974 -0.000000 -0.341475 0.939891 B 2.000000 4.000000 18.000000 C[purple]
-41.266306 18.475925 -77.298243 0.650164 0.714123 0.259451 -0.759794 0.611083 0.222015 0.000000 -0.341475 0.939891 B 2.000000 4.000000 18.000000 C[purple]
-41.171081 12.029029 -60.185429 0.845427 0.501988 0.182379 -0.534092 0.794609 0.288692 -0.000000 -0.341475 0.939891 B 2.000000 4.000000 18.000000 C[purple]
-41.003739 5.593660 -43.287034 0.691693 0.678782 0.246611 -0.722192 0.650115 0.236196 -0.000000 -0.341475 0.939891 B 2.000000 4.000000 18.000000 C[purple]
-41.223388 -0.299804 -26.123828 0.816414 0.542756 0.197191 -0.577467 0.767340 0.278785 -0.000000 -0.341475 0.939891 B 2.000000 4.000000 18.000000 C[purple]
-41.037308 -6.344014 -8.943601 0.710285 0.661602 0.240369 -0.703914 0.667590 0.242545 0.000000 -0.341475 0.939891 B 2.000000 4.000000 18.000000 C[purple]
-41.064031 -12.787995 8.297116 0.620046 0.737406 0.267910 -0.784565 0.582776 0.211731 0.000000 -0.341475 0.939891 B 2.000000 4.000000 18.000000 C[purple]
-41.273139 -18.928569 25.602532 0.449276 0.839692 0.305072 -0.893393 0.422270 0.153417 0.000000 -0.341475 0.939891 B 2.000000 4.000000 18.000000 C[purple]
-41.024520 -25.220796 42.573661 0.357551 0.877758 0.318902 -0.933894 0.336059 0.122095 0.000000 -0.341475 0.939891 B 2.000000 4.000000 18.000000 C[purple]
-41.218995 31.029634 59.893240 0.568894 0.772976 0.280833 -0.822411 0.534698 0.194263 0.000000 -0.341475 0.939891 B 2.000000 4.000000 18.000000 C[purple]
-48.108212 -28.576525 -77.560120 0.944564 -0.308593 -0.112116 0.328329 0.887787 0.322545 0.000000 -0.341475 0.939891 B 2.000000 4.000000 18.000000 C[purple]
-48.001294 27.579765 -60.192006 0.968104 -0.235490 -0.085557 0.250550 0.909912 0.330584 -0.000000 -0.341475 0.939891 B 2.000000 4.000000 18.000000 C[purple]
-48.129371 21.386137 -42.874960 0.987390 -0.148792 -0.054058 0.158308 0.928039 0.337169 -0.000000 -0.341475 0.939891 B 2.000000 4.000000 18.000000 C[purple]
-47.866079 15.022212 -25.665866 0.981757 -0.178713 -0.064929 0.190142 0.922744 0.335246 0.000000 -0.341475 0.939891 B 2.000000 4.000000 18.000000 C[purple]
-48.057949 8.427849 -8.720366 0.970576 -0.226323 -0.082226 0.240797 0.912235 0.331428 -0.000000 -0.341475 0.939891 B 2.000000 4.000000 18.000000 C[purple]
-48.074470 2.079266 8.783692 0.989363 -0.136721 -0.049673 0.145465 0.929893 0.337843 0.000000 -0.341475 0.939891 B 2.000000 4.000000 18.000000 C[purple]
-48.206381 -3.964649 25.749606 0.972108 -0.220435 -0.080087 0.234533 0.913675 0.331951 0.000000 -0.341475 0.939891 B 2.000000 4.000000 18.000000 C[purple]
-48.071689 -10.020589 42.988127 0.960659 -0.261037 -0.094838 0.277731 0.902914 0.328041 0.000000 -0.341475 0.939891 B 2.000000 4.000000 18.000000 C[purple]
-48.026131 -16.285398 59.922966 0.908710 -0.392336 -0.142541 0.417427 0.854088 0.310302 -0.000000 -0.341475 0.939891 B 2.000000 4.000000 18.000000 C[purple]
-47.914557 -22.298002 77.370271 0.993254 -0.108986 -0.039596 0.115956 0.933551 0.339172 0.000000 -0.341475 0.939891 B 2.000000 4.000000 18.000000 C[purple]
20.716538 -12.101144 -77.805949 0.911124 -0.387360 -0.140733 0.412133 0.856357 0.311126 0.000000 -0.341475 0.939891 B 2.000000 4.000000 18.000000 C[purple]
20.962793 -17.938310 -60.555518 0.867064 -0.468250 -0.170122 0.498196 0.814946 0.296081 0.000000 -0.341475 0.939891 B 2.000000 4.000000 18.000000 C[purple]
21.117737 -24.174498 -43.327835 0.984170 -0.166575 -0.060519 0.177228 0.925012 0.336070 -0.000000 -0.341475 0.939891 B 2.000000 4.000000 18.000000 C[purple]
20.991856 -30.527750 -25.873339 0.978299 -0.194743 -0.070753 0.207197 0.919494 0.334065 -0.000000 -0.341475 0.939891 B 2.000000 4.000000 18.000000 C[purple]
20.938139 25.586649 -8.829960 0.992384 -0.115775 -0.042063 0.123179 0.932733 0.338875 -0.000000 -0.341475 0.939891 B 2.000000 4.000000 18.000000 C[purple]
20.960719 19.221617 8.340395 0.999271 0.035885 0.013037 -0.038180 0.939205 0.341226 0.000000 -0.341475 0.939891 B 2.000000 4.000000 18.000000 C[purple]
21.047567 13.026767 25.375726 0.983253 -0.171292 -0.062233 0.182246 0.924150 0.335757 0.000000 -0.341475 0.939891 B 2.000000 4.000000 18.000000 C[purple]
20.890653 6.687176 42.474249 0.913156 -0.383110 -0.139189 0.407611 0.858267 0.311820 0.000000 -0.341475 0.939891 B 2.000000 4.000000 18.000000 C[purple]
20.709816 0.221521 59.334413 0.864130 -0.473018 -0.171854 0.503269 0.812188 0.295079 0.000000 -0.341475 0.939891 B 2.000000 4.000000 18.000000 C[purple]
20.983673 -5.971014 76.721986 0.898929 -0.411762 -0.149599 0.438095 0.844895 0.306962 -0.000000 -0.341475 0.939891 B 2.000000 4.000000 18.000000 C[purple]
-20.204125 30.033014 -77.291195 0.318265 0.891018 0.323719 -0.948002 0.299134 0.108680 0.000000 -0.341475 0.939891 B 2.000000 4.000000 18.000000 C[purple]
-20.071101 23.873709 -60.040658 0.428630 0.849172 0.308516 -0.903480 0.402866 0.146367 -0.000000 -0.341475 0.939891 B 2.000000 4.000000 18.000000 C[purple]
-20.015339 17.601961 -42.501110 0.244523 0.911359 0.331109 -0.969644 0.229825 0.083498 -0.000000 -0.341475 0.939891 B 2.000000 4.000000 18.000000 C[purple]
-19.830637 11.590776 -25.455723 0.135781 0.931186 0.338313 -0.990739 0.127619 0.046366 -0.000000 -0.341475 0.939891 B 2.000000 4.000000 18.000000 C[purple]
-19.777435 5.387616 -8.245584 0.307230 0.894433 0.324960 -0.951635 0.288762 0.104911 -0.000000 -0.341475 0.939891 B 2.000000 4.000000 18.000000 C[purple]
-19.635165 -0.804957 9.039088 0.499006 0.814508 0.295922 -0.866598 0.469011 0.170398 -0.000000 -0.341475 0.939891 B 2.000000 4.000000 18.000000 C[purple]
-19.900862 -6.931619 26.151614 0.182815 0.924051 0.335721 -0.983147 0.171826 0.062427 -0.000000 -0.341475 0.939891 B 2.000000 4.000000 18.000000 C[purple]
-20.216056 -13.282534 43.450161 0.336282 0.885153 0.321588 -0.941761 0.316068 0.114832 0.000000 -0.341475 0.939891 B 2.000000 4.000000 18.000000 C[purple]
-20.160608 -19.742257 60.457087 0.454132 0.837381 0.304232 -0.890934 0.426834 0.155075 -0.000000 -0.341475 0.939891 B 2.000000 4.000000 18.000000 C[purple]
-20.362813 -25.925016 77.447240 0.488350 0.820194 0.297988 -0.872648 0.458996 0.166759 -0.000000 -0.341475 0.939891 B 2.000000 4.000000 18.000000 C[purple]
4.813984 20.721528 77.320160 0.949371 -0.295272 -0.107276 0.314156 0.892305 0.324187 0.000000 -0.341475 0.939891 B 2.000000 4.000000 18.000000 C[purple]
4.801865 14.419067 -77.348794 0.993252 -0.109006 -0.039603 0.115977 0.933548 0.339171 0.000000 -0.341475 0.939891 B 2.000000 4.000000 18.000000 C[purple]
4.529335 7.863451 -60.158158 0.977745 -0.197187 -0.071641 0.209798 0.918973 0.333876 0.000000 -0.341475 0.939891 B 2.000000 4.000000 18.000000 C[purple]
4.724005 1.609400 -43.126063 0.987448 -0.148450 -0.053934 0.157943 0.928093 0.337189 -0.000000 -0.341475 0.939891 B 2.000000 4.000000 18.000000 C[purple]
4.851961 -4.644433 -26.110814 0.979470 -0.189473 -0.068838 0.201590 0.920595 0.334465 0.000000 -0.341475 0.939891 B 2.000000 4.000000 18.000000 C[purple]
4.821634 -10.933573 -8.723280 0.931241 -0.342500 -0.124435 0.364404 0.875265 0.317996 0.000000 -0.341475 0.939891 B 2.000000 4.000000 18.000000 C[purple]
4.921710 -17.213497 8.391168 0.822175 -0.535019 -0.194380 0.569235 0.772754 0.280752 -0.000000 -0.341475 0.939891 B 2.000000 4.000000 18.000000 C[purple]
4.746389 -23.163027 25.768367 0.808947 -0.552545 -0.200747 0.587882 0.760322 0.276235 0.000000 -0.341475 0.939891 B 2.000000 4.000000 18.000000 C[purple]
4.832054 -29.654428 42.898369 0.807438 -0.554491 -0.201454 0.589952 0.758904 0.275720 0.000000 -0.341475 0.939891 B 2.000000 4.000000 18.000000 C[purple]
4.651310 26.897456 60.077471 0.816506 -0.542634 -0.197147 0.577338 0.767426 0.278817 -0.000000 -0.341475 0.939891 B 2.000000 4.000000 18.000000 C[purple]
33.680534 8.038324 -77.626243 0.606583 -0.747232 -0.271480 0.795020 0.570122 0.207133 0.000000 -0.341475 0.939891 B 2.000000 4.000000 18.000000 C[purple]
33.905226 1.829862 -60.687220 0.542937 -0.789296 -0.286762 0.839774 0.510301 0.185399 0.000000 -0.341475 0.939891 B 2.000000 4.000000 18.000000 C[purple]
33.811274 -4.530844 -43.316427 0.514910 -0.805716 -0.292728 0.857244 0.483959 0.175829 0.000000 -0.341475 0.939891 B 2.000000 4.000000 18.000000 C[purple]
33.821581 -10.823689 -26.286844 0.715541 -0.656581 -0.238545 0.698571 0.672530 0.244339 -0.000000 -0.341475 0.939891 B 2.000000 4.000000 18.000000 C[purple]
33.638177 -16.814877 -9.119766 0.610179 -0.744641 -0.270539 0.792264 0.573501 0.208361 -0.000000 -0.341475 0.939891 B 2.000000 4.000000 18.000000 C[purple]
33.605464 -23.081251 8.070760 0.224314 -0.915939 -0.332774 0.974517 0.210831 0.076598 -0.000000 -0.341475 0.939891 B 2.000000 4.000000 18.000000 C[purple]
33.711993 -29.366223 25.703567 0.286143 -0.900591 -0.327197 0.958187 0.268943 0.097711 0.000000 -0.341475 0.939891 B 2.000000 4.000000 18.000000 C[purple]
33.999801 26.742866 42.860288 0.346026 -0.881829 -0.320381 0.938225 0.325227 0.118159 0.000000 -0.341475 0.939891 B 2.000000 4.000000 18.000000 C[purple]
33.840943 20.557227 60.075299 0.433169 -0.847135 -0.307776 0.901313 0.407132 0.147917 0.000000 -0.341475 0.939891 B 2.000000 4.000000 18.000000 C[purple]
33.478446 14.420931 77.340511 0.497991 -0.815057 -0.296121 0.867182 0.468057 0.170052 -0.000000 -0.341475 0.939891 B 2.000000 4.000000 18.000000 C[purple]
27.740343 -11.153659 -77.367657 0.851145 -0.493378 -0.179251 0.524931 0.799983 0.290645 -0.000000 -0.341475 0.939891 B 2.000000 4.000000 18.000000 C[purple]
27.987754 -17.436186 -60.383411 0.847479 -0.498921 -0.181265 0.530828 0.796538 0.289393 0.000000 -0.341475 0.939891 B 2.000000 4.000000 18.000000 C[purple]
27.897274 -23.807189 -43.254977 0.605999 -0.747650 -0.271632 0.795465 0.569573 0.206934 0.000000 -0.341475 0.939891 B 2.000000 4.000000 18.000000 C[purple]
27.829522 -30.171161 -25.801071 0.783231 -0.584359 -0.212306 0.621731 0.736151 0.267454 0.000000 -0.341475 0.939891 B 2.000000 4.000000 18.000000 C[purple]
27.521859 25.888491 -8.753819 0.698988 -0.672147 -0.244200 0.715133 0.656973 0.238687 0.000000 -0.341475 0.939891 B 2.000000 4.000000 18.000000 C[purple]
27.370034 19.648514 8.498854 0.588203 -0.760102 -0.276156 0.808713 0.552847 0.200857 -0.000000 -0.341475 0.939891 B 2.000000 4.000000 18.000000 C[purple]
27.470606 13.633537 25.791583 0.689805 -0.680476 -0.247226 0.723995 0.648342 0.235552 -0.000000 -0.341475 0.939891 B 2.000000 4.000000 18.000000 C[purple]
27.487624 7.502092 43.281815 0.768759 -0.601096 -0.218387 0.639538 0.722550 0.262512 0.000000 -0.341475 0.939891 B 2.000000 4.000000 18.000000 C[purple]
27.767815 1.350240 60.405592 0.870485 -0.462609 -0.168072 0.492195 0.818161 0.297249 0.000000 -0.341475 0.939891 B 2.000000 4.000000 18.000000 C[purple]
27.883238 -4.630752 77.546711 0.924724 -0.357757 -0.129978 0.380637 0.869140 0.315771 0.000000 -0.341475 0.939891 B 2.000000 4.000000 18.000000 C[purple]
4.841546 -26.594972 77.241775 0.297285 0.897397 0.326037 -0.954789 0.279415 0.101515 -0.000000 -0.341475 0.939891 B 2.000000 4.000000 18.000000 C[purple]
4.778703 29.724996 -77.327932 0.204882 0.919953 0.334232 -0.978787 0.192566 0.069962 0.000000 -0.341475 0.939891 B 2.000000 4.000000 18.000000 C[purple]
5.143200 23.371385 -60.190059 0.371278 0.872709 0.317067 -0.928522 0.348961 0.126782 -0.000000 -0.341475 0.939891 B 2.000000 4.000000 18.000000 C[purple]
4.819313 17.291345 -43.148829 0.458236 0.835404 0.303514 -0.888831 0.430691 0.156476 0.000000 -0.341475 0.939891 B 2.000000 4.000000 18.000000 C[purple]
5.012684 11.032215 -26.226722 0.562164 0.777314 0.282409 -0.827025 0.528373 0.191965 0.000000 -0.341475 0.939891 B 2.000000 4.000000 18.000000 C[purple]
5.206080 4.590570 -8.842598 0.268846 0.905287 0.328903 -0.963183 0.252686 0.091804 0.000000 -0.341475 0.939891 B 2.000000 4.000000 18.000000 C[purple]
5.042226 -1.769616 8.517251 0.280221 0.902234 0.327794 -0.959936 0.263377 0.095689 -0.000000 -0.341475 0.939891 B 2.000000 4.000000 18.000000 C[purple]
4.695391 -8.135014 25.770543 0.424518 0.850995 0.309178 -0.905419 0.399001 0.144963 -0.000000 -0.341475 0.939891 B 2.000000 4.000000 18.000000 C[purple]
4.971461 -14.319309 42.902421 0.138766 0.930797 0.338172 -0.990325 0.130425 0.047385 0.000000 -0.341475 0.939891 B 2.000000 4.000000 18.000000 C[purple]
4.712502 -20.505271 60.103149 0.286354 0.900532 0.327176 -0.958124 0.269142 0.097783 -0.000000 -0.341475 0.939891 B 2.000000 4.000000 18.000000 C[purple]
-36.857284 -21.662940 -77.414779 0.258562 0.907929 0.329863 -0.965995 0.243020 0.088292 -0.000000 -0.341475 0.939891 B 2.000000 4.000000 18.000000 C[purple]
-37.068693 -28.045879 -60.176557 0.007198 0.939866 0.341467 -0.999974 0.006766 0.002458 0.000000 -0.341475 0.939891 B 2.000000 4.000000 18.000000 C[purple]
-36.967900 28.574856 -43.146980 -0.007106 0.939867 0.341467 -0.999975 -0.006679 -0.002426 0.000000 -0.341475 0.939891 B 2.000000 4.000000 18.000000 C[purple]
-37.030738 22.115901 -26.212048 -0.066601 0.937804 0.340717 -0.997780 -0.062598 -0.022743 -0.000000 -0.341475 0.939891 B 2.000000 4.000000 18.000000 C[purple]
-37.157858 15.716770 -8.856040 -0.022347 0.939656 0.341390 -0.999750 -0.021003 -0.007631 -0.000000 -0.341475 0.939891 B 2.000000 4.000000 18.000000 C[purple]
-37.383776 9.625552 8.300015 -0.053486 0.938545 0.340987 -0.998569 -0.050271 -0.018264 0.000000 -0.341475 0.939891 B 2.000000 4.000000 18.000000 C[purple]
-37.106957 3.667041 25.362148 -0.137926 0.930908 0.338212 -0.990443 -0.129635 -0.047098 0.000000 -0.341475 0.939891 B 2.000000 4.000000 18.000000 C[purple]
-36.875392 -2.588796 42.605552 0.220571 0.916742 0.333065 -0.975371 0.207313 0.075320 0.000000 -0.341475 0.939891 B 2.000000 4.000000 18.000000 C[purple]
-37.063059 -8.887990 60.066425 0.067514 0.937746 0.340696 -0.997718 0.063455 0.023054 0.000000 -0.341475 0.939891 B 2.000000 4.000000 18.000000 C[purple]
-37.162584 -15.475368 77.428506 -0.001225 0.939890 0.341475 -0.999999 -0.001151 -0.000418 -0.000000 -0.341475 0.939891 B 2.000000 4.000000 18.000000 C[purple]
-42.931082 2.296458 -77.360814 0.768697 -0.601167 -0.218412 0.639613 0.722491 0.262491 -0.000000 -0.341475 0.939891 B 2.000000 4.000000 18.000000 C[purple]
-42.929719 -4.256131 -60.262387 0.897448 -0.414605 -0.150632 0.441121 0.843503 0.306456 0.000000 -0.341475 0.939891 B 2.000000 4.000000 18.000000 C[purple]
-42.724912 -10.485716 -42.729833 0.813850 -0.546147 -0.198423 0.581075 0.764930 0.277910 0.000000 -0.341475 0.939891 B 2.000000 4.000000 18.000000 C[purple]
-42.669963 -16.889655 -25.530165 0.947319 -0.301039 -0.109372 0.320291 0.890376 0.323486 -0.000000 -0.341475 0.939891 B 2.000000 4.000000 18.000000 C[purple]
-42.583293 -22.931850 -8.476113 0.851423 -0.492954 -0.179097 0.524480 0.800245 0.290740 0.000000 -0.341475 0.939891 B 2.000000 4.000000 18.000000 C[purple]
-42.677428 -29.121368 8.710874 0.836138 -0.515548 -0.187306 0.548519 0.785879 0.285521 0.000000 -0.341475 0.939891 B 2.000000 4.000000 18.000000 C[purple]
-42.946031 26.806380 25.832043 0.924723 -0.357761 -0.129979 0.380641 0.869139 0.315770 -0.000000 -0.341475 0.939891 B 2.000000 4.000000 18.000000 C[purple]
-42.784766 20.766565 42.885866 0.878151 -0.449629 -0.163356 0.478384 0.825366 0.299867 0.000000 -0.341475 0.939891 B 2.000000 4.000000 18.000000 C[purple]
-42.676493 14.758085 60.505316 0.867925 -0.466839 -0.169609 0.496695 0.815755 0.296375 0.000000 -0.341475 0.939891 B 2.000000 4.000000 18.000000 C[purple]
-42.884014 8.829684 77.667463 0.815237 -0.544316 -0.197758 0.579127 0.766234 0.278383 0.000000 -0.341475 0.939891 B 2.000000 4.000000 18.000000 C[purple]
35.336735 -7.483252 77.619272 0.346048 0.881821 0.320378 -0.938217 0.325247 0.118167 -0.000000 -0.341475 0.939891 B 2.000000 4.000000 18.000000 C[purple]
35.506176 -13.356800 -77.226643 0.377989 0.870160 0.316141 -0.925810 0.355269 0.129074 -0.000000 -0.341475 0.939891 B 2.000000 4.000000 18.000000 C[purple]
35.749564 -19.688915 -60.102634 0.196206 0.921622 0.334838 -0.980563 0.184412 0.066999 -0.000000 -0.341475 0.939891 B 2.000000 4.000000 18.000000 C[purple]
35.771644 -26.113900 -42.612281 0.380596 0.869156 0.315776 -0.924741 0.357719 0.129964 0.000000 -0.341475 0.939891 B 2.000000 4.000000 18.000000 C[purple]
35.601271 30.102636 -25.172446 0.420674 0.852680 0.309791 -0.907212 0.395387 0.143650 -0.000000 -0.341475 0.939891 B 2.000000 4.000000 18.000000 C[purple]
35.356389 23.978174 -8.100322 0.226898 0.915377 0.332569 -0.973918 0.213260 0.077480 0.000000 -0.341475 0.939891 B 2.000000 4.000000 18.000000 C[purple]
35.194679 17.681006 8.953551 0.033660 0.939358 0.341282 -0.999433 0.031636 0.011494 -0.000000 -0.341475 0.939891 B 2.000000 4.000000 18.000000 C[purple]
34.948687 11.179174 26.107025 -0.105442 0.934651 0.339572 -0.994425 -0.099104 -0.036006 -0.000000 -0.341475 0.939891 B 2.000000 4.000000 18.000000 C[purple]
35.054340 5.101243 43.338656 0.058855 0.938261 0.340883 -0.998267 0.055318 0.020098 0.000000 -0.341475 0.939891 B 2.000000 4.000000 18.000000 C[purple]
35.202062 -1.150962 60.571783 0.070249 0.937569 0.340632 -0.997529 0.066027 0.023988 -0.000000 -0.341475 0.939891 B 2.000000 4.000000 18.000000 C[purple]
-18.178517 0.625467 -77.553109 0.189052 -0.922942 -0.335318 0.981967 0.177688 0.064557 -0.000000 -0.341475 0.939891 B 2.000000 4.000000 18.000000 C[purple]
-18.371247 -5.591431 -59.968905 0.087407 -0.936293 -0.340168 0.996173 0.082153 0.029847 -0.000000 -0.341475 0.939891 B 2.000000 4.000000 18.000000 C[purple]
-18.139659 -12.136547 -42.752714 0.136987 -0.931030 -0.338256 0.990573 0.128752 0.046778 -0.000000 -0.341475 0.939891 B 2.000000 4.000000 18.000000 C[purple]
-17.897166 -18.459261 -25.208118 0.174694 -0.925438 -0.336224 0.984623 0.164193 0.059654 0.000000 -0.341475 0.939891 B 2.000000 4.000000 18.000000 C[purple]
-18.059844 -24.548786 -8.099729 0.186517 -0.923397 -0.335483 0.982452 0.175305 0.063691 -0.000000 -0.341475 0.939891 B 2.000000 4.000000 18.000000 C[purple]
-18.132323 -30.884380 8.893122 0.228815 -0.914955 -0.332416 0.973470 0.215061 0.078135 0.000000 -0.341475 0.939891 B 2.000000 4.000000 18.000000 C[purple]
-18.099848 25.315491 26.114672 0.461013 -0.834053 -0.303023 0.887394 0.433302 0.157425 -0.000000 -0.341475 0.939891 B 2.000000 4.000000 18.000000 C[purple]
-18.210072 18.940661 43.001731 0.596281 -0.754521 -0.274128 0.802776 0.560439 0.203615 0.000000 -0.341475 0.939891 B 2.000000 4.000000 18.000000 C[purple]
-18.072907 12.788548 59.942033 0.309713 -0.893676 -0.324685 0.950830 0.291096 0.105759 0.000000 -0.341475 0.939891 B 2.000000 4.000000 18.000000 C[purple]
-18.378024 6.757169 77.285785 0.234618 -0.913656 -0.331944 0.972088 0.220515 0.080116 0.000000 -0.341475 0.939891 B 2.000000 4.000000 18.000000 C[purple]
15.321580 -30.493130 77.135552 0.863886 0.473411 0.171997 -0.503687 0.811959 0.294996 -0.000000 -0.341475 0.939891 B 2.000000 4.000000 18.000000 C[purple]
15.687936 25.630003 -77.529721 0.878243 0.449470 0.163299 -0.478215 0.825452 0.299898 0.000000 -0.341475 0.939891 B 2.000000 4.000000 18.000000 C[purple]
15.350287 19.555966 -60.026990 0.870474 0.462628 0.168079 -0.492214 0.818151 0.297245 -0.000000 -0.341475 0.939891 B 2.000000 4.000000 18.000000 C[purple]
15.245037 13.300946 -42.800950 0.963998 0.249926 0.090801 -0.265909 0.906053 0.329182 0.000000 -0.341475 0.939891 B 2.000000 4.000000 18.000000 C[purple]
15.232605 6.750368 -25.868726 0.979815 0.187891 0.068263 -0.199907 0.920919 0.334583 -0.000000 -0.341475 0.939891 B 2.000000 4.000000 18.000000 C[purple]
15.445230 0.719084 -8.369891 0.975877 0.205197 0.074551 -0.218320 0.917218 0.333238 -0.000000 -0.341475 0.939891 B 2.000000 4.000000 18.000000 C[purple]
15.314468 -5.436724 8.552111 0.965007 0.246462 0.089543 -0.262224 0.907001 0.329526 0.000000 -0.341475 0.939891 B 2.000000 4.000000 18.000000 C[purple]
15.620490 -11.685430 25.813194 0.993790 0.104584 0.037997 -0.111273 0.934054 0.339355 0.000000 -0.341475 0.939891 B 2.000000 4.000000 18.000000 C[purple]
15.371434 -17.855753 42.991026 0.961553 0.258112 0.093776 -0.274619 0.903755 0.328347 0.000000 -0.341475 0.939891 B 2.000000 4.000000 18.000000 C[purple]
15.588735 -24.373531 59.952405 0.920200 0.367918 0.133670 -0.391447 0.864888 0.314226 0.000000 -0.341475 0.939891 B 2.000000 4.000000 18.000000 C[purple]
10.936165 16.431365 -77.557748 0.865401 -0.470961 -0.171107 0.501080 0.813382 0.295513 0.000000 -0.341475 0.939891 B 2.000000 4.000000 18.000000 C[purple]
10.805982 10.495171 -60.362054 0.862609 -0.475463 -0.172742 0.505870 0.810759 0.294560 0.000000 -0.341475 0.939891 B 2.000000 4.000000 18.000000 C[purple]
10.777826 3.782653 -43.292590 0.857816 -0.483064 -0.175504 0.513958 0.806253 0.292923 0.000000 -0.341475 0.939891 B 2.000000 4.000000 18.000000 C[purple]
10.699830 -2.265243 -26.107650 0.797388 -0.567193 -0.206069 0.603467 0.749458 0.272288 0.000000 -0.341475 0.939891 B 2.000000 4.000000 18.000000 C[purple]
10.810292 -8.417710 -9.007214 0.535789 -0.793598 -0.288325 0.844352 0.503583 0.182959 -0.000000 -0.341475 0.939891 B 2.000000 4.000000 18.000000 C[purple]
10.723779 -14.913697 8.353494 0.651665 -0.712913 -0.259011 0.758507 0.612494 0.222528 -0.000000 -0.341475 0.939891 B 2.000000 4.000000 18.000000 C[purple]
10.895717 -21.373767 25.559506 0.543202 -0.789134 -0.286704 0.839602 0.510550 0.185490 -0.000000 -0.341475 0.939891 B 2.000000 4.000000 18.000000 C[purple]
10.880159 -27.555135 42.658391 0.793824 -0.571593 -0.207668 0.608148 0.746107 0.271071 0.000000 -0.341475 0.939891 B 2.000000 4.000000 18.000000 C[purple]
10.938213 28.805427 60.048284 0.736040 -0.636248 -0.231158 0.676938 0.691797 0.251340 0.000000 -0.341475 0.939891 B 2.000000 4.000000 18.000000 C[purple]
11.158658 22.656723 77.376112 0.709072 -0.662751 -0.240787 0.705136 0.666450 0.242131 -0.000000 -0.341475 0.939891 B 2.000000 4.000000 18.000000 C[purple]
-2.945604 6.798540 77.423059 0.998743 -0.047118 -0.017119 0.050131 0.938709 0.341046 -0.000000 -0.341475 0.939891 B 2.000000 4.000000 18.000000 C[purple]
-3.253582 0.611759 -77.457577 0.993273 -0.108836 -0.039542 0.115797 0.933568 0.339178 -0.000000 -0.341475 0.939891 B 2.000000 4.000000 18.000000 C[purple]
-3.655881 -5.649892 -60.495375 0.989094 -0.138432 -0.050294 0.147285 0.929640 0.337751 -0.000000 -0.341475 0.939891 B 2.000000 4.000000 18.000000 C[purple]
-3.240259 -11.780808 -43.191708 0.991335 -0.123463 -0.044856 0.131359 0.931746 0.338516 0.000000 -0.341475 0.939891 B 2.000000 4.000000 18.000000 C[purple]
-3.305864 -17.901125 -25.851072 0.896814 -0.415815 -0.151071 0.442408 0.842907 0.306240 0.000000 -0.341475 0.939891 B 2.000000 4.000000 18.000000 C[purple]
-3.401686 -23.946826 -8.533674 0.803991 -0.558898 -0.203056 0.594642 0.755663 0.274543 -0.000000 -0.341475 0.939891 B 2.000000 4.000000 18.000000 C[purple]
-3.203460 -30.477365 8.740078 0.704248 -0.667280 -0.242432 0.709954 0.661916 0.240483 -0.000000 -0.341475 0.939891 B 2.000000 4.000000 18.000000 C[purple]
-2.988943 25.495824 25.642099 0.696972 -0.673994 -0.244871 0.717098 0.655078 0.237999 0.000000 -0.341475 0.939891 B 2.000000 4.000000 18.000000 C[purple]
-2.937245 19.216593 42.739957 0.877954 -0.449968 -0.163480 0.478745 0.825181 0.299800 0.000000 -0.341475 0.939891 B 2.000000 4.000000 18.000000 C[purple]
-2.740359 12.924804 59.959908 0.974385 -0.211370 -0.076794 0.224888 0.915815 0.332728 0.000000 -0.341475 0.939891 B 2.000000 4.000000 18.000000 C[purple]
50.085858 18.506774 77.252909 0.685205 -0.684569 -0.248714 0.728350 0.644018 0.233981 -0.000000 -0.341475 0.939891 B 2.000000 4.000000 18.000000 C[purple]
-50.209374 12.497629 -77.742753 0.827590 -0.527592 -0.191682 0.561333 0.777844 0.282602 0.000000 -0.341475 0.939891 B 2.000000 4.000000 18.000000 C[purple]
-49.820729 6.472251 -60.526948 0.871869 -0.460301 -0.167234 0.489739 0.819462 0.297722 -0.000000 -0.341475 0.939891 B 2.000000 4.000000 18.000000 C[purple]
-50.013509 0.214051 -43.286590 0.832319 -0.520978 -0.189279 0.554296 0.782289 0.284217 0.000000 -0.341475 0.939891 B 2.000000 4.000000 18.000000 C[purple]
-50.071606 -6.296055 -25.731439 0.748143 -0.623652 -0.226582 0.663537 0.703173 0.255473 -0.000000 -0.341475 0.939891 B 2.000000 4.000000 18.000000 C[purple]
-50.081265 -12.389828 -8.743800 0.622965 -0.735229 -0.267119 0.782249 0.585519 0.212727 -0.000000 -0.341475 0.939891 B 2.000000 4.000000 18.000000 C[purple]
-50.049152 -18.941800 8.412401 0.711389 -0.660553 -0.239988 0.702798 0.668628 0.242922 -0.000000 -0.341475 0.939891 B 2.000000 4.000000 18.000000 C[purple]
-49.890495 -25.191897 25.409333 0.591477 -0.757854 -0.275339 0.806322 0.555924 0.201975 -0.000000 -0.341475 0.939891 B 2.000000 4.000000 18.000000 C[purple]
-50.209416 30.986417 42.690158 0.737246 -0.635013 -0.230709 0.675624 0.692931 0.251752 0.000000 -0.341475 0.939891 B 2.000000 4.000000 18.000000 C[purple]
50.147707 24.493442 60.142696 0.658358 -0.707460 -0.257030 0.752705 0.618785 0.224813 -0.000000 -0.341475 0.939891 B 2.000000 4.000000 18.000000 C[purple]
-7.740527 10.913303 -77.134553 0.350346 -0.880321 -0.319833 0.936620 0.329287 0.119635 -0.000000 -0.341475 0.939891 B 2.000000 4.000000 18.000000 C[purple]
-7.727822 4.587982 -60.117017 0.308063 -0.894180 -0.324868 0.951366 0.289546 0.105196 0.000000 -0.341475 0.939891 B 2.000000 4.000000 18.000000 C[purple]
-8.109129 -1.867038 -43.163383 0.309374 -0.893780 -0.324723 0.950941 0.290777 0.105643 0.000000 -0.341475 0.939891 B 2.000000 4.000000 18.000000 C[purple]
-8.272617 -8.021180 -25.768276 0.245363 -0.911159 -0.331037 0.969431 0.230614 0.083785 0.000000 -0.341475 0.939891 B 2.000000 4.000000 18.000000 C[purple]
-8.399829 -14.497945 -8.388050 0.266776 -0.905828 -0.329100 0.963759 0.250740 0.091097 -0.000000 -0.341475 0.939891 B 2.000000 4.000000 18.000000 C[purple]
-8.523833 -20.559585 8.884266 0.143804 -0.930122 -0.337926 0.989606 0.135160 0.049106 0.000000 -0.341475 0.939891 B 2.000000 4.000000 18.000000 C[purple]
-8.649441 -26.654689 25.826303 0.153524 -0.928748 -0.337427 0.988145 0.144296 0.052425 0.000000 -0.341475 0.939891 B 2.000000 4.000000 18.000000 C[purple]
-8.423323 29.287143 42.999860 0.188966 -0.922957 -0.335323 0.981984 0.177607 0.064527 -0.000000 -0.341475 0.939891 B 2.000000 4.000000 18.000000 C[purple]
-8.109584 23.052840 60.390616 0.010052 -0.939843 -0.341458 0.999949 0.009448 0.003432 0.000000 -0.341475 0.939891 B 2.000000 4.000000 18.000000 C[purple]
-7.995030 16.970940 77.876136 0.156642 -0.928288 -0.337260 0.987655 0.147226 0.053489 0.000000 -0.341475 0.939891 B 2.000000 4.000000 18.000000 C[purple]
10.368907 6.330465 77.081524 0.999993 -0.003606 -0.001310 0.003836 0.939884 0.341473 -0.000000 -0.341475 0.939891 B 2.000000 4.000000 18.000000 C[purple]
10.332786 -0.025955 -77.398815 0.993763 0.104807 0.038078 -0.111510 0.934029 0.339346 -0.000000 -0.341475 0.939891 B 2.000000 4.000000 18.000000 C[purple]
10.277582 -6.067622 -60.233843 0.998328 -0.054328 -0.019738 0.057802 0.938319 0.340904 -0.000000 -0.341475 0.939891 B 2.000000 4.000000 18.000000 C[purple]
10.121104 -12.460801 -42.656492 0.997352 0.068360 0.024836 -0.072732 0.937401 0.340571 0.000000 -0.341475 0.939891 B 2.000000 4.000000 18.000000 C[purple]
10.089028 -18.941811 -25.849908 0.996181 0.082059 0.029813 -0.087307 0.936302 0.340171 -0.000000 -0.341475 0.939891 B 2.000000 4.000000 18.000000 C[purple]
10.135456 -24.838705 -8.650468 0.997461 0.066940 0.024320 -0.071221 0.937504 0.340608 -0.000000 -0.341475 0.939891 B 2.000000 4.000000 18.000000 C[purple]
10.271423 -30.978533 8.541533 0.988868 -0.139850 -0.050809 0.148794 0.929428 0.337674 0.000000 -0.341475 0.939891 B 2.000000 4.000000 18.000000 C[purple]
