2.016258 23.848273 -77.836902 0.949622 0.294559 0.107017 -0.313397 0.892541 0.324273 -0.000000 -0.341475 0.939891 B 2.000000 4.000000 18.000000 C[purple]
1.823241 17.853774 -60.784904 0.895089 0.419085 0.152259 -0.445887 0.841286 0.305651 0.000000 -0.341475 0.939891 B 2.000000 4.000000 18.000000 C[purple]
2.006375 11.520759 -43.744910 0.825863 0.529976 0.192548 -0.563870 0.776221 0.282012 0.000000 -0.341475 0.939891 B 2.000000 4.000000 18.000000 C[purple]
2.148072 5.100917 -26.413601 0.956709 0.273551 0.099385 -0.291046 0.899202 0.326693 0.000000 -0.341475 0.939891 B 2.000000 4.000000 18.000000 C[purple]
2.104685 -0.898324 -8.869722 0.953827 0.282301 0.102564 -0.300355 0.896494 0.325709 0.000000 -0.341475 0.939891 B 2.000000 4.000000 18.000000 C[purple]
2.151123 -7.074810 8.325330 0.911729 0.386100 0.140275 -0.410792 0.856926 0.311333 0.000000 -0.341475 0.939891 B 2.000000 4.000000 18.000000 C[purple]
1.895758 -13.316538 25.543460 0.906856 0.396107 0.143911 -0.421440 0.852346 0.309669 0.000000 -0.341475 0.939891 B 2.000000 4.000000 18.000000 C[purple]
2.093292 -19.822930 42.678695 0.814356 0.545481 0.198181 -0.580366 0.765405 0.278082 0.000000 -0.341475 0.939891 B 2.000000 4.000000 18.000000 C[purple]
2.121691 -26.240710 59.879753 0.966503 0.241229 0.087642 -0.256657 0.908407 0.330037 0.000000 -0.341475 0.939891 B 2.000000 4.000000 18.000000 C[purple]
2.192725 30.299861 77.252464 0.979130 0.191021 0.069400 -0.203237 0.920275 0.334349 0.000000 -0.341475 0.939891 B 2.000000 4.000000 18.000000 C[purple]
-5.053298 -16.779625 -76.955184 -0.364753 -0.875136 -0.317949 0.931104 -0.342828 -0.124554 0.000000 -0.341475 0.939891 B 2.000000 4.000000 18.000000 C[purple]
-4.802809 -23.224250 -59.990051 -0.331622 -0.886705 -0.322152 0.943412 -0.311688 -0.113241 0.000000 -0.341475 0.939891 B 2.000000 4.000000 18.000000 C[purple]
-5.062854 -29.347121 -42.819218 -0.377167 -0.870476 -0.316256 0.926145 -0.354495 -0.128793 0.000000 -0.341475 0.939891 B 2.000000 4.000000 18.000000 C[purple]
-5.181976 26.949462 -25.610267 -0.599445 -0.752304 -0.273322 0.800416 -0.563413 -0.204696 -0.000000 -0.341475 0.939891 B 2.000000 4.000000 18.000000 C[purple]
-5.513788 20.702313 -8.540706 -0.475471 -0.826852 -0.300407 0.879732 -0.446890 -0.162362 0.000000 -0.341475 0.939891 B 2.000000 4.000000 18.000000 C[purple]
-5.749797 14.572631 8.536744 -0.658009 -0.707747 -0.257134 0.753010 -0.618457 -0.224694 -0.000000 -0.341475 0.939891 B 2.000000 4.000000 18.000000 C[purple]
-5.726525 8.269978 26.208673 -0.709258 -0.662575 -0.240723 0.704949 -0.666625 -0.242194 -0.000000 -0.341475 0.939891 B 2.000000 4.000000 18.000000 C[purple]
-5.630786 2.160598 43.519830 -0.593515 -0.756446 -0.274827 0.804823 -0.557839 -0.202671 0.000000 -0.341475 0.939891 B 2.000000 4.000000 18.000000 C[purple]
-5.330426 -3.920438 60.609094 -0.582667 -0.763859 -0.277521 0.812711 -0.547643 -0.198966 0.000000 -0.341475 0.939891 B 2.000000 4.000000 18.000000 C[purple]
-5.079586 -10.222422 77.861409 -0.503901 -0.811841 -0.294953 0.863762 -0.473612 -0.172070 0.000000 -0.341475 0.939891 B 2.000000 4.000000 18.000000 C[purple]
-40.384757 19.475357 77.597194 -0.211251 -0.918679 -0.333769 0.977432 -0.198553 -0.072137 0.000000 -0.341475 0.939891 B 2.000000 4.000000 18.000000 C[purple]
-40.562992 13.227319 -76.969119 -0.384445 -0.867658 -0.315232 0.923148 -0.361337 -0.131279 -0.000000 -0.341475 0.939891 B 2.000000 4.000000 18.000000 C[purple]
-40.815689 7.242019 -59.567131 -0.390384 -0.865312 -0.314380 0.920652 -0.366918 -0.133306 -0.000000 -0.341475 0.939891 B 2.000000 4.000000 18.000000 C[purple]
-40.837007 0.714935 -42.067651 -0.232506 -0.914133 -0.332117 0.972595 -0.218531 -0.079395 -0.000000 -0.341475 0.939891 B 2.000000 4.000000 18.000000 C[purple]
-40.832406 -5.393416 -24.980481 -0.153094 -0.928811 -0.337450 0.988212 -0.143892 -0.052278 0.000000 -0.341475 0.939891 B 2.000000 4.000000 18.000000 C[purple]
-40.746582 -11.675660 -8.061979 -0.252462 -0.909445 -0.330414 0.967607 -0.237286 -0.086209 0.000000 -0.341475 0.939891 B 2.000000 4.000000 18.000000 C[purple]
-40.568413 -17.956278 9.002715 -0.171066 -0.926036 -0.336442 0.985260 -0.160784 -0.058415 -0.000000 -0.341475 0.939891 B 2.000000 4.000000 18.000000 C[purple]
-40.478964 -24.219601 25.979243 -0.373578 -0.871841 -0.316752 0.927599 -0.351122 -0.127568 0.000000 -0.341475 0.939891 B 2.000000 4.000000 18.000000 C[purple]
-40.401675 -30.227698 43.141215 -0.435259 -0.846189 -0.307432 0.900306 -0.409095 -0.148630 -0.000000 -0.341475 0.939891 B 2.000000 4.000000 18.000000 C[purple]
-40.481132 25.849921 60.251587 -0.534935 -0.794107 -0.288510 0.844893 -0.502780 -0.182667 0.000000 -0.341475 0.939891 B 2.000000 4.000000 18.000000 C[purple]
-30.709093 -7.801519 -76.879070 0.923802 -0.359857 -0.130741 0.382871 0.868273 0.315456 -0.000000 -0.341475 0.939891 B 2.000000 4.000000 18.000000 C[purple]
-30.798802 -13.795742 -59.838605 0.951129 -0.290231 -0.105445 0.308793 0.893958 0.324787 -0.000000 -0.341475 0.939891 B 2.000000 4.000000 18.000000 C[purple]
-30.946252 -19.872146 -42.783926 0.846765 -0.499991 -0.181654 0.531967 0.795867 0.289149 -0.000000 -0.341475 0.939891 B 2.000000 4.000000 18.000000 C[purple]
-30.801909 -26.142368 -25.787739 0.937806 -0.326293 -0.118547 0.347161 0.881435 0.320238 0.000000 -0.341475 0.939891 B 2.000000 4.000000 18.000000 C[purple]
-31.009540 30.038178 -8.613984 0.886425 -0.435049 -0.158060 0.462872 0.833143 0.302692 0.000000 -0.341475 0.939891 B 2.000000 4.000000 18.000000 C[purple]
-31.065027 23.583942 8.718023 0.987855 -0.146041 -0.053059 0.155381 0.928475 0.337328 -0.000000 -0.341475 0.939891 B 2.000000 4.000000 18.000000 C[purple]
-31.161476 17.561011 25.832379 0.896667 -0.416096 -0.151173 0.442706 0.842769 0.306190 0.000000 -0.341475 0.939891 B 2.000000 4.000000 18.000000 C[purple]
-31.040495 11.605915 43.020150 0.895498 -0.418313 -0.151979 0.445065 0.841670 0.305791 -0.000000 -0.341475 0.939891 B 2.000000 4.000000 18.000000 C[purple]
-31.071644 5.051017 60.525322 0.925220 -0.356624 -0.129567 0.379432 0.869605 0.315940 -0.000000 -0.341475 0.939891 B 2.000000 4.000000 18.000000 C[purple]
-31.084495 -1.449366 78.103618 0.901594 -0.406580 -0.147716 0.432583 0.847400 0.307872 0.000000 -0.341475 0.939891 B 2.000000 4.000000 18.000000 C[purple]
23.169674 7.529070 -77.378310 0.989023 -0.138879 -0.050457 0.147760 0.929574 0.337727 -0.000000 -0.341475 0.939891 B 2.000000 4.000000 18.000000 C[purple]
23.112009 1.520255 -60.046924 0.963856 -0.250409 -0.090977 0.266423 0.905919 0.329133 -0.000000 -0.341475 0.939891 B 2.000000 4.000000 18.000000 C[purple]
22.952372 -4.702779 -42.713493 0.962002 -0.256628 -0.093237 0.273041 0.904177 0.328500 0.000000 -0.341475 0.939891 B 2.000000 4.000000 18.000000 C[purple]
22.884252 -11.135242 -25.717841 0.999967 0.007644 0.002777 -0.008133 0.939860 0.341464 -0.000000 -0.341475 0.939891 B 2.000000 4.000000 18.000000 C[purple]
22.851381 -17.229852 -8.341527 0.998577 -0.050122 -0.018210 0.053328 0.938553 0.340990 -0.000000 -0.341475 0.939891 B 2.000000 4.000000 18.000000 C[purple]
23.007430 -23.835220 8.812700 0.995779 0.086267 0.031342 -0.091784 0.935923 0.340034 0.000000 -0.341475 0.939891 B 2.000000 4.000000 18.000000 C[purple]
23.097054 -29.673130 26.112964 0.997352 -0.068357 -0.024835 0.072729 0.937402 0.340571 -0.000000 -0.341475 0.939891 B 2.000000 4.000000 18.000000 C[purple]
23.229543 26.351197 43.199649 0.954006 -0.281766 -0.102370 0.299786 0.896662 0.325770 0.000000 -0.341475 0.939891 B 2.000000 4.000000 18.000000 C[purple]
23.052099 20.203417 60.138921 0.989875 -0.133413 -0.048471 0.141945 0.930374 0.338018 0.000000 -0.341475 0.939891 B 2.000000 4.000000 18.000000 C[purple]
23.254796 13.822004 77.701861 0.992132 -0.117669 -0.042751 0.125194 0.932496 0.338789 -0.000000 -0.341475 0.939891 B 2.000000 4.000000 18.000000 C[purple]
11.041321 -25.566783 -77.741817 0.570967 0.771625 0.280342 -0.820973 0.536647 0.194971 0.000000 -0.341475 0.939891 B 2.000000 4.000000 18.000000 C[purple]
10.901251 30.623172 -60.558128 0.651991 0.712650 0.258916 -0.758227 0.612800 0.222639 0.000000 -0.341475 0.939891 B 2.000000 4.000000 18.000000 C[purple]
10.971746 24.637888 -43.330814 0.678399 0.690531 0.250880 -0.734693 0.637621 0.231657 0.000000 -0.341475 0.939891 B 2.000000 4.000000 18.000000 C[purple]
10.875067 18.702920 -26.163771 0.487665 0.820554 0.298119 -0.873031 0.458352 0.166526 0.000000 -0.341475 0.939891 B 2.000000 4.000000 18.000000 C[purple]
10.672617 12.458398 -8.758248 0.740302 0.631865 0.229565 -0.672275 0.695803 0.252795 0.000000 -0.341475 0.939891 B 2.000000 4.000000 18.000000 C[purple]
10.664157 6.125404 8.712772 0.808063 0.553685 0.201162 -0.589096 0.759491 0.275934 -0.000000 -0.341475 0.939891 B 2.000000 4.000000 18.000000 C[purple]
10.923838 -0.439585 25.762241 0.679338 0.689716 0.250583 -0.733825 0.638504 0.231977 -0.000000 -0.341475 0.939891 B 2.000000 4.000000 18.000000 C[purple]
11.092183 -6.549222 43.006228 0.594786 0.755563 0.274507 -0.803884 0.559034 0.203105 -0.000000 -0.341475 0.939891 B 2.000000 4.000000 18.000000 C[purple]
11.282529 -12.809671 60.194968 0.438351 0.844777 0.306919 -0.898804 0.412002 0.149686 0.000000 -0.341475 0.939891 B 2.000000 4.000000 18.000000 C[purple]
11.117493 -19.355528 77.323012 0.476716 0.826218 0.300177 -0.879058 0.448061 0.162787 -0.000000 -0.341475 0.939891 B 2.000000 4.000000 18.000000 C[purple]
-29.859280 3.521101 77.162655 -0.689258 -0.680965 -0.247404 0.724516 -0.647828 -0.235365 0.000000 -0.341475 0.939891 B 2.000000 4.000000 18.000000 C[purple]
-29.972684 -2.772653 -77.652539 -0.504622 -0.811446 -0.294809 0.863340 -0.474290 -0.172316 0.000000 -0.341475 0.939891 B 2.000000 4.000000 18.000000 C[purple]
-30.175645 -8.792559 -60.402387 -0.752199 -0.619328 -0.225010 0.658936 -0.706985 -0.256857 -0.000000 -0.341475 0.939891 B 2.000000 4.000000 18.000000 C[purple]
-30.180677 -14.665255 -43.007485 -0.697004 -0.673965 -0.244861 0.717067 -0.655107 -0.238010 -0.000000 -0.341475 0.939891 B 2.000000 4.000000 18.000000 C[purple]
-29.844942 -21.014502 -25.752266 -0.808417 -0.553229 -0.200996 0.588610 -0.759824 -0.276055 0.000000 -0.341475 0.939891 B 2.000000 4.000000 18.000000 C[purple]
-29.684343 -27.572539 -8.730145 -0.770639 -0.598966 -0.217613 0.637272 -0.724316 -0.263154 -0.000000 -0.341475 0.939891 B 2.000000 4.000000 18.000000 C[purple]
-29.493717 28.314399 8.567301 -0.760308 -0.610518 -0.221810 0.649563 -0.714606 -0.259626 -0.000000 -0.341475 0.939891 B 2.000000 4.000000 18.000000 C[purple]
-29.463147 22.148371 25.626539 -0.688193 -0.681916 -0.247750 0.725527 -0.646827 -0.235001 0.000000 -0.341475 0.939891 B 2.000000 4.000000 18.000000 C[purple]
-29.695894 15.784471 42.957654 -0.538285 -0.792105 -0.287783 0.842763 -0.505929 -0.183811 0.000000 -0.341475 0.939891 B 2.000000 4.000000 18.000000 C[purple]
-29.565212 9.501254 60.053863 -0.481364 -0.823834 -0.299310 0.876521 -0.452429 -0.164374 0.000000 -0.341475 0.939891 B 2.000000 4.000000 18.000000 C[purple]
17.346186 -4.694285 77.625275 0.435887 -0.845903 -0.307328 0.900002 0.409686 0.148845 0.000000 -0.341475 0.939891 B 2.000000 4.000000 18.000000 C[purple]
17.270571 -11.013140 -77.060033 0.603136 -0.749693 -0.272374 0.797639 0.566882 0.205956 -0.000000 -0.341475 0.939891 B 2.000000 4.000000 18.000000 C[purple]
17.370274 -17.117018 -60.043028 0.445176 -0.841619 -0.305772 0.895443 0.418417 0.152017 0.000000 -0.341475 0.939891 B 2.000000 4.000000 18.000000 C[purple]
17.360801 -23.198486 -42.887891 0.296726 -0.897561 -0.326096 0.954963 0.278890 0.101325 -0.000000 -0.341475 0.939891 B 2.000000 4.000000 18.000000 C[purple]
17.470715 -29.542520 -25.458695 0.286189 -0.900578 -0.327193 0.958173 0.268987 0.097727 -0.000000 -0.341475 0.939891 B 2.000000 4.000000 18.000000 C[purple]
17.371968 26.391894 -7.983934 0.173874 -0.925574 -0.336274 0.984768 0.163422 0.059374 0.000000 -0.341475 0.939891 B 2.000000 4.000000 18.000000 C[purple]
17.465032 20.407828 9.271766 0.260507 -0.907438 -0.329685 0.965472 0.244849 0.088957 0.000000 -0.341475 0.939891 B 2.000000 4.000000 18.000000 C[purple]
17.235864 14.204963 26.174426 0.103225 -0.934870 -0.339651 0.994658 0.097020 0.035249 0.000000 -0.341475 0.939891 B 2.000000 4.000000 18.000000 C[purple]
17.346840 7.965312 43.232787 0.310264 -0.893508 -0.324624 0.950650 0.291614 0.105947 -0.000000 -0.341475 0.939891 B 2.000000 4.000000 18.000000 C[purple]
17.611949 1.877089 60.219839 0.475428 -0.826873 -0.300415 0.879755 0.446850 0.162347 -0.000000 -0.341475 0.939891 B 2.000000 4.000000 18.000000 C[purple]
16.365866 -24.803336 -77.147144 0.235644 0.913423 0.331859 -0.971840 0.221479 0.080467 0.000000 -0.341475 0.939891 B 2.000000 4.000000 18.000000 C[purple]
16.414979 -31.167516 -60.260666 0.333370 0.886125 0.321942 -0.942796 0.313332 0.113838 0.000000 -0.341475 0.939891 B 2.000000 4.000000 18.000000 C[purple]
16.441654 25.353568 -42.839385 0.412464 0.856216 0.311075 -0.910974 0.387671 0.140846 0.000000 -0.341475 0.939891 B 2.000000 4.000000 18.000000 C[purple]
16.318840 19.118975 -25.920529 0.487587 0.820594 0.298133 -0.873074 0.458279 0.166499 -0.000000 -0.341475 0.939891 B 2.000000 4.000000 18.000000 C[purple]
16.555881 12.748634 -8.590561 0.612060 0.743276 0.270043 -0.790811 0.575269 0.209003 0.000000 -0.341475 0.939891 B 2.000000 4.000000 18.000000 C[purple]
16.657907 6.281496 8.660394 0.528840 0.797705 0.289817 -0.848721 0.497052 0.180586 -0.000000 -0.341475 0.939891 B 2.000000 4.000000 18.000000 C[purple]
16.867324 -0.010936 26.067814 0.576745 0.767819 0.278959 -0.816924 0.542077 0.196944 -0.000000 -0.341475 0.939891 B 2.000000 4.000000 18.000000 C[purple]
16.809549 -6.200513 43.267157 0.160182 0.927754 0.337066 -0.987088 0.150554 0.054698 0.000000 -0.341475 0.939891 B 2.000000 4.000000 18.000000 C[purple]
16.609428 -12.528893 60.619257 0.473217 0.827993 0.300821 -0.880946 0.444772 0.161592 -0.000000 -0.341475 0.939891 B 2.000000 4.000000 18.000000 C[purple]
16.740481 -18.541344 77.798961 0.293478 0.898503 0.326439 -0.955966 0.275838 0.100216 0.000000 -0.341475 0.939891 B 2.000000 4.000000 18.000000 C[purple]
-38.718677 2.642081 -77.408725 0.915742 0.377618 0.137194 -0.401768 0.860697 0.312703 -0.000000 -0.341475 0.939891 B 2.000000 4.000000 18.000000 C[purple]
-38.660841 -3.811304 -60.338766 0.940844 0.318474 0.115706 -0.338841 0.884290 0.321275 0.000000 -0.341475 0.939891 B 2.000000 4.000000 18.000000 C[purple]
-38.886973 -10.239219 -43.074866 0.898262 0.413045 0.150065 -0.439461 0.844268 0.306734 0.000000 -0.341475 0.939891 B 2.000000 4.000000 18.000000 C[purple]
-38.706695 -16.806359 -25.888420 0.835989 0.515762 0.187383 -0.548746 0.785738 0.285470 -0.000000 -0.341475 0.939891 B 2.000000 4.000000 18.000000 C[purple]
-38.618740 -23.007781 -8.439750 0.702103 0.669273 0.243156 -0.712075 0.659900 0.239751 0.000000 -0.341475 0.939891 B 2.000000 4.000000 18.000000 C[purple]
-38.870973 -29.117239 8.683626 0.618150 0.738811 0.268420 -0.786061 0.580993 0.211083 0.000000 -0.341475 0.939891 B 2.000000 4.000000 18.000000 C[purple]
-39.008322 27.348657 25.736444 0.680579 0.688634 0.250190 -0.732674 0.639670 0.232401 -0.000000 -0.341475 0.939891 B 2.000000 4.000000 18.000000 C[purple]
-39.153697 21.038554 42.943275 0.743099 0.628958 0.228509 -0.669182 0.698432 0.253750 0.000000 -0.341475 0.939891 B 2.000000 4.000000 18.000000 C[purple]
-38.861176 14.864893 59.870689 0.831339 0.522359 0.189780 -0.555766 0.781368 0.283882 0.000000 -0.341475 0.939891 B 2.000000 4.000000 18.000000 C[purple]
-38.633448 8.988891 77.213873 0.840947 0.508591 0.184778 -0.541117 0.790399 0.287163 -0.000000 -0.341475 0.939891 B 2.000000 4.000000 18.000000 C[purple]
-13.279950 3.953485 77.278156 0.751317 -0.620273 -0.225354 0.659941 0.706156 0.256556 0.000000 -0.341475 0.939891 B 2.000000 4.000000 18.000000 C[purple]
-13.464774 -2.241821 -77.153253 0.723851 -0.648484 -0.235603 0.689957 0.680340 0.247177 0.000000 -0.341475 0.939891 B 2.000000 4.000000 18.000000 C[purple]
-13.737396 -8.179568 -59.924698 0.715176 -0.656931 -0.238672 0.698944 0.672188 0.244215 0.000000 -0.341475 0.939891 B 2.000000 4.000000 18.000000 C[purple]
-14.054141 -14.531347 -42.805151 0.532177 -0.795743 -0.289104 0.846633 0.500188 0.181725 -0.000000 -0.341475 0.939891 B 2.000000 4.000000 18.000000 C[purple]
-14.060261 -20.987491 -25.571053 0.580566 -0.765271 -0.278034 0.814213 0.545669 0.198249 0.000000 -0.341475 0.939891 B 2.000000 4.000000 18.000000 C[purple]
-14.086411 -27.611124 -8.334849 0.596389 -0.754446 -0.274101 0.802695 0.560541 0.203652 0.000000 -0.341475 0.939891 B 2.000000 4.000000 18.000000 C[purple]
-13.683646 28.787848 8.878342 0.531991 -0.795853 -0.289144 0.846750 0.500013 0.181662 0.000000 -0.341475 0.939891 B 2.000000 4.000000 18.000000 C[purple]
-13.345502 22.612176 26.117153 0.641655 -0.720890 -0.261909 0.766993 0.603086 0.219109 0.000000 -0.341475 0.939891 B 2.000000 4.000000 18.000000 C[purple]
-13.420208 16.570224 43.079723 0.686226 -0.683665 -0.248385 0.727388 0.644978 0.234329 -0.000000 -0.341475 0.939891 B 2.000000 4.000000 18.000000 C[purple]
-13.160906 10.411984 60.408169 0.713896 -0.658160 -0.239119 0.700252 0.670984 0.243778 0.000000 -0.341475 0.939891 B 2.000000 4.000000 18.000000 C[purple]
1.058888 -18.150935 77.522895 0.778381 -0.590056 -0.214375 0.627792 0.731593 0.265798 0.000000 -0.341475 0.939891 B 2.000000 4.000000 18.000000 C[purple]
0.959117 -24.550055 -77.538582 0.763207 -0.607314 -0.220646 0.646154 0.717331 0.260616 -0.000000 -0.341475 0.939891 B 2.000000 4.000000 18.000000 C[purple]
0.969032 -30.511698 -60.544064 0.897881 -0.413776 -0.150330 0.440238 0.843910 0.306604 0.000000 -0.341475 0.939891 B 2.000000 4.000000 18.000000 C[purple]
0.787649 25.367878 -43.491418 0.953134 -0.284364 -0.103313 0.302550 0.895841 0.325472 0.000000 -0.341475 0.939891 B 2.000000 4.000000 18.000000 C[purple]
0.848099 19.223432 -26.247516 0.845410 -0.502012 -0.182388 0.534118 0.794593 0.288687 0.000000 -0.341475 0.939891 B 2.000000 4.000000 18.000000 C[purple]
0.882397 13.204207 -9.184235 0.935893 -0.331110 -0.120297 0.352285 0.879637 0.319584 0.000000 -0.341475 0.939891 B 2.000000 4.000000 18.000000 C[purple]
1.035350 7.316092 7.948228 0.879301 -0.447639 -0.162633 0.476267 0.826447 0.300260 -0.000000 -0.341475 0.939891 B 2.000000 4.000000 18.000000 C[purple]
0.933243 0.886234 25.573703 0.920826 -0.366533 -0.133167 0.389974 0.865476 0.314439 -0.000000 -0.341475 0.939891 B 2.000000 4.000000 18.000000 C[purple]
0.806793 -5.406657 42.869327 0.709884 -0.661982 -0.240507 0.704318 0.667214 0.242408 0.000000 -0.341475 0.939891 B 2.000000 4.000000 18.000000 C[purple]
0.855168 -11.639337 60.509941 0.797055 -0.567607 -0.206219 0.603907 0.749144 0.272175 0.000000 -0.341475 0.939891 B 2.000000 4.000000 18.000000 C[purple]
-20.182830 19.268632 77.343537 -0.494280 0.817050 0.296846 -0.869303 -0.464569 -0.168784 0.000000 -0.341475 0.939891 B 2.000000 4.000000 18.000000 C[purple]
-20.039791 12.827469 -77.256246 -0.257353 0.908233 0.329974 -0.966318 -0.241884 -0.087880 -0.000000 -0.341475 0.939891 B 2.000000 4.000000 18.000000 C[purple]
-19.812937 6.973173 -60.015502 -0.275651 0.903477 0.328246 -0.961258 -0.259082 -0.094128 0.000000 -0.341475 0.939891 B 2.000000 4.000000 18.000000 C[purple]
-19.757116 0.599589 -43.149616 -0.364649 0.875175 0.317963 -0.931145 -0.342730 -0.124519 -0.000000 -0.341475 0.939891 B 2.000000 4.000000 18.000000 C[purple]
-19.929002 -5.756347 -25.787500 -0.139119 0.930751 0.338155 -0.990276 -0.130756 -0.047506 0.000000 -0.341475 0.939891 B 2.000000 4.000000 18.000000 C[purple]
-19.848279 -12.151583 -8.774601 -0.367159 0.874247 0.317626 -0.930158 -0.345090 -0.125376 -0.000000 -0.341475 0.939891 B 2.000000 4.000000 18.000000 C[purple]
-20.014896 -18.340042 8.490248 -0.348491 0.880971 0.320069 -0.937312 -0.327544 -0.119001 0.000000 -0.341475 0.939891 B 2.000000 4.000000 18.000000 C[purple]
-20.022573 -24.710707 25.663098 -0.228044 0.915125 0.332478 -0.973651 -0.214336 -0.077871 -0.000000 -0.341475 0.939891 B 2.000000 4.000000 18.000000 C[purple]
-20.112995 -30.641326 42.713302 -0.363739 0.875509 0.318085 -0.931501 -0.341875 -0.124208 0.000000 -0.341475 0.939891 B 2.000000 4.000000 18.000000 C[purple]
-20.292160 25.708222 59.956901 -0.527341 0.798582 0.290136 -0.849654 -0.495643 -0.180074 -0.000000 -0.341475 0.939891 B 2.000000 4.000000 18.000000 C[purple]
14.863068 20.625485 77.194954 -0.204143 -0.920098 -0.334284 0.978941 -0.191872 -0.069710 -0.000000 -0.341475 0.939891 B 2.000000 4.000000 18.000000 C[purple]
15.133705 14.202297 -77.276201 -0.109999 -0.934187 -0.339403 0.993932 -0.103387 -0.037562 0.000000 -0.341475 0.939891 B 2.000000 4.000000 18.000000 C[purple]
15.170605 7.700875 -59.990371 -0.019277 -0.939716 -0.341412 0.999814 -0.018118 -0.006583 -0.000000 -0.341475 0.939891 B 2.000000 4.000000 18.000000 C[purple]
14.885058 1.498245 -42.778505 -0.313629 -0.892469 -0.324246 0.949546 -0.294777 -0.107097 0.000000 -0.341475 0.939891 B 2.000000 4.000000 18.000000 C[purple]
15.080341 -4.682766 -25.657421 -0.066058 -0.937838 -0.340730 0.997816 -0.062088 -0.022557 0.000000 -0.341475 0.939891 B 2.000000 4.000000 18.000000 C[purple]
14.825504 -10.932412 -8.162599 0.012240 -0.939820 -0.341450 0.999925 0.011504 0.004180 0.000000 -0.341475 0.939891 B 2.000000 4.000000 18.000000 C[purple]
14.411428 -17.237104 9.099503 -0.031145 -0.939435 -0.341310 0.999515 -0.029273 -0.010635 0.000000 -0.341475 0.939891 B 2.000000 4.000000 18.000000 C[purple]
14.610272 -23.289952 26.074861 -0.138622 -0.930816 -0.338179 0.990345 -0.130289 -0.047336 -0.000000 -0.341475 0.939891 B 2.000000 4.000000 18.000000 C[purple]
14.513594 -29.324723 43.103787 -0.313119 -0.892627 -0.324304 0.949714 -0.294297 -0.106922 0.000000 -0.341475 0.939891 B 2.000000 4.000000 18.000000 C[purple]
14.725351 27.004834 60.111747 -0.526069 -0.799323 -0.290405 0.850442 -0.494447 -0.179639 0.000000 -0.341475 0.939891 B 2.000000 4.000000 18.000000 C[purple]
-43.919966 -5.117073 -77.563524 -0.450699 0.839018 0.304827 -0.892676 -0.423608 -0.153903 -0.000000 -0.341475 0.939891 B 2.000000 4.000000 18.000000 C[purple]
-43.733932 -11.433464 -60.651518 -0.456661 0.836165 0.303790 -0.889641 -0.429212 -0.155939 0.000000 -0.341475 0.939891 B 2.000000 4.000000 18.000000 C[purple]
-43.878665 -17.773353 -43.555518 -0.523383 0.800879 0.290970 -0.852098 -0.491923 -0.178722 0.000000 -0.341475 0.939891 B 2.000000 4.000000 18.000000 C[purple]
-43.873540 -23.858994 -26.325306 -0.501042 0.813403 0.295521 -0.865423 -0.470924 -0.171093 0.000000 -0.341475 0.939891 B 2.000000 4.000000 18.000000 C[purple]
-43.603046 -29.917993 -8.983278 -0.482423 0.823286 0.299111 -0.875938 -0.453425 -0.164736 -0.000000 -0.341475 0.939891 B 2.000000 4.000000 18.000000 C[purple]
-43.659133 26.391875 7.931343 -0.529638 0.797238 0.289648 -0.848224 -0.497802 -0.180858 -0.000000 -0.341475 0.939891 B 2.000000 4.000000 18.000000 C[purple]
-43.941489 19.832070 25.369338 -0.487585 0.820596 0.298134 -0.873076 -0.458276 -0.166498 0.000000 -0.341475 0.939891 B 2.000000 4.000000 18.000000 C[purple]
-43.940457 13.249974 42.784824 -0.449119 0.839766 0.305099 -0.893472 -0.422123 -0.153363 -0.000000 -0.341475 0.939891 B 2.000000 4.000000 18.000000 C[purple]
-43.725127 7.253689 59.835971 -0.553217 0.782964 0.284462 -0.833037 -0.519964 -0.188910 -0.000000 -0.341475 0.939891 B 2.000000 4.000000 18.000000 C[purple]
-44.083890 0.912481 77.101516 -0.392768 0.864359 0.314034 -0.919638 -0.369159 -0.134121 0.000000 -0.341475 0.939891 B 2.000000 4.000000 18.000000 C[purple]
-43.499324 -28.101360 -77.394779 0.536387 -0.793241 -0.288196 0.843972 0.504146 0.183163 0.000000 -0.341475 0.939891 B 2.000000 4.000000 18.000000 C[purple]
-43.649533 28.281021 -60.360887 0.621080 -0.736637 -0.267630 0.783747 0.583747 0.212083 -0.000000 -0.341475 0.939891 B 2.000000 4.000000 18.000000 C[purple]
-43.435342 22.106881 -43.299597 0.410525 -0.857039 -0.311374 0.911849 0.385849 0.140184 0.000000 -0.341475 0.939891 B 2.000000 4.000000 18.000000 C[purple]
-43.497792 15.976253 -26.202330 0.257316 -0.908242 -0.329977 0.966327 0.241849 0.087867 0.000000 -0.341475 0.939891 B 2.000000 4.000000 18.000000 C[purple]
-43.585740 9.435334 -9.023204 0.277076 -0.903092 -0.328106 0.960848 0.260421 0.094615 0.000000 -0.341475 0.939891 B 2.000000 4.000000 18.000000 C[purple]
-43.383004 3.559548 8.169687 0.349675 -0.880556 -0.319918 0.936871 0.328657 0.119406 0.000000 -0.341475 0.939891 B 2.000000 4.000000 18.000000 C[purple]
-43.311958 -2.726446 25.502180 -0.008253 -0.939859 -0.341464 0.999966 -0.007757 -0.002818 -0.000000 -0.341475 0.939891 B 2.000000 4.000000 18.000000 C[purple]
-43.405584 -9.033571 42.792442 0.309164 -0.893844 -0.324746 0.951009 0.290580 0.105572 -0.000000 -0.341475 0.939891 B 2.000000 4.000000 18.000000 C[purple]
-43.468259 -15.437860 59.942833 0.187056 -0.923301 -0.335448 0.982349 0.175812 0.063875 -0.000000 -0.341475 0.939891 B 2.000000 4.000000 18.000000 C[purple]
-43.321115 -21.802892 77.200523 0.414490 -0.855351 -0.310761 0.910054 0.389575 0.141538 0.000000 -0.341475 0.939891 B 2.000000 4.000000 18.000000 C[purple]
-38.594462 -27.813355 -77.470329 -0.687719 -0.682339 -0.247903 0.725977 -0.646381 -0.234839 0.000000 -0.341475 0.939891 B 2.000000 4.000000 18.000000 C[purple]
-38.493510 28.314022 -60.018636 -0.539635 -0.791293 -0.287488 0.841899 -0.507198 -0.184272 0.000000 -0.341475 0.939891 B 2.000000 4.000000 18.000000 C[purple]
-38.711934 21.805443 -42.905605 -0.523467 -0.800830 -0.290953 0.852046 -0.492001 -0.178751 0.000000 -0.341475 0.939891 B 2.000000 4.000000 18.000000 C[purple]
-38.787322 15.449596 -25.477019 -0.520898 -0.802309 -0.291490 0.853619 -0.489587 -0.177874 -0.000000 -0.341475 0.939891 B 2.000000 4.000000 18.000000 C[purple]
-38.475250 9.326307 -8.376904 -0.490755 -0.818924 -0.297527 0.871297 -0.461256 -0.167581 -0.000000 -0.341475 0.939891 B 2.000000 4.000000 18.000000 C[purple]
-38.625353 3.255464 8.819948 -0.792226 -0.573547 -0.208378 0.610228 -0.744606 -0.270526 -0.000000 -0.341475 0.939891 B 2.000000 4.000000 18.000000 C[purple]
-38.689847 -2.727475 25.830660 -0.824027 -0.532496 -0.193463 0.566551 -0.774495 -0.281385 0.000000 -0.341475 0.939891 B 2.000000 4.000000 18.000000 C[purple]
-38.625678 -9.141593 42.879640 -0.846078 -0.501017 -0.182027 0.533059 -0.795221 -0.288915 0.000000 -0.341475 0.939891 B 2.000000 4.000000 18.000000 C[purple]
-38.675535 -15.467214 59.877688 -0.931434 -0.342037 -0.124267 0.363911 -0.875446 -0.318062 0.000000 -0.341475 0.939891 B 2.000000 4.000000 18.000000 C[purple]
-38.395812 -21.830431 77.090394 -0.822604 -0.534436 -0.194168 0.568615 -0.773157 -0.280899 0.000000 -0.341475 0.939891 B 2.000000 4.000000 18.000000 C[purple]
-34.721785 11.175044 77.368399 0.963810 -0.250565 -0.091034 0.266589 0.905876 0.329117 0.000000 -0.341475 0.939891 B 2.000000 4.000000 18.000000 C[purple]
-34.435394 4.904498 -77.448674 0.954092 -0.281511 -0.102277 0.299515 0.896742 0.325799 0.000000 -0.341475 0.939891 B 2.000000 4.000000 18.000000 C[purple]
-34.561610 -1.164982 -60.012571 0.961719 -0.257565 -0.093577 0.274037 0.903911 0.328403 0.000000 -0.341475 0.939891 B 2.000000 4.000000 18.000000 C[purple]
-34.789347 -7.540206 -43.069278 0.981621 -0.179369 -0.065167 0.190841 0.922616 0.335199 0.000000 -0.341475 0.939891 B 2.000000 4.000000 18.000000 C[purple]
-34.568102 -13.901503 -25.648126 0.999991 -0.003920 -0.001424 0.004170 0.939883 0.341472 0.000000 -0.341475 0.939891 B 2.000000 4.000000 18.000000 C[purple]
-34.643517 -20.146594 -8.469946 0.970472 -0.226713 -0.082368 0.241212 0.912138 0.331392 0.000000 -0.341475 0.939891 B 2.000000 4.000000 18.000000 C[purple]
-34.406422 -26.429004 8.776475 0.919729 -0.368957 -0.134047 0.392553 0.864445 0.314065 -0.000000 -0.341475 0.939891 B 2.000000 4.000000 18.000000 C[purple]
-34.556902 29.939648 25.967786 0.941510 -0.316729 -0.115072 0.336985 0.884917 0.321503 -0.000000 -0.341475 0.939891 B 2.000000 4.000000 18.000000 C[purple]
-34.791933 23.652323 42.984330 0.903890 -0.402053 -0.146071 0.427766 0.849557 0.308656 -0.000000 -0.341475 0.939891 B 2.000000 4.000000 18.000000 C[purple]
-34.800834 17.289358 60.085558 0.999092 -0.040035 -0.014545 0.042596 0.939038 0.341165 0.000000 -0.341475 0.939891 B 2.000000 4.000000 18.000000 C[purple]
39.953648 9.559905 77.563133 -0.392801 0.864345 0.314029 -0.919623 -0.369190 -0.134132 -0.000000 -0.341475 0.939891 B 2.000000 4.000000 18.000000 C[purple]
39.974221 3.416366 -77.447105 -0.344943 0.882204 0.320517 -0.938624 -0.324208 -0.117789 0.000000 -0.341475 0.939891 B 2.000000 4.000000 18.000000 C[purple]
39.791734 -3.059565 -60.433060 -0.544110 0.788581 0.286503 -0.839014 -0.511404 -0.185800 0.000000 -0.341475 0.939891 B 2.000000 4.000000 18.000000 C[purple]
39.896199 -9.489463 -42.949879 -0.546331 0.787224 0.286009 -0.837570 -0.513491 -0.186558 -0.000000 -0.341475 0.939891 B 2.000000 4.000000 18.000000 C[purple]
40.139758 -15.666610 -25.984776 -0.723905 0.648430 0.235584 -0.689899 -0.680392 -0.247196 0.000000 -0.341475 0.939891 B 2.000000 4.000000 18.000000 C[purple]
39.850834 -21.869128 -8.768777 -0.655773 0.709578 0.257800 -0.754958 -0.616355 -0.223930 -0.000000 -0.341475 0.939891 B 2.000000 4.000000 18.000000 C[purple]
40.035303 -28.079371 8.555477 -0.300356 0.896493 0.325708 -0.953827 -0.282302 -0.102564 0.000000 -0.341475 0.939891 B 2.000000 4.000000 18.000000 C[purple]
40.249482 28.087184 25.988973 0.028628 0.939505 0.341335 -0.999590 0.026907 0.009776 0.000000 -0.341475 0.939891 B 2.000000 4.000000 18.000000 C[purple]
40.091414 21.857057 43.085487 -0.316415 0.891600 0.323931 -0.948621 -0.297395 -0.108048 -0.000000 -0.341475 0.939891 B 2.000000 4.000000 18.000000 C[purple]
39.948365 15.829276 60.552552 -0.337185 0.884849 0.321478 -0.941438 -0.316917 -0.115140 -0.000000 -0.341475 0.939891 B 2.000000 4.000000 18.000000 C[purple]
19.741978 10.056805 77.232380 -0.320305 -0.890372 -0.323485 0.947314 -0.301052 -0.109376 0.000000 -0.341475 0.939891 B 2.000000 4.000000 18.000000 C[purple]
19.762081 3.775875 -77.561828 -0.138756 -0.930799 -0.338172 0.990327 -0.130415 -0.047382 -0.000000 -0.341475 0.939891 B 2.000000 4.000000 18.000000 C[purple]
19.667321 -2.431757 -60.192167 -0.505716 -0.810844 -0.294591 0.862700 -0.475317 -0.172689 0.000000 -0.341475 0.939891 B 2.000000 4.000000 18.000000 C[purple]
19.587660 -8.733648 -43.079312 -0.168942 -0.926381 -0.336567 0.985626 -0.158787 -0.057689 0.000000 -0.341475 0.939891 B 2.000000 4.000000 18.000000 C[purple]
19.718399 -15.039843 -25.545955 -0.145230 -0.929926 -0.337855 0.989398 -0.136500 -0.049593 0.000000 -0.341475 0.939891 B 2.000000 4.000000 18.000000 C[purple]
19.922252 -21.342508 -8.424601 -0.013257 -0.939808 -0.341445 0.999912 -0.012460 -0.004527 -0.000000 -0.341475 0.939891 B 2.000000 4.000000 18.000000 C[purple]
19.536598 -27.475440 8.628183 -0.190892 -0.922607 -0.335196 0.981611 -0.179418 -0.065185 0.000000 -0.341475 0.939891 B 2.000000 4.000000 18.000000 C[purple]
19.535793 28.462875 25.705337 -0.137668 -0.930941 -0.338224 0.990478 -0.129393 -0.047010 -0.000000 -0.341475 0.939891 B 2.000000 4.000000 18.000000 C[purple]
19.666772 22.442401 43.017960 -0.169760 -0.926249 -0.336519 0.985486 -0.159555 -0.057969 -0.000000 -0.341475 0.939891 B 2.000000 4.000000 18.000000 C[purple]
19.447061 16.300649 60.192875 -0.296634 -0.897587 -0.326106 0.954991 -0.278804 -0.101293 -0.000000 -0.341475 0.939891 B 2.000000 4.000000 18.000000 C[purple]
-7.115954 -22.288966 77.277522 0.891995 -0.424873 -0.154362 0.452045 0.838378 0.304594 0.000000 -0.341475 0.939891 B 2.000000 4.000000 18.000000 C[purple]
-7.456986 -28.618826 -77.309040 0.864171 -0.472952 -0.171830 0.503199 0.812226 0.295093 -0.000000 -0.341475 0.939891 B 2.000000 4.000000 18.000000 C[purple]
-7.661808 27.566988 -60.332179 0.674147 -0.694201 -0.252213 0.738597 0.633625 0.230205 0.000000 -0.341475 0.939891 B 2.000000 4.000000 18.000000 C[purple]
-7.627670 21.347272 -43.276990 0.748645 -0.623120 -0.226388 0.662971 0.703645 0.255644 0.000000 -0.341475 0.939891 B 2.000000 4.000000 18.000000 C[purple]
-7.552995 15.396329 -26.034093 0.782351 -0.585400 -0.212684 0.622838 0.735324 0.267153 -0.000000 -0.341475 0.939891 B 2.000000 4.000000 18.000000 C[purple]
-7.679758 8.842244 -8.855902 0.885765 -0.436235 -0.158490 0.464134 0.832522 0.302467 -0.000000 -0.341475 0.939891 B 2.000000 4.000000 18.000000 C[purple]
-7.352298 2.658741 8.598810 0.829241 -0.525296 -0.190847 0.558891 0.779396 0.283166 -0.000000 -0.341475 0.939891 B 2.000000 4.000000 18.000000 C[purple]
-7.121599 -3.431499 25.778339 0.828938 -0.525720 -0.191001 0.559341 0.779111 0.283062 0.000000 -0.341475 0.939891 B 2.000000 4.000000 18.000000 C[purple]
-6.872350 -9.471587 42.969619 0.662837 -0.703756 -0.255685 0.748764 0.622994 0.226342 -0.000000 -0.341475 0.939891 B 2.000000 4.000000 18.000000 C[purple]
-7.120707 -15.884131 60.029769 0.687610 -0.682436 -0.247939 0.726081 0.646278 0.234802 0.000000 -0.341475 0.939891 B 2.000000 4.000000 18.000000 C[purple]
16.413470 -0.902912 -77.298431 0.948784 -0.296936 -0.107881 0.315926 0.891753 0.323986 0.000000 -0.341475 0.939891 B 2.000000 4.000000 18.000000 C[purple]
16.561094 -7.087757 -60.275322 0.925629 -0.355685 -0.129226 0.378433 0.869990 0.316079 0.000000 -0.341475 0.939891 B 2.000000 4.000000 18.000000 C[purple]
16.723348 -13.015606 -43.170967 0.922907 -0.361879 -0.131476 0.385022 0.867432 0.315150 -0.000000 -0.341475 0.939891 B 2.000000 4.000000 18.000000 C[purple]
16.608197 -19.583251 -26.223856 0.980905 -0.182799 -0.066413 0.194490 0.921943 0.334955 0.000000 -0.341475 0.939891 B 2.000000 4.000000 18.000000 C[purple]
16.420121 -26.133718 -8.805530 0.971179 -0.224025 -0.081391 0.238352 0.912802 0.331634 0.000000 -0.341475 0.939891 B 2.000000 4.000000 18.000000 C[purple]
16.363179 30.100203 8.564932 0.906496 -0.396836 -0.144176 0.422215 0.852007 0.309546 0.000000 -0.341475 0.939891 B 2.000000 4.000000 18.000000 C[purple]
16.654361 23.850322 26.118240 0.887983 -0.432233 -0.157036 0.459875 0.834607 0.303225 0.000000 -0.341475 0.939891 B 2.000000 4.000000 18.000000 C[purple]
16.318932 17.693830 43.042159 0.919542 -0.369370 -0.134197 0.392993 0.864269 0.314001 0.000000 -0.341475 0.939891 B 2.000000 4.000000 18.000000 C[purple]
16.119199 11.461697 60.287441 0.951523 -0.289091 -0.105031 0.307579 0.894327 0.324922 0.000000 -0.341475 0.939891 B 2.000000 4.000000 18.000000 C[purple]
16.086067 5.292270 77.320571 0.959464 -0.264891 -0.096238 0.281831 0.901791 0.327633 -0.000000 -0.341475 0.939891 B 2.000000 4.000000 18.000000 C[purple]
-4.484461 -30.217450 77.264194 0.842725 0.505984 0.183831 -0.538344 0.792070 0.287770 0.000000 -0.341475 0.939891 B 2.000000 4.000000 18.000000 C[purple]
-4.603445 26.415693 -77.398292 0.830528 0.523498 0.190194 -0.556977 0.780605 0.283605 0.000000 -0.341475 0.939891 B 2.000000 4.000000 18.000000 C[purple]
-4.835683 20.191823 -60.097153 0.617356 0.739397 0.268633 -0.786684 0.580247 0.210812 -0.000000 -0.341475 0.939891 B 2.000000 4.000000 18.000000 C[purple]
-4.768492 14.189974 -42.992273 0.718031 0.654174 0.237671 -0.696011 0.674871 0.245190 0.000000 -0.341475 0.939891 B 2.000000 4.000000 18.000000 C[purple]
-4.838735 7.744282 -25.965628 0.597272 0.753829 0.273877 -0.802039 0.561370 0.203954 -0.000000 -0.341475 0.939891 B 2.000000 4.000000 18.000000 C[purple]
-4.544832 1.366342 -8.585695 0.541609 0.790101 0.287055 -0.840631 0.509053 0.184946 -0.000000 -0.341475 0.939891 B 2.000000 4.000000 18.000000 C[purple]
-4.369792 -5.201718 8.751523 0.558330 0.779751 0.283295 -0.829619 0.524769 0.190656 -0.000000 -0.341475 0.939891 B 2.000000 4.000000 18.000000 C[purple]
-4.172786 -11.453232 25.810168 0.802863 0.560329 0.203575 -0.596164 0.754603 0.274158 -0.000000 -0.341475 0.939891 B 2.000000 4.000000 18.000000 C[purple]
-4.241476 -18.054244 43.133617 0.837032 0.514264 0.186839 -0.547153 0.786719 0.285826 0.000000 -0.341475 0.939891 B 2.000000 4.000000 18.000000 C[purple]
-4.645893 -24.345247 60.237718 0.838128 0.512685 0.186266 -0.545473 0.787749 0.286200 0.000000 -0.341475 0.939891 B 2.000000 4.000000 18.000000 C[purple]
-24.371885 25.615439 77.867844 0.090975 0.935993 0.340059 -0.995853 0.085507 0.031066 -0.000000 -0.341475 0.939891 B 2.000000 4.000000 18.000000 C[purple]
-24.036577 19.164061 -77.061226 0.244886 0.911273 0.331078 -0.969552 0.230166 0.083623 -0.000000 -0.341475 0.939891 B 2.000000 4.000000 18.000000 C[purple]
-24.084389 13.148114 -59.998040 0.007855 0.939862 0.341465 -0.999969 0.007383 0.002682 -0.000000 -0.341475 0.939891 B 2.000000 4.000000 18.000000 C[purple]
-24.314330 6.723626 -42.604481 0.122771 0.932780 0.338892 -0.992435 0.115391 0.041923 0.000000 -0.341475 0.939891 B 2.000000 4.000000 18.000000 C[purple]
-24.463410 0.468737 -25.500549 0.066298 0.937823 0.340724 -0.997800 0.062313 0.022639 -0.000000 -0.341475 0.939891 B 2.000000 4.000000 18.000000 C[purple]
-24.167539 -6.006794 -8.166067 -0.078375 0.937000 0.340425 -0.996924 -0.073664 -0.026763 -0.000000 -0.341475 0.939891 B 2.000000 4.000000 18.000000 C[purple]
-23.912470 -12.174085 9.087508 -0.185054 0.923657 0.335578 -0.982728 -0.173930 -0.063191 0.000000 -0.341475 0.939891 B 2.000000 4.000000 18.000000 C[purple]
-24.207339 -18.437017 26.357020 -0.124207 0.932612 0.338831 -0.992256 -0.116741 -0.042414 0.000000 -0.341475 0.939891 B 2.000000 4.000000 18.000000 C[purple]
-24.485967 -24.701232 43.638395 0.051743 0.938632 0.341018 -0.998660 0.048633 0.017669 0.000000 -0.341475 0.939891 B 2.000000 4.000000 18.000000 C[purple]
-24.613937 -30.775436 60.872983 0.221419 0.916561 0.333000 -0.975179 0.208110 0.075609 -0.000000 -0.341475 0.939891 B 2.000000 4.000000 18.000000 C[purple]
33.310825 -20.380366 -77.831440 0.773737 0.595427 0.216327 -0.633507 0.727228 0.264212 0.000000 -0.341475 0.939891 B 2.000000 4.000000 18.000000 C[purple]
32.978721 -26.367772 -60.547529 0.770938 0.598626 0.217489 -0.636910 0.724598 0.263256 0.000000 -0.341475 0.939891 B 2.000000 4.000000 18.000000 C[purple]
32.823075 29.789431 -43.007138 0.893890 0.421340 0.153079 -0.448286 0.840159 0.305242 -0.000000 -0.341475 0.939891 B 2.000000 4.000000 18.000000 C[purple]
32.851804 23.623765 -25.949610 0.693957 0.676737 0.245868 -0.720016 0.652244 0.236969 -0.000000 -0.341475 0.939891 B 2.000000 4.000000 18.000000 C[purple]
32.994332 17.127740 -9.001150 0.789605 0.576731 0.209534 -0.613615 0.742143 0.269631 0.000000 -0.341475 0.939891 B 2.000000 4.000000 18.000000 C[purple]
33.073639 10.763213 8.438858 0.903009 0.403797 0.146705 -0.429622 0.848730 0.308355 -0.000000 -0.341475 0.939891 B 2.000000 4.000000 18.000000 C[purple]
33.202525 4.570048 25.508003 0.858835 0.481461 0.174922 -0.512252 0.807211 0.293271 0.000000 -0.341475 0.939891 B 2.000000 4.000000 18.000000 C[purple]
33.420105 -1.673731 42.420034 0.939148 0.322865 0.117301 -0.343513 0.882696 0.320696 0.000000 -0.341475 0.939891 B 2.000000 4.000000 18.000000 C[purple]
33.277082 -8.018286 59.726524 0.875021 0.454987 0.165303 -0.484085 0.822424 0.298798 0.000000 -0.341475 0.939891 B 2.000000 4.000000 18.000000 C[purple]
33.329744 -14.186535 77.140614 0.817109 0.541832 0.196855 -0.576484 0.767993 0.279023 0.000000 -0.341475 0.939891 B 2.000000 4.000000 18.000000 C[purple]
-40.007800 -20.240363 -77.576675 0.801774 0.561705 0.204075 -0.597628 0.753580 0.273786 0.000000 -0.341475 0.939891 B 2.000000 4.000000 18.000000 C[purple]
-39.926778 -26.589483 -60.204264 0.901275 0.407206 0.147944 -0.433248 0.847100 0.307763 0.000000 -0.341475 0.939891 B 2.000000 4.000000 18.000000 C[purple]
-40.040788 29.552555 -42.990065 0.969641 0.229835 0.083502 -0.244533 0.911356 0.331109 0.000000 -0.341475 0.939891 B 2.000000 4.000000 18.000000 C[purple]
-40.051971 23.431662 -25.709611 0.889880 0.428773 0.155779 -0.456195 0.836390 0.303872 -0.000000 -0.341475 0.939891 B 2.000000 4.000000 18.000000 C[purple]
-40.288956 17.224990 -8.757974 0.922787 0.362150 0.131574 -0.385311 0.867319 0.315109 -0.000000 -0.341475 0.939891 B 2.000000 4.000000 18.000000 C[purple]
-40.127767 11.086258 8.456337 0.834493 0.517898 0.188160 -0.551019 0.784332 0.284959 -0.000000 -0.341475 0.939891 B 2.000000 4.000000 18.000000 C[purple]
