0.711347 -14.264352 78.045760 0.995481 -0.089255 -0.032428 0.094964 0.935643 0.339932 -0.000000 -0.341475 0.939891 B 2.000000 4.000000 18.000000 C[purple]
0.837344 -20.379720 -76.660077 0.957626 -0.270703 -0.098350 0.288015 0.900064 0.327006 0.000000 -0.341475 0.939891 B 2.000000 4.000000 18.000000 C[purple]
0.870141 -26.347339 -59.452822 0.982920 -0.172971 -0.062843 0.184033 0.923837 0.335643 0.000000 -0.341475 0.939891 B 2.000000 4.000000 18.000000 C[purple]
0.676772 29.955078 -42.132328 0.989765 -0.134128 -0.048731 0.142706 0.930271 0.337980 0.000000 -0.341475 0.939891 B 2.000000 4.000000 18.000000 C[purple]
0.903951 23.553845 -25.248869 0.987116 -0.150388 -0.054638 0.160006 0.927781 0.337076 0.000000 -0.341475 0.939891 B 2.000000 4.000000 18.000000 C[purple]
0.880841 16.865173 -8.040121 0.998355 -0.053883 -0.019577 0.057329 0.938345 0.340914 0.000000 -0.341475 0.939891 B 2.000000 4.000000 18.000000 C[purple]
0.815996 10.541476 8.927304 0.967356 0.238189 0.086537 -0.253422 0.909209 0.330328 -0.000000 -0.341475 0.939891 B 2.000000 4.000000 18.000000 C[purple]
0.822602 4.139113 26.205993 0.998678 0.048308 0.017551 -0.051398 0.938648 0.341024 -0.000000 -0.341475 0.939891 B 2.000000 4.000000 18.000000 C[purple]
0.876781 -1.997051 43.462641 0.919569 0.369310 0.134175 -0.392928 0.864294 0.314010 0.000000 -0.341475 0.939891 B 2.000000 4.000000 18.000000 C[purple]
0.746540 -8.271113 60.656059 0.998054 0.058608 0.021293 -0.062356 0.938062 0.340811 0.000000 -0.341475 0.939891 B 2.000000 4.000000 18.000000 C[purple]
40.082083 4.840299 77.397143 -0.389570 -0.865636 -0.314498 0.920997 -0.366153 -0.133029 -0.000000 -0.341475 0.939891 B 2.000000 4.000000 18.000000 C[purple]
40.153184 -1.145139 -77.429325 -0.594464 -0.755787 -0.274588 0.804122 -0.558731 -0.202995 0.000000 -0.341475 0.939891 B 2.000000 4.000000 18.000000 C[purple]
40.471627 -7.472233 -60.339166 -0.359959 -0.876888 -0.318586 0.932968 -0.338322 -0.122917 -0.000000 -0.341475 0.939891 B 2.000000 4.000000 18.000000 C[purple]
40.483024 -13.850698 -43.155451 -0.405080 -0.859325 -0.312205 0.914281 -0.380731 -0.138325 0.000000 -0.341475 0.939891 B 2.000000 4.000000 18.000000 C[purple]
40.180200 -20.068366 -25.682377 -0.271020 -0.904714 -0.328695 0.962574 -0.254730 -0.092547 -0.000000 -0.341475 0.939891 B 2.000000 4.000000 18.000000 C[purple]
40.290366 -26.528168 -8.355420 -0.554950 -0.781880 -0.284068 0.831884 -0.521592 -0.189502 0.000000 -0.341475 0.939891 B 2.000000 4.000000 18.000000 C[purple]
40.132325 29.692663 8.573041 -0.345169 -0.882125 -0.320488 0.938540 -0.324422 -0.117867 -0.000000 -0.341475 0.939891 B 2.000000 4.000000 18.000000 C[purple]
40.160750 23.407051 25.601999 -0.415135 -0.855075 -0.310661 0.909760 -0.390182 -0.141758 -0.000000 -0.341475 0.939891 B 2.000000 4.000000 18.000000 C[purple]
39.918668 17.343447 42.620061 -0.480871 -0.824088 -0.299403 0.876791 -0.451966 -0.164206 -0.000000 -0.341475 0.939891 B 2.000000 4.000000 18.000000 C[purple]
39.770318 11.256171 60.048112 -0.386259 -0.866946 -0.314974 0.922391 -0.363041 -0.131898 0.000000 -0.341475 0.939891 B 2.000000 4.000000 18.000000 C[purple]
-14.354440 0.119283 77.412773 0.745824 -0.626102 -0.227471 0.666143 0.700993 0.254681 0.000000 -0.341475 0.939891 B 2.000000 4.000000 18.000000 C[purple]
-14.417857 -6.384122 -77.296415 0.916907 -0.375112 -0.136283 0.399102 0.861792 0.313101 -0.000000 -0.341475 0.939891 B 2.000000 4.000000 18.000000 C[purple]
-14.187314 -12.297113 -60.063820 0.956522 -0.274128 -0.099595 0.291660 0.899026 0.326629 -0.000000 -0.341475 0.939891 B 2.000000 4.000000 18.000000 C[purple]
-14.242101 -18.486366 -43.138367 0.935422 -0.332282 -0.120723 0.353532 0.879195 0.319424 -0.000000 -0.341475 0.939891 B 2.000000 4.000000 18.000000 C[purple]
-14.177564 -24.971497 -25.670400 0.936754 -0.328951 -0.119512 0.349988 0.880446 0.319878 0.000000 -0.341475 0.939891 B 2.000000 4.000000 18.000000 C[purple]
-14.027714 -30.989743 -8.604919 0.880630 -0.445325 -0.161793 0.473805 0.827696 0.300713 -0.000000 -0.341475 0.939891 B 2.000000 4.000000 18.000000 C[purple]
-13.787001 25.610188 8.604289 0.844769 -0.502965 -0.182734 0.535131 0.793991 0.288468 0.000000 -0.341475 0.939891 B 2.000000 4.000000 18.000000 C[purple]
-13.644762 18.998229 25.695892 0.884092 -0.439222 -0.159576 0.467312 0.830950 0.301896 -0.000000 -0.341475 0.939891 B 2.000000 4.000000 18.000000 C[purple]
-13.913786 12.559429 42.801571 0.852880 -0.490724 -0.178287 0.522107 0.801614 0.291238 0.000000 -0.341475 0.939891 B 2.000000 4.000000 18.000000 C[purple]
-14.252944 6.218833 59.944254 0.781413 -0.586506 -0.213086 0.624015 0.734442 0.266833 -0.000000 -0.341475 0.939891 B 2.000000 4.000000 18.000000 C[purple]
23.995893 12.967337 77.403205 0.894552 0.420096 0.152627 -0.446963 0.840782 0.305468 -0.000000 -0.341475 0.939891 B 2.000000 4.000000 18.000000 C[purple]
23.988924 6.794585 -77.544600 0.994157 0.101453 0.036859 -0.107941 0.934399 0.339480 -0.000000 -0.341475 0.939891 B 2.000000 4.000000 18.000000 C[purple]
23.966339 0.500612 -60.503740 0.967711 0.236913 0.086074 -0.252064 0.909542 0.330449 0.000000 -0.341475 0.939891 B 2.000000 4.000000 18.000000 C[purple]
23.894457 -5.805540 -43.048325 0.955431 0.277469 0.100808 -0.295214 0.898001 0.326256 0.000000 -0.341475 0.939891 B 2.000000 4.000000 18.000000 C[purple]
23.727450 -12.150733 -25.852096 0.998533 0.050899 0.018492 -0.054154 0.938511 0.340974 -0.000000 -0.341475 0.939891 B 2.000000 4.000000 18.000000 C[purple]
23.651286 -18.362274 -8.349967 0.999931 0.011031 0.004008 -0.011737 0.939826 0.341452 -0.000000 -0.341475 0.939891 B 2.000000 4.000000 18.000000 C[purple]
23.903302 -24.779776 8.597960 0.997889 0.061035 0.022175 -0.064939 0.937907 0.340755 -0.000000 -0.341475 0.939891 B 2.000000 4.000000 18.000000 C[purple]
24.092847 -30.851814 25.861434 0.994055 0.102335 0.037180 -0.108880 0.934303 0.339445 -0.000000 -0.341475 0.939891 B 2.000000 4.000000 18.000000 C[purple]
24.182372 25.473771 42.791011 0.943470 0.311535 0.113185 -0.331459 0.886758 0.322172 0.000000 -0.341475 0.939891 B 2.000000 4.000000 18.000000 C[purple]
24.061374 19.025533 60.272496 0.960683 0.260958 0.094810 -0.277647 0.902937 0.328050 0.000000 -0.341475 0.939891 B 2.000000 4.000000 18.000000 C[purple]
1.294698 6.540375 -77.146366 0.977482 0.198335 0.072058 -0.211019 0.918726 0.333786 -0.000000 -0.341475 0.939891 B 2.000000 4.000000 18.000000 C[purple]
1.087447 0.311748 -59.889944 0.998363 -0.053759 -0.019531 0.057197 0.938352 0.340916 -0.000000 -0.341475 0.939891 B 2.000000 4.000000 18.000000 C[purple]
1.017752 -6.122677 -42.968485 0.996162 -0.082267 -0.029889 0.087528 0.936283 0.340165 -0.000000 -0.341475 0.939891 B 2.000000 4.000000 18.000000 C[purple]
0.955328 -12.619192 -25.613778 0.982628 0.174430 0.063373 -0.185585 0.923563 0.335543 0.000000 -0.341475 0.939891 B 2.000000 4.000000 18.000000 C[purple]
0.901284 -18.536616 -8.352313 0.996962 -0.073203 -0.026596 0.077884 0.937036 0.340438 0.000000 -0.341475 0.939891 B 2.000000 4.000000 18.000000 C[purple]
0.978490 -24.838405 8.740197 0.991632 -0.121333 -0.044082 0.129093 0.932026 0.338618 -0.000000 -0.341475 0.939891 B 2.000000 4.000000 18.000000 C[purple]
1.116373 31.096711 25.825443 0.998670 0.048450 0.017603 -0.051549 0.938641 0.341021 0.000000 -0.341475 0.939891 B 2.000000 4.000000 18.000000 C[purple]
1.090144 24.791492 43.178967 0.997632 -0.064639 -0.023484 0.068773 0.937665 0.340667 0.000000 -0.341475 0.939891 B 2.000000 4.000000 18.000000 C[purple]
1.151898 18.670525 60.339426 0.970011 -0.228451 -0.082999 0.243061 0.911704 0.331235 0.000000 -0.341475 0.939891 B 2.000000 4.000000 18.000000 C[purple]
1.257648 12.870717 77.490614 0.989065 -0.138618 -0.050362 0.147483 0.929613 0.337741 -0.000000 -0.341475 0.939891 B 2.000000 4.000000 18.000000 C[purple]
33.049121 21.796053 77.849410 -0.846788 0.499956 0.181641 -0.531930 -0.795888 -0.289157 0.000000 -0.341475 0.939891 B 2.000000 4.000000 18.000000 C[purple]
32.688842 15.652596 -76.996598 -0.816709 0.542363 0.197048 -0.577049 -0.767617 -0.278886 -0.000000 -0.341475 0.939891 B 2.000000 4.000000 18.000000 C[purple]
32.677164 9.119557 -59.741019 -0.840631 0.509053 0.184946 -0.541608 -0.790101 -0.287055 -0.000000 -0.341475 0.939891 B 2.000000 4.000000 18.000000 C[purple]
32.591787 2.702408 -42.849045 -0.771055 0.598493 0.217441 -0.636769 -0.724707 -0.263296 -0.000000 -0.341475 0.939891 B 2.000000 4.000000 18.000000 C[purple]
32.808419 -3.397018 -25.643800 -0.498304 0.814887 0.296060 -0.867002 -0.468352 -0.170159 0.000000 -0.341475 0.939891 B 2.000000 4.000000 18.000000 C[purple]
32.617300 -9.702963 -8.258233 -0.727570 0.644796 0.234263 -0.686033 -0.683837 -0.248447 0.000000 -0.341475 0.939891 B 2.000000 4.000000 18.000000 C[purple]
32.867130 -15.762162 8.760561 -0.774853 0.594144 0.215861 -0.632142 -0.728277 -0.264593 -0.000000 -0.341475 0.939891 B 2.000000 4.000000 18.000000 C[purple]
33.011601 -21.963155 26.229878 -0.572254 0.770782 0.280036 -0.820077 -0.537856 -0.195411 0.000000 -0.341475 0.939891 B 2.000000 4.000000 18.000000 C[purple]
33.038365 -28.314201 43.200540 -0.780329 0.587779 0.213548 -0.625369 -0.733424 -0.266463 0.000000 -0.341475 0.939891 B 2.000000 4.000000 18.000000 C[purple]
33.162483 28.115381 60.449923 -0.831641 0.521935 0.189626 -0.555314 -0.781651 -0.283985 0.000000 -0.341475 0.939891 B 2.000000 4.000000 18.000000 C[purple]
39.033797 -16.391515 77.546131 0.973090 -0.216576 -0.078685 0.230426 0.914598 0.332286 -0.000000 -0.341475 0.939891 B 2.000000 4.000000 18.000000 C[purple]
38.946138 -22.828543 -77.484720 0.940543 -0.319258 -0.115991 0.339676 0.884007 0.321172 -0.000000 -0.341475 0.939891 B 2.000000 4.000000 18.000000 C[purple]
38.880629 -29.286664 -60.141882 0.999982 -0.005621 -0.002042 0.005981 0.939874 0.341469 0.000000 -0.341475 0.939891 B 2.000000 4.000000 18.000000 C[purple]
38.871397 26.712250 -42.847067 0.950660 -0.291587 -0.105938 0.310235 0.893516 0.324627 0.000000 -0.341475 0.939891 B 2.000000 4.000000 18.000000 C[purple]
38.872874 20.184807 -25.966003 0.904786 -0.400268 -0.145423 0.425866 0.850400 0.308962 0.000000 -0.341475 0.939891 B 2.000000 4.000000 18.000000 C[purple]
39.123517 13.893439 -8.578981 0.840348 -0.509466 -0.185096 0.542048 0.789835 0.286958 -0.000000 -0.341475 0.939891 B 2.000000 4.000000 18.000000 C[purple]
39.436338 7.847784 8.697692 0.854686 -0.487939 -0.177275 0.519145 0.803312 0.291854 0.000000 -0.341475 0.939891 B 2.000000 4.000000 18.000000 C[purple]
39.168334 1.416813 26.019948 0.906156 -0.397521 -0.144425 0.422944 0.851687 0.309430 0.000000 -0.341475 0.939891 B 2.000000 4.000000 18.000000 C[purple]
39.057898 -4.454208 43.119055 0.934900 -0.333579 -0.121194 0.354912 0.878703 0.319245 0.000000 -0.341475 0.939891 B 2.000000 4.000000 18.000000 C[purple]
39.088492 -10.315609 60.177084 0.989659 -0.134818 -0.048981 0.143440 0.930171 0.337944 -0.000000 -0.341475 0.939891 B 2.000000 4.000000 18.000000 C[purple]
42.864056 24.023017 77.615622 0.407133 0.858467 0.311893 -0.913369 0.382660 0.139026 -0.000000 -0.341475 0.939891 B 2.000000 4.000000 18.000000 C[purple]
42.975829 18.045137 -77.346542 0.450730 0.839003 0.304822 -0.892660 0.423637 0.153913 0.000000 -0.341475 0.939891 B 2.000000 4.000000 18.000000 C[purple]
42.834062 12.144707 -60.309190 0.484444 0.822237 0.298730 -0.874822 0.455325 0.165426 -0.000000 -0.341475 0.939891 B 2.000000 4.000000 18.000000 C[purple]
42.662453 5.931438 -43.112477 0.274688 0.903736 0.328340 -0.961533 0.258177 0.093799 0.000000 -0.341475 0.939891 B 2.000000 4.000000 18.000000 C[purple]
42.718252 -0.519447 -25.615024 0.222647 0.916299 0.332904 -0.974899 0.209264 0.076028 0.000000 -0.341475 0.939891 B 2.000000 4.000000 18.000000 C[purple]
42.963288 -6.740867 -8.119867 0.334361 0.885795 0.321822 -0.942445 0.314263 0.114176 -0.000000 -0.341475 0.939891 B 2.000000 4.000000 18.000000 C[purple]
43.131430 -13.078455 9.070044 0.032344 0.939399 0.341297 -0.999477 0.030400 0.011045 -0.000000 -0.341475 0.939891 B 2.000000 4.000000 18.000000 C[purple]
43.339622 -19.571478 26.531706 0.024642 0.939605 0.341372 -0.999696 0.023160 0.008415 0.000000 -0.341475 0.939891 B 2.000000 4.000000 18.000000 C[purple]
42.990310 -25.775960 43.554393 0.174927 0.925399 0.336210 -0.984581 0.164413 0.059733 0.000000 -0.341475 0.939891 B 2.000000 4.000000 18.000000 C[purple]
42.711954 30.525767 60.461824 0.190622 0.922656 0.335214 -0.981664 0.179164 0.065093 -0.000000 -0.341475 0.939891 B 2.000000 4.000000 18.000000 C[purple]
-31.393446 -16.635741 -77.187103 -0.637994 0.723755 0.262950 -0.770041 -0.599644 -0.217859 -0.000000 -0.341475 0.939891 B 2.000000 4.000000 18.000000 C[purple]
-31.137237 -22.888730 -60.058722 -0.739422 0.632774 0.229896 -0.673242 -0.694976 -0.252495 0.000000 -0.341475 0.939891 B 2.000000 4.000000 18.000000 C[purple]
-31.134496 -29.032599 -43.005617 -0.694732 0.676034 0.245613 -0.719269 -0.652972 -0.237234 0.000000 -0.341475 0.939891 B 2.000000 4.000000 18.000000 C[purple]
-31.346166 27.383093 -25.880247 -0.537434 0.792615 0.287968 -0.843306 -0.505129 -0.183520 -0.000000 -0.341475 0.939891 B 2.000000 4.000000 18.000000 C[purple]
-31.279914 21.191302 -8.472641 -0.672019 0.696021 0.252874 -0.740534 -0.631625 -0.229478 0.000000 -0.341475 0.939891 B 2.000000 4.000000 18.000000 C[purple]
-31.370792 14.781784 8.542006 -0.546732 0.786978 0.285920 -0.837308 -0.513868 -0.186696 -0.000000 -0.341475 0.939891 B 2.000000 4.000000 18.000000 C[purple]
-31.209981 8.612476 25.973605 -0.310979 0.893288 0.324544 -0.950417 -0.292286 -0.106192 0.000000 -0.341475 0.939891 B 2.000000 4.000000 18.000000 C[purple]
-31.194611 2.263610 43.524576 -0.386387 0.866896 0.314955 -0.922337 -0.363162 -0.131942 0.000000 -0.341475 0.939891 B 2.000000 4.000000 18.000000 C[purple]
-31.177482 -3.899482 60.730448 -0.138469 0.930837 0.338186 -0.990367 -0.130145 -0.047284 -0.000000 -0.341475 0.939891 B 2.000000 4.000000 18.000000 C[purple]
-31.327940 -10.138555 77.639324 -0.410858 0.856898 0.311323 -0.911700 -0.386161 -0.140298 -0.000000 -0.341475 0.939891 B 2.000000 4.000000 18.000000 C[purple]
34.758721 -25.340616 -77.556297 -0.996795 0.075190 0.027318 -0.079999 -0.936878 -0.340381 -0.000000 -0.341475 0.939891 B 2.000000 4.000000 18.000000 C[purple]
34.993148 -31.167771 -60.251315 -0.996978 0.073020 0.026529 -0.077689 -0.937050 -0.340443 0.000000 -0.341475 0.939891 B 2.000000 4.000000 18.000000 C[purple]
35.134912 25.025938 -42.844761 -0.999936 -0.010652 -0.003870 0.011333 -0.939830 -0.341453 -0.000000 -0.341475 0.939891 B 2.000000 4.000000 18.000000 C[purple]
35.049298 18.390371 -25.691846 -0.999993 0.003475 0.001263 -0.003698 -0.939884 -0.341473 -0.000000 -0.341475 0.939891 B 2.000000 4.000000 18.000000 C[purple]
35.095394 12.186460 -8.747330 -0.999638 0.025272 0.009182 -0.026888 -0.939551 -0.341352 -0.000000 -0.341475 0.939891 B 2.000000 4.000000 18.000000 C[purple]
34.766259 5.928186 8.449910 -0.999907 0.012796 0.004649 -0.013614 -0.939804 -0.341444 0.000000 -0.341475 0.939891 B 2.000000 4.000000 18.000000 C[purple]
34.869887 -0.087246 25.887199 -0.988571 0.141693 0.051479 -0.150755 -0.929149 -0.337573 0.000000 -0.341475 0.939891 B 2.000000 4.000000 18.000000 C[purple]
34.713897 -6.364738 42.975372 -0.969737 0.229474 0.083371 -0.244150 -0.911447 -0.331141 -0.000000 -0.341475 0.939891 B 2.000000 4.000000 18.000000 C[purple]
34.643594 -12.943201 60.047636 -0.998398 -0.053176 -0.019320 0.056577 -0.938385 -0.340928 -0.000000 -0.341475 0.939891 B 2.000000 4.000000 18.000000 C[purple]
34.763612 -18.885975 77.365217 -0.976344 0.203226 0.073835 -0.216223 -0.917657 -0.333397 0.000000 -0.341475 0.939891 B 2.000000 4.000000 18.000000 C[purple]
-8.821216 13.738812 -77.312657 0.714547 0.657536 0.238892 -0.699588 0.671596 0.244000 0.000000 -0.341475 0.939891 B 2.000000 4.000000 18.000000 C[purple]
-8.939994 7.461250 -59.758712 0.569058 0.772869 0.280794 -0.822297 0.534853 0.194319 0.000000 -0.341475 0.939891 B 2.000000 4.000000 18.000000 C[purple]
-8.611619 1.109153 -42.858490 0.405646 0.859088 0.312119 -0.914030 0.381263 0.138518 -0.000000 -0.341475 0.939891 B 2.000000 4.000000 18.000000 C[purple]
-8.896192 -4.896633 -25.878196 0.523138 0.801020 0.291022 -0.852248 0.491693 0.178639 0.000000 -0.341475 0.939891 B 2.000000 4.000000 18.000000 C[purple]
-9.017280 -11.339760 -9.031773 0.585628 0.761857 0.276793 -0.810580 0.550426 0.199978 0.000000 -0.341475 0.939891 B 2.000000 4.000000 18.000000 C[purple]
-9.027584 -17.548832 8.042100 0.453397 0.837733 0.304360 -0.891308 0.426144 0.154824 0.000000 -0.341475 0.939891 B 2.000000 4.000000 18.000000 C[purple]
-9.158484 -23.731640 25.487452 0.707871 0.663884 0.241198 -0.706341 0.665322 0.241721 0.000000 -0.341475 0.939891 B 2.000000 4.000000 18.000000 C[purple]
-9.045669 -29.782864 43.047094 0.731994 0.640358 0.232651 -0.681311 0.687995 0.249958 0.000000 -0.341475 0.939891 B 2.000000 4.000000 18.000000 C[purple]
-8.863100 26.646542 60.401305 0.801452 0.562110 0.204222 -0.598059 0.753278 0.273676 0.000000 -0.341475 0.939891 B 2.000000 4.000000 18.000000 C[purple]
-9.028647 20.177171 77.441651 0.823286 0.533507 0.193830 -0.567626 0.773799 0.281132 0.000000 -0.341475 0.939891 B 2.000000 4.000000 18.000000 C[purple]
42.770526 -19.807993 78.473434 0.929976 0.345523 0.125533 -0.367621 0.874076 0.317564 0.000000 -0.341475 0.939891 B 2.000000 4.000000 18.000000 C[purple]
42.454993 -26.061803 -76.528837 0.940323 0.319828 0.116198 -0.340282 0.883801 0.321097 -0.000000 -0.341475 0.939891 B 2.000000 4.000000 18.000000 C[purple]
42.698253 29.803545 -59.496290 0.942322 0.314589 0.114295 -0.334708 0.885680 0.321780 -0.000000 -0.341475 0.939891 B 2.000000 4.000000 18.000000 C[purple]
42.607010 23.192124 -42.376470 0.960898 0.260259 0.094556 -0.276904 0.903139 0.328123 -0.000000 -0.341475 0.939891 B 2.000000 4.000000 18.000000 C[purple]
42.475585 17.327572 -25.291041 0.857257 0.483940 0.175822 -0.514889 0.805728 0.292732 0.000000 -0.341475 0.939891 B 2.000000 4.000000 18.000000 C[purple]
42.230991 11.260143 -8.212817 0.919917 0.368544 0.133897 -0.392113 0.864621 0.314129 0.000000 -0.341475 0.939891 B 2.000000 4.000000 18.000000 C[purple]
42.347262 4.969916 8.826671 0.887745 0.432665 0.157193 -0.460335 0.834383 0.303143 -0.000000 -0.341475 0.939891 B 2.000000 4.000000 18.000000 C[purple]
42.623984 -1.140517 26.105099 0.923474 0.360601 0.131011 -0.383662 0.867964 0.315343 -0.000000 -0.341475 0.939891 B 2.000000 4.000000 18.000000 C[purple]
42.596594 -7.491822 43.361934 0.988996 0.139050 0.050519 -0.147942 0.929548 0.337718 -0.000000 -0.341475 0.939891 B 2.000000 4.000000 18.000000 C[purple]
42.742700 -13.749176 60.893912 0.956667 0.273682 0.099433 -0.291185 0.899162 0.326678 -0.000000 -0.341475 0.939891 B 2.000000 4.000000 18.000000 C[purple]
-31.311334 23.821439 77.698394 0.871662 -0.460647 -0.167360 0.490107 0.819267 0.297651 -0.000000 -0.341475 0.939891 B 2.000000 4.000000 18.000000 C[purple]
-31.288748 17.336044 -77.414919 0.922364 -0.363100 -0.131919 0.386321 0.866922 0.314965 -0.000000 -0.341475 0.939891 B 2.000000 4.000000 18.000000 C[purple]
-31.514749 11.160668 -59.956323 0.925618 -0.355709 -0.129234 0.378458 0.869980 0.316076 -0.000000 -0.341475 0.939891 B 2.000000 4.000000 18.000000 C[purple]
-31.441490 5.222286 -42.916641 0.979844 -0.187756 -0.068214 0.199764 0.920946 0.334593 0.000000 -0.341475 0.939891 B 2.000000 4.000000 18.000000 C[purple]
-31.447154 -1.136963 -25.720461 0.986643 -0.153107 -0.055626 0.162899 0.927336 0.336914 -0.000000 -0.341475 0.939891 B 2.000000 4.000000 18.000000 C[purple]
-31.578325 -7.241960 -8.787159 0.915575 -0.377974 -0.137323 0.402147 0.860541 0.312646 -0.000000 -0.341475 0.939891 B 2.000000 4.000000 18.000000 C[purple]
-31.516373 -13.582466 8.617987 0.924989 -0.357153 -0.129759 0.379994 0.869388 0.315861 -0.000000 -0.341475 0.939891 B 2.000000 4.000000 18.000000 C[purple]
-31.312834 -19.929368 26.155537 0.946062 -0.304512 -0.110633 0.323986 0.889195 0.323057 0.000000 -0.341475 0.939891 B 2.000000 4.000000 18.000000 C[purple]
-31.530332 -26.036793 43.349081 0.967542 -0.237518 -0.086294 0.252708 0.909384 0.330392 -0.000000 -0.341475 0.939891 B 2.000000 4.000000 18.000000 C[purple]
-31.468268 30.211445 60.622990 0.909604 -0.390502 -0.141875 0.415476 0.854928 0.310607 -0.000000 -0.341475 0.939891 B 2.000000 4.000000 18.000000 C[purple]
-49.405639 -13.069083 -77.084432 0.661418 -0.704934 -0.256113 0.750018 0.621661 0.225858 0.000000 -0.341475 0.939891 B 2.000000 4.000000 18.000000 C[purple]
-49.453463 -19.362052 -60.044821 0.815688 -0.543719 -0.197541 0.578492 0.766658 0.278537 0.000000 -0.341475 0.939891 B 2.000000 4.000000 18.000000 C[purple]
-49.250721 -25.505590 -42.842993 0.714040 -0.658022 -0.239068 0.700104 0.671120 0.243827 0.000000 -0.341475 0.939891 B 2.000000 4.000000 18.000000 C[purple]
-49.694233 30.643250 -25.510682 0.692953 -0.677645 -0.246198 0.720983 0.651300 0.236626 0.000000 -0.341475 0.939891 B 2.000000 4.000000 18.000000 C[purple]
-49.434344 24.367901 -8.628519 0.748332 -0.623452 -0.226509 0.663324 0.703350 0.255537 0.000000 -0.341475 0.939891 B 2.000000 4.000000 18.000000 C[purple]
-49.265923 18.076318 8.505152 0.910325 -0.389015 -0.141335 0.413894 0.855606 0.310854 0.000000 -0.341475 0.939891 B 2.000000 4.000000 18.000000 C[purple]
-49.234857 11.722016 25.749425 0.891078 -0.426570 -0.154979 0.453850 0.837516 0.304281 -0.000000 -0.341475 0.939891 B 2.000000 4.000000 18.000000 C[purple]
-49.186006 5.645142 43.259354 0.762486 -0.608114 -0.220936 0.647005 0.716653 0.260370 0.000000 -0.341475 0.939891 B 2.000000 4.000000 18.000000 C[purple]
-48.926338 -0.470631 60.567116 0.546486 -0.787128 -0.285975 0.837468 0.513637 0.186612 0.000000 -0.341475 0.939891 B 2.000000 4.000000 18.000000 C[purple]
-49.235041 -6.825442 77.803861 0.580548 -0.765283 -0.278038 0.814226 0.545652 0.198243 -0.000000 -0.341475 0.939891 B 2.000000 4.000000 18.000000 C[purple]
14.296068 -15.263366 77.703956 0.629210 0.730516 0.265407 -0.777235 0.591389 0.214860 0.000000 -0.341475 0.939891 B 2.000000 4.000000 18.000000 C[purple]
14.418699 -21.897335 -76.974617 0.693605 0.677055 0.245984 -0.720355 0.651913 0.236849 0.000000 -0.341475 0.939891 B 2.000000 4.000000 18.000000 C[purple]
14.816090 -28.114633 -59.855926 0.652935 0.711886 0.258638 -0.757414 0.613688 0.222961 -0.000000 -0.341475 0.939891 B 2.000000 4.000000 18.000000 C[purple]
15.044146 27.811355 -42.768496 0.597875 0.753406 0.273723 -0.801589 0.561937 0.204160 0.000000 -0.341475 0.939891 B 2.000000 4.000000 18.000000 C[purple]
14.842361 21.886063 -25.766859 0.627939 0.731481 0.265757 -0.778262 0.590194 0.214426 0.000000 -0.341475 0.939891 B 2.000000 4.000000 18.000000 C[purple]
14.497311 15.780725 -8.429444 0.706414 0.665254 0.241696 -0.707799 0.663952 0.241223 0.000000 -0.341475 0.939891 B 2.000000 4.000000 18.000000 C[purple]
14.542804 9.581891 8.629701 0.859610 0.480238 0.174477 -0.510951 0.807939 0.293536 -0.000000 -0.341475 0.939891 B 2.000000 4.000000 18.000000 C[purple]
14.483312 3.459676 25.961771 0.852140 0.491858 0.178699 -0.523314 0.800918 0.290985 0.000000 -0.341475 0.939891 B 2.000000 4.000000 18.000000 C[purple]
14.350185 -2.597540 43.174668 0.731575 0.640780 0.232804 -0.681760 0.687601 0.249815 0.000000 -0.341475 0.939891 B 2.000000 4.000000 18.000000 C[purple]
14.114197 -8.888871 60.563675 0.569956 0.772285 0.280582 -0.821675 0.535696 0.194626 -0.000000 -0.341475 0.939891 B 2.000000 4.000000 18.000000 C[purple]
1.081603 4.271657 77.367683 0.264999 -0.906288 -0.329267 0.964249 0.249070 0.090491 -0.000000 -0.341475 0.939891 B 2.000000 4.000000 18.000000 C[purple]
1.008445 -2.015340 -77.546630 0.437028 -0.845383 -0.307139 0.899448 0.410758 0.149234 0.000000 -0.341475 0.939891 B 2.000000 4.000000 18.000000 C[purple]
0.946230 -8.294894 -60.220942 0.003692 -0.939884 -0.341473 0.999993 0.003470 0.001261 0.000000 -0.341475 0.939891 B 2.000000 4.000000 18.000000 C[purple]
1.323556 -14.706972 -42.937700 -0.089082 -0.936154 -0.340118 0.996024 -0.083727 -0.030419 0.000000 -0.341475 0.939891 B 2.000000 4.000000 18.000000 C[purple]
0.977510 -21.104883 -25.821758 0.096630 -0.935492 -0.339877 0.995320 0.090821 0.032997 0.000000 -0.341475 0.939891 B 2.000000 4.000000 18.000000 C[purple]
1.182152 -27.673864 -8.416169 0.045373 -0.938923 -0.341124 0.998970 0.042646 0.015494 -0.000000 -0.341475 0.939891 B 2.000000 4.000000 18.000000 C[purple]
1.241292 28.765690 8.750300 0.059387 -0.938232 -0.340873 0.998235 0.055817 0.020279 -0.000000 -0.341475 0.939891 B 2.000000 4.000000 18.000000 C[purple]
0.999273 22.806041 25.796211 0.121689 -0.932906 -0.338938 0.992568 0.114374 0.041554 0.000000 -0.341475 0.939891 B 2.000000 4.000000 18.000000 C[purple]
1.267054 16.567471 42.794620 0.363798 -0.875487 -0.318077 0.931478 0.341931 0.124228 0.000000 -0.341475 0.939891 B 2.000000 4.000000 18.000000 C[purple]
1.167892 10.481859 60.166073 0.497058 -0.815559 -0.296304 0.867717 0.467180 0.169733 0.000000 -0.341475 0.939891 B 2.000000 4.000000 18.000000 C[purple]
11.454582 -30.252905 -77.477625 0.165664 0.926903 0.336757 -0.986182 0.155706 0.056570 0.000000 -0.341475 0.939891 B 2.000000 4.000000 18.000000 C[purple]
11.714072 25.743438 -60.021827 0.022715 0.939648 0.341387 -0.999742 0.021349 0.007757 0.000000 -0.341475 0.939891 B 2.000000 4.000000 18.000000 C[purple]
11.642055 19.884237 -42.919581 0.038530 0.939193 0.341222 -0.999257 0.036214 0.013157 0.000000 -0.341475 0.939891 B 2.000000 4.000000 18.000000 C[purple]
11.846752 13.304551 -25.546082 0.119756 0.933127 0.339018 -0.992803 0.112558 0.040894 0.000000 -0.341475 0.939891 B 2.000000 4.000000 18.000000 C[purple]
11.815413 7.213121 -8.242008 0.246721 0.910836 0.330919 -0.969087 0.231890 0.084249 -0.000000 -0.341475 0.939891 B 2.000000 4.000000 18.000000 C[purple]
11.784751 0.991209 8.931066 0.012571 0.939816 0.341448 -0.999921 0.011816 0.004293 -0.000000 -0.341475 0.939891 B 2.000000 4.000000 18.000000 C[purple]
12.026230 -5.014463 25.903098 -0.044586 0.938956 0.341136 -0.999006 -0.041906 -0.015225 0.000000 -0.341475 0.939891 B 2.000000 4.000000 18.000000 C[purple]
11.833590 -11.227986 42.866413 0.009415 0.939849 0.341460 -0.999956 0.008849 0.003215 0.000000 -0.341475 0.939891 B 2.000000 4.000000 18.000000 C[purple]
11.468866 -17.407170 60.030513 -0.216206 0.917660 0.333399 -0.976348 -0.203210 -0.073829 0.000000 -0.341475 0.939891 B 2.000000 4.000000 18.000000 C[purple]
11.459486 -23.635349 77.372065 0.105667 0.934629 0.339564 -0.994402 0.099315 0.036083 0.000000 -0.341475 0.939891 B 2.000000 4.000000 18.000000 C[purple]
26.844001 2.015960 -77.145916 0.979643 0.188681 0.068551 -0.200748 0.920757 0.334524 0.000000 -0.341475 0.939891 B 2.000000 4.000000 18.000000 C[purple]
26.827338 -4.410431 -59.728616 0.941847 0.315842 0.114750 -0.336042 0.885233 0.321618 -0.000000 -0.341475 0.939891 B 2.000000 4.000000 18.000000 C[purple]
26.693558 -10.792701 -42.789425 0.978005 0.196045 0.071226 -0.208583 0.919218 0.333965 0.000000 -0.341475 0.939891 B 2.000000 4.000000 18.000000 C[purple]
26.754952 -16.796037 -25.647655 0.937995 0.325812 0.118372 -0.346649 0.881613 0.320302 0.000000 -0.341475 0.939891 B 2.000000 4.000000 18.000000 C[purple]
26.738124 -22.856278 -8.229789 0.824334 0.532076 0.193310 -0.566104 0.774784 0.281490 -0.000000 -0.341475 0.939891 B 2.000000 4.000000 18.000000 C[purple]
26.454129 -29.337983 8.805022 0.801389 0.562189 0.204251 -0.598143 0.753218 0.273655 0.000000 -0.341475 0.939891 B 2.000000 4.000000 18.000000 C[purple]
26.750708 26.853007 26.066277 0.745106 0.626857 0.227746 -0.666946 0.700318 0.254435 -0.000000 -0.341475 0.939891 B 2.000000 4.000000 18.000000 C[purple]
26.399655 20.461258 43.484885 0.747086 0.624771 0.226988 -0.664727 0.702179 0.255112 -0.000000 -0.341475 0.939891 B 2.000000 4.000000 18.000000 C[purple]
26.630036 14.306258 60.830957 0.867608 0.467359 0.169798 -0.497249 0.815457 0.296267 0.000000 -0.341475 0.939891 B 2.000000 4.000000 18.000000 C[purple]
26.726807 8.350997 77.909044 0.913616 0.382140 0.138837 -0.406579 0.858699 0.311977 0.000000 -0.341475 0.939891 B 2.000000 4.000000 18.000000 C[purple]
36.156978 19.880881 77.299752 0.914328 0.380631 0.138289 -0.404974 0.859369 0.312221 -0.000000 -0.341475 0.939891 B 2.000000 4.000000 18.000000 C[purple]
36.136879 13.616412 -77.705362 0.901959 0.405865 0.147456 -0.431822 0.847743 0.307997 0.000000 -0.341475 0.939891 B 2.000000 4.000000 18.000000 C[purple]
36.114355 7.361669 -60.098196 0.924589 0.358067 0.130091 -0.380967 0.869012 0.315724 -0.000000 -0.341475 0.939891 B 2.000000 4.000000 18.000000 C[purple]
35.888749 1.063609 -42.998574 0.834782 0.517485 0.188010 -0.550580 0.784604 0.285058 -0.000000 -0.341475 0.939891 B 2.000000 4.000000 18.000000 C[purple]
36.176975 -5.505917 -25.741963 0.806055 0.556266 0.202099 -0.591841 0.757603 0.275248 -0.000000 -0.341475 0.939891 B 2.000000 4.000000 18.000000 C[purple]
36.354852 -11.847533 -8.321008 0.886317 0.435244 0.158130 -0.463080 0.833041 0.302655 0.000000 -0.341475 0.939891 B 2.000000 4.000000 18.000000 C[purple]
36.194779 -17.763206 8.994313 0.764849 0.605487 0.219982 -0.644210 0.718875 0.261177 -0.000000 -0.341475 0.939891 B 2.000000 4.000000 18.000000 C[purple]
36.248321 -24.068533 26.061878 0.853734 0.489411 0.177810 -0.520710 0.802416 0.291529 0.000000 -0.341475 0.939891 B 2.000000 4.000000 18.000000 C[purple]
36.067041 -30.509929 43.075832 0.840947 0.508591 0.184778 -0.541117 0.790398 0.287163 0.000000 -0.341475 0.939891 B 2.000000 4.000000 18.000000 C[purple]
36.125642 26.002277 60.331524 0.853341 0.490016 0.178030 -0.521354 0.802047 0.291395 0.000000 -0.341475 0.939891 B 2.000000 4.000000 18.000000 C[purple]
-38.232280 -15.063254 -76.991093 -0.987351 -0.149017 -0.054140 0.158548 -0.928002 -0.337156 -0.000000 -0.341475 0.939891 B 2.000000 4.000000 18.000000 C[purple]
-38.410960 -21.261231 -59.766132 -0.931238 -0.342508 -0.124438 0.364412 -0.875262 -0.317995 0.000000 -0.341475 0.939891 B 2.000000 4.000000 18.000000 C[purple]
-38.300986 -27.786729 -42.763143 -0.788671 -0.577859 -0.209944 0.614815 -0.741265 -0.269312 -0.000000 -0.341475 0.939891 B 2.000000 4.000000 18.000000 C[purple]
-38.247171 28.270031 -25.573775 -0.783064 -0.584556 -0.212377 0.621941 -0.735995 -0.267397 0.000000 -0.341475 0.939891 B 2.000000 4.000000 18.000000 C[purple]
-38.295897 22.060565 -8.131993 -0.856599 -0.484968 -0.176196 0.515983 -0.805109 -0.292507 -0.000000 -0.341475 0.939891 B 2.000000 4.000000 18.000000 C[purple]
-38.345623 15.907218 9.035711 -0.985071 -0.161800 -0.058784 0.172147 -0.925859 -0.336378 0.000000 -0.341475 0.939891 B 2.000000 4.000000 18.000000 C[purple]
-38.231973 9.504043 26.059553 -0.993689 0.105427 0.038303 -0.112170 -0.933959 -0.339320 0.000000 -0.341475 0.939891 B 2.000000 4.000000 18.000000 C[purple]
-38.427333 3.207300 43.249691 -0.993704 0.105304 0.038258 -0.112038 -0.933973 -0.339325 -0.000000 -0.341475 0.939891 B 2.000000 4.000000 18.000000 C[purple]
-38.396578 -2.823386 60.580155 -0.994062 0.102277 0.037159 -0.108818 -0.934309 -0.339448 0.000000 -0.341475 0.939891 B 2.000000 4.000000 18.000000 C[purple]
-38.216519 -8.979081 77.614302 -0.999542 -0.028440 -0.010332 0.030258 -0.939460 -0.341319 -0.000000 -0.341475 0.939891 B 2.000000 4.000000 18.000000 C[purple]
-30.196477 16.723512 77.743033 -0.461932 0.833604 0.302860 -0.886916 -0.434165 -0.157738 -0.000000 -0.341475 0.939891 B 2.000000 4.000000 18.000000 C[purple]
-30.382592 10.281479 -77.330846 -0.347990 0.881146 0.320133 -0.937498 -0.327073 -0.118830 -0.000000 -0.341475 0.939891 B 2.000000 4.000000 18.000000 C[purple]
-30.654606 3.788151 -59.952543 -0.230560 0.914568 0.332275 -0.973058 -0.216701 -0.078730 0.000000 -0.341475 0.939891 B 2.000000 4.000000 18.000000 C[purple]
-30.547829 -2.323096 -42.371639 -0.148299 0.929498 0.337700 -0.988943 -0.139385 -0.050640 -0.000000 -0.341475 0.939891 B 2.000000 4.000000 18.000000 C[purple]
-30.441168 -8.434751 -25.440007 -0.461899 0.833620 0.302866 -0.886932 -0.434135 -0.157727 -0.000000 -0.341475 0.939891 B 2.000000 4.000000 18.000000 C[purple]
-30.623112 -14.922155 -8.541641 -0.353118 0.879342 0.319477 -0.935579 -0.331893 -0.120581 0.000000 -0.341475 0.939891 B 2.000000 4.000000 18.000000 C[purple]
-30.745961 -21.013655 8.776874 -0.586115 0.761526 0.276673 -0.810228 -0.550884 -0.200144 -0.000000 -0.341475 0.939891 B 2.000000 4.000000 18.000000 C[purple]
-30.586328 -27.140797 25.986928 -0.270202 0.904930 0.328774 -0.962804 -0.253961 -0.092267 -0.000000 -0.341475 0.939891 B 2.000000 4.000000 18.000000 C[purple]
-30.586381 28.880917 43.244670 -0.240133 0.912390 0.331484 -0.970740 -0.225698 -0.081999 0.000000 -0.341475 0.939891 B 2.000000 4.000000 18.000000 C[purple]
-30.395694 22.947904 60.393439 -0.411031 0.856825 0.311296 -0.911621 -0.386324 -0.140357 -0.000000 -0.341475 0.939891 B 2.000000 4.000000 18.000000 C[purple]
-28.083615 14.732954 -77.105541 0.559377 -0.779088 -0.283053 0.828913 0.525753 0.191014 0.000000 -0.341475 0.939891 B 2.000000 4.000000 18.000000 C[purple]
-28.306011 8.513566 -59.839126 0.661213 -0.705104 -0.256174 0.750198 0.621468 0.225788 0.000000 -0.341475 0.939891 B 2.000000 4.000000 18.000000 C[purple]
-28.000504 2.330831 -42.904148 0.681251 -0.688047 -0.249977 0.732050 0.640302 0.232631 0.000000 -0.341475 0.939891 B 2.000000 4.000000 18.000000 C[purple]
-27.824920 -3.953087 -25.836415 0.845871 -0.501326 -0.182139 0.533388 0.795026 0.288844 0.000000 -0.341475 0.939891 B 2.000000 4.000000 18.000000 C[purple]
-28.235903 -10.172105 -8.647896 0.793484 -0.572009 -0.207819 0.608591 0.745788 0.270955 0.000000 -0.341475 0.939891 B 2.000000 4.000000 18.000000 C[purple]
-28.024462 -16.371921 8.461654 0.621646 -0.736215 -0.267477 0.783299 0.584279 0.212277 0.000000 -0.341475 0.939891 B 2.000000 4.000000 18.000000 C[purple]
-28.407335 -22.523816 25.630429 0.611944 -0.743361 -0.270073 0.790901 0.575160 0.208964 -0.000000 -0.341475 0.939891 B 2.000000 4.000000 18.000000 C[purple]
-28.010300 -28.975743 42.644589 0.624239 -0.734274 -0.266772 0.781233 0.586717 0.213162 0.000000 -0.341475 0.939891 B 2.000000 4.000000 18.000000 C[purple]
-27.984981 27.345064 60.190747 0.510585 -0.808144 -0.293610 0.859827 0.479894 0.174352 0.000000 -0.341475 0.939891 B 2.000000 4.000000 18.000000 C[purple]
-28.125958 21.201508 77.625047 0.455644 -0.836655 -0.303969 0.890162 0.428255 0.155591 0.000000 -0.341475 0.939891 B 2.000000 4.000000 18.000000 C[purple]
-3.415486 18.232775 77.202180 -0.086305 -0.936384 -0.340201 0.996269 -0.081117 -0.029471 0.000000 -0.341475 0.939891 B 2.000000 4.000000 18.000000 C[purple]
-3.776503 12.002333 -77.431484 -0.150868 -0.929133 -0.337567 0.988554 -0.141800 -0.051518 0.000000 -0.341475 0.939891 B 2.000000 4.000000 18.000000 C[purple]
-3.618097 5.581793 -60.097894 -0.491784 -0.818379 -0.297329 0.870717 -0.462223 -0.167932 0.000000 -0.341475 0.939891 B 2.000000 4.000000 18.000000 C[purple]
-3.478252 -1.012104 -42.788655 -0.369136 -0.873511 -0.317359 0.929375 -0.346948 -0.126051 -0.000000 -0.341475 0.939891 B 2.000000 4.000000 18.000000 C[purple]
-3.715272 -6.996847 -25.268140 -0.358742 -0.877328 -0.318746 0.933437 -0.337179 -0.122502 -0.000000 -0.341475 0.939891 B 2.000000 4.000000 18.000000 C[purple]
-3.835350 -13.124673 -7.924407 -0.554849 -0.781943 -0.284091 0.831951 -0.521497 -0.189467 -0.000000 -0.341475 0.939891 B 2.000000 4.000000 18.000000 C[purple]
-3.657645 -19.517350 9.031720 -0.352273 -0.879641 -0.319586 0.935897 -0.331099 -0.120293 0.000000 -0.341475 0.939891 B 2.000000 4.000000 18.000000 C[purple]
-3.977959 -25.755123 26.098650 -0.372276 -0.872333 -0.316931 0.928122 -0.349899 -0.127123 0.000000 -0.341475 0.939891 B 2.000000 4.000000 18.000000 C[purple]
-4.099247 30.728168 43.111892 -0.379523 -0.869570 -0.315927 0.925182 -0.356710 -0.129598 0.000000 -0.341475 0.939891 B 2.000000 4.000000 18.000000 C[purple]
-3.729005 24.539357 60.216623 -0.252132 -0.909526 -0.330443 0.967693 -0.236976 -0.086097 -0.000000 -0.341475 0.939891 B 2.000000 4.000000 18.000000 C[purple]
-30.997658 -0.183906 -77.180091 0.985640 0.158713 0.057663 -0.168863 0.926393 0.336572 -0.000000 -0.341475 0.939891 B 2.000000 4.000000 18.000000 C[purple]
-30.927753 -6.767484 -60.145586 0.994936 -0.094470 -0.034322 0.100512 0.935131 0.339746 0.000000 -0.341475 0.939891 B 2.000000 4.000000 18.000000 C[purple]
-30.961546 -13.400774 -42.717069 0.996305 0.080726 0.029329 -0.085889 0.936418 0.340214 0.000000 -0.341475 0.939891 B 2.000000 4.000000 18.000000 C[purple]
-31.165617 -19.578692 -25.708857 0.997505 0.066358 0.024109 -0.070602 0.937545 0.340623 -0.000000 -0.341475 0.939891 B 2.000000 4.000000 18.000000 C[purple]
-31.024507 -25.645550 -8.356461 0.991083 -0.125238 -0.045501 0.133247 0.931510 0.338430 -0.000000 -0.341475 0.939891 B 2.000000 4.000000 18.000000 C[purple]
-31.078546 31.035955 8.924052 0.999950 0.009359 0.003400 -0.009958 0.939844 0.341458 0.000000 -0.341475 0.939891 B 2.000000 4.000000 18.000000 C[purple]
-30.907319 24.609109 26.301227 0.995622 0.087852 0.031918 -0.093470 0.935776 0.339980 0.000000 -0.341475 0.939891 B 2.000000 4.000000 18.000000 C[purple]
-30.819697 18.171504 43.404523 0.984194 0.166447 0.060472 -0.177091 0.925035 0.336078 -0.000000 -0.341475 0.939891 B 2.000000 4.000000 18.000000 C[purple]
-30.969876 12.051147 60.755214 0.998958 0.042894 0.015584 -0.045637 0.938911 0.341120 0.000000 -0.341475 0.939891 B 2.000000 4.000000 18.000000 C[purple]
-31.130134 5.969447 77.754227 0.989841 0.133631 0.048550 -0.142177 0.930343 0.338006 -0.000000 -0.341475 0.939891 B 2.000000 4.000000 18.000000 C[purple]
-24.261137 -28.365672 -77.044103 0.998490 -0.051631 -0.018758 0.054933 0.938472 0.340960 -0.000000 -0.341475 0.939891 B 2.000000 4.000000 18.000000 C[purple]
-24.385248 27.451277 -59.801806 0.986252 -0.155317 -0.056429 0.165250 0.926969 0.336781 -0.000000 -0.341475 0.939891 B 2.000000 4.000000 18.000000 C[purple]
-24.098127 21.122195 -42.757854 0.999758 -0.020685 -0.007515 0.022008 0.939663 0.341393 -0.000000 -0.341475 0.939891 B 2.000000 4.000000 18.000000 C[purple]
-24.170802 14.928490 -25.819034 0.996958 0.073251 0.026613 -0.077936 0.937032 0.340437 0.000000 -0.341475 0.939891 B 2.000000 4.000000 18.000000 C[purple]
-24.286798 8.769251 -8.582547 0.999340 -0.034142 -0.012404 0.036326 0.939270 0.341250 0.000000 -0.341475 0.939891 B 2.000000 4.000000 18.000000 C[purple]
-24.036308 2.217714 8.618302 0.991533 -0.122049 -0.044342 0.129854 0.931933 0.338584 -0.000000 -0.341475 0.939891 B 2.000000 4.000000 18.000000 C[purple]
-24.389494 -3.730810 25.957300 0.990685 -0.127987 -0.046499 0.136172 0.931136 0.338295 -0.000000 -0.341475 0.939891 B 2.000000 4.000000 18.000000 C[purple]
-24.713998 -10.050785 43.215696 0.959989 -0.263205 -0.095626 0.280038 0.902285 0.327813 0.000000 -0.341475 0.939891 B 2.000000 4.000000 18.000000 C[purple]
-24.567000 -15.941828 60.609237 0.971659 -0.222178 -0.080720 0.236387 0.913253 0.331798 -0.000000 -0.341475 0.939891 B 2.000000 4.000000 18.000000 C[purple]
-24.629940 -22.224352 77.907421 0.999983 -0.005471 -0.001988 0.005821 0.939875 0.341470 0.000000 -0.341475 0.939891 B 2.000000 4.000000 18.000000 C[purple]
-44.118226 -0.506656 77.359125 0.733932 -0.638396 -0.231938 0.679223 0.689816 0.250620 -0.000000 -0.341475 0.939891 B 2.000000 4.000000 18.000000 C[purple]
-44.001835 -6.960819 -77.217402 0.733396 -0.638940 -0.232136 0.679802 0.689312 0.250437 -0.000000 -0.341475 0.939891 B 2.000000 4.000000 18.000000 C[purple]
-44.067298 -13.249211 -60.044056 0.897161 -0.415153 -0.150831 0.441704 0.843233 0.306358 -0.000000 -0.341475 0.939891 B 2.000000 4.000000 18.000000 C[purple]
-44.092136 -19.399834 -43.047231 0.746212 -0.625693 -0.227323 0.665708 0.701358 0.254813 -0.000000 -0.341475 0.939891 B 2.000000 4.000000 18.000000 C[purple]
-44.144631 -25.549313 -26.046751 0.832250 -0.521075 -0.189314 0.554400 0.782224 0.284193 0.000000 -0.341475 0.939891 B 2.000000 4.000000 18.000000 C[purple]
-44.001151 30.637738 -8.536428 0.895484 -0.418340 -0.151989 0.445094 0.841657 0.305786 -0.000000 -0.341475 0.939891 B 2.000000 4.000000 18.000000 C[purple]
-43.998445 24.566978 8.587755 0.882445 -0.442139 -0.160635 0.470415 0.829402 0.301333 0.000000 -0.341475 0.939891 B 2.000000 4.000000 18.000000 C[purple]
