20.406849 8.188372 -77.475884 0.752665 0.618828 0.224829 -0.658404 0.707422 0.257016 0.000000 -0.341475 0.939891 B 2.000000 4.000000 18.000000 C[purple]
20.501906 1.719116 -60.184257 0.764696 0.605657 0.220044 -0.644391 0.718731 0.261125 0.000000 -0.341475 0.939891 B 2.000000 4.000000 18.000000 C[purple]
20.751475 -4.134068 -43.111789 0.774634 0.594396 0.215952 -0.632410 0.728071 0.264519 0.000000 -0.341475 0.939891 B 2.000000 4.000000 18.000000 C[purple]
20.689459 -10.252529 -26.064226 0.643913 0.719109 0.261262 -0.765099 0.605208 0.219880 -0.000000 -0.341475 0.939891 B 2.000000 4.000000 18.000000 C[purple]
20.432412 -16.389284 -8.882851 0.484107 0.822413 0.298794 -0.875009 0.455008 0.165311 0.000000 -0.341475 0.939891 B 2.000000 4.000000 18.000000 C[purple]
20.458222 -22.594586 8.086325 0.777205 0.591424 0.214872 -0.629247 0.730488 0.265396 -0.000000 -0.341475 0.939891 B 2.000000 4.000000 18.000000 C[purple]
20.712052 -29.031519 25.496799 0.741506 0.630616 0.229112 -0.670946 0.696934 0.253206 0.000000 -0.341475 0.939891 B 2.000000 4.000000 18.000000 C[purple]
20.293637 27.306758 42.909096 0.715485 0.656634 0.238564 -0.698628 0.672478 0.244321 -0.000000 -0.341475 0.939891 B 2.000000 4.000000 18.000000 C[purple]
20.392161 20.775595 60.369369 0.625451 0.733362 0.266441 -0.780263 0.587856 0.213576 -0.000000 -0.341475 0.939891 B 2.000000 4.000000 18.000000 C[purple]
20.519662 14.408229 77.465957 0.898946 0.411729 0.149587 -0.438060 0.844911 0.306968 0.000000 -0.341475 0.939891 B 2.000000 4.000000 18.000000 C[purple]
39.922377 6.380015 77.086104 0.615902 0.740468 0.269022 -0.787823 0.578880 0.210315 -0.000000 -0.341475 0.939891 B 2.000000 4.000000 18.000000 C[purple]
40.138231 0.120907 -77.640963 0.752660 0.618833 0.224831 -0.658410 0.707418 0.257015 -0.000000 -0.341475 0.939891 B 2.000000 4.000000 18.000000 C[purple]
39.848223 -6.165959 -60.155924 0.818471 0.540012 0.196194 -0.574547 0.769274 0.279488 -0.000000 -0.341475 0.939891 B 2.000000 4.000000 18.000000 C[purple]
40.174708 -12.502880 -42.807592 0.849512 0.495857 0.180152 -0.527569 0.798449 0.290088 -0.000000 -0.341475 0.939891 B 2.000000 4.000000 18.000000 C[purple]
40.220022 -19.106532 -25.586107 0.835909 0.515876 0.187425 -0.548869 0.785663 0.285442 -0.000000 -0.341475 0.939891 B 2.000000 4.000000 18.000000 C[purple]
40.236821 -25.335973 -8.697316 0.716045 0.656095 0.238368 -0.698054 0.673004 0.244512 0.000000 -0.341475 0.939891 B 2.000000 4.000000 18.000000 C[purple]
40.126554 31.190382 8.547468 0.778933 0.589413 0.214142 -0.627108 0.732111 0.265986 -0.000000 -0.341475 0.939891 B 2.000000 4.000000 18.000000 C[purple]
40.162583 24.826107 25.559353 0.649783 0.714430 0.259562 -0.760120 0.610725 0.221885 0.000000 -0.341475 0.939891 B 2.000000 4.000000 18.000000 C[purple]
40.348957 18.678478 42.657813 0.415992 0.854707 0.310527 -0.909368 0.390987 0.142051 0.000000 -0.341475 0.939891 B 2.000000 4.000000 18.000000 C[purple]
40.024924 12.600689 60.007474 0.616621 0.739938 0.268830 -0.787260 0.579557 0.210561 -0.000000 -0.341475 0.939891 B 2.000000 4.000000 18.000000 C[purple]
-8.944719 -22.047685 77.410363 0.960117 -0.262793 -0.095476 0.279599 0.902405 0.327856 -0.000000 -0.341475 0.939891 B 2.000000 4.000000 18.000000 C[purple]
-8.920958 -27.961528 -77.560518 0.980130 -0.186435 -0.067735 0.198359 0.921215 0.334690 -0.000000 -0.341475 0.939891 B 2.000000 4.000000 18.000000 C[purple]
-9.078090 28.100233 -60.188414 0.928859 -0.348167 -0.126494 0.370434 0.873026 0.317182 0.000000 -0.341475 0.939891 B 2.000000 4.000000 18.000000 C[purple]
-8.978937 21.543708 -43.245299 0.936918 -0.328538 -0.119362 0.349549 0.880601 0.319934 0.000000 -0.341475 0.939891 B 2.000000 4.000000 18.000000 C[purple]
-8.583669 15.243190 -26.337987 0.935238 -0.332739 -0.120889 0.354019 0.879022 0.319361 0.000000 -0.341475 0.939891 B 2.000000 4.000000 18.000000 C[purple]
-8.610246 8.836571 -8.805661 0.970416 -0.226925 -0.082445 0.241438 0.912085 0.331373 0.000000 -0.341475 0.939891 B 2.000000 4.000000 18.000000 C[purple]
-8.499264 2.786415 8.599280 0.863432 -0.474142 -0.172263 0.504465 0.811532 0.294841 -0.000000 -0.341475 0.939891 B 2.000000 4.000000 18.000000 C[purple]
-8.920521 -3.263315 25.789625 0.862017 -0.476411 -0.173087 0.506880 0.810202 0.294358 0.000000 -0.341475 0.939891 B 2.000000 4.000000 18.000000 C[purple]
-8.721831 -9.702287 42.867099 0.866440 -0.469269 -0.170492 0.499281 0.814359 0.295868 0.000000 -0.341475 0.939891 B 2.000000 4.000000 18.000000 C[purple]
-9.085097 -16.065707 60.099489 0.910274 -0.389121 -0.141373 0.414007 0.855558 0.310836 0.000000 -0.341475 0.939891 B 2.000000 4.000000 18.000000 C[purple]
35.693019 31.099971 77.774033 0.925904 -0.355053 -0.128996 0.377760 0.870248 0.316173 -0.000000 -0.341475 0.939891 B 2.000000 4.000000 18.000000 C[purple]
35.457316 24.520248 -76.822103 0.957985 -0.269578 -0.097941 0.286818 0.900401 0.327128 0.000000 -0.341475 0.939891 B 2.000000 4.000000 18.000000 C[purple]
35.569439 18.387103 -59.612809 0.963560 -0.251412 -0.091341 0.267491 0.905642 0.329032 0.000000 -0.341475 0.939891 B 2.000000 4.000000 18.000000 C[purple]
35.500546 11.979442 -42.751969 0.957241 -0.271901 -0.098786 0.289291 0.899702 0.326874 0.000000 -0.341475 0.939891 B 2.000000 4.000000 18.000000 C[purple]
35.333812 5.775067 -25.645159 0.883117 -0.440953 -0.160204 0.469153 0.830033 0.301563 -0.000000 -0.341475 0.939891 B 2.000000 4.000000 18.000000 C[purple]
35.240244 -0.401072 -8.369647 0.957689 -0.270505 -0.098278 0.287805 0.900123 0.327027 0.000000 -0.341475 0.939891 B 2.000000 4.000000 18.000000 C[purple]
35.183342 -6.858498 8.868196 0.978978 -0.191704 -0.069649 0.203964 0.920133 0.334297 0.000000 -0.341475 0.939891 B 2.000000 4.000000 18.000000 C[purple]
35.316083 -13.104360 25.887931 0.989769 -0.134102 -0.048721 0.142678 0.930275 0.337982 0.000000 -0.341475 0.939891 B 2.000000 4.000000 18.000000 C[purple]
35.419657 -19.194547 43.098289 0.925136 -0.356815 -0.129636 0.379635 0.869527 0.315911 0.000000 -0.341475 0.939891 B 2.000000 4.000000 18.000000 C[purple]
35.477471 -25.377430 60.587762 0.822736 -0.534257 -0.194103 0.568424 0.773282 0.280944 0.000000 -0.341475 0.939891 B 2.000000 4.000000 18.000000 C[purple]
-9.387425 26.560653 -77.484953 -0.021486 0.939674 0.341397 -0.999769 -0.020195 -0.007337 0.000000 -0.341475 0.939891 B 2.000000 4.000000 18.000000 C[purple]
-9.288873 20.451840 -60.034494 -0.232373 0.914163 0.332128 -0.972627 -0.218405 -0.079350 0.000000 -0.341475 0.939891 B 2.000000 4.000000 18.000000 C[purple]
-9.245885 14.070601 -42.920023 0.044654 0.938953 0.341135 -0.999003 0.041970 0.015248 -0.000000 -0.341475 0.939891 B 2.000000 4.000000 18.000000 C[purple]
-9.165675 8.218796 -25.803493 0.018340 0.939733 0.341418 -0.999832 0.017237 0.006263 0.000000 -0.341475 0.939891 B 2.000000 4.000000 18.000000 C[purple]
-9.517934 2.160721 -8.772995 -0.121657 0.932909 0.338939 -0.992572 -0.114345 -0.041543 -0.000000 -0.341475 0.939891 B 2.000000 4.000000 18.000000 C[purple]
-9.300531 -3.904305 8.735372 -0.049240 0.938751 0.341061 -0.998787 -0.046281 -0.016814 0.000000 -0.341475 0.939891 B 2.000000 4.000000 18.000000 C[purple]
-9.432537 -10.391124 26.028823 0.058794 0.938265 0.340885 -0.998270 0.055260 0.020077 -0.000000 -0.341475 0.939891 B 2.000000 4.000000 18.000000 C[purple]
-9.227460 -16.470684 43.142476 0.045035 0.938937 0.341129 -0.998985 0.042328 0.015378 0.000000 -0.341475 0.939891 B 2.000000 4.000000 18.000000 C[purple]
-9.423759 -23.041641 60.330139 0.010971 0.939834 0.341455 -0.999940 0.010312 0.003746 -0.000000 -0.341475 0.939891 B 2.000000 4.000000 18.000000 C[purple]
-9.340217 -29.664494 77.257867 0.042009 0.939061 0.341174 -0.999117 0.039484 0.014345 -0.000000 -0.341475 0.939891 B 2.000000 4.000000 18.000000 C[purple]
-42.321224 -8.788117 -77.740859 0.875619 0.453969 0.164933 -0.483002 0.822987 0.299003 0.000000 -0.341475 0.939891 B 2.000000 4.000000 18.000000 C[purple]
-42.078137 -15.263805 -60.367142 0.885006 0.437594 0.158984 -0.465579 0.831809 0.302208 -0.000000 -0.341475 0.939891 B 2.000000 4.000000 18.000000 C[purple]
-42.286052 -21.671976 -43.018758 0.948977 0.296389 0.107682 -0.315344 0.891935 0.324052 0.000000 -0.341475 0.939891 B 2.000000 4.000000 18.000000 C[purple]
-42.264529 -27.795933 -25.957121 0.854612 0.488054 0.177317 -0.519267 0.803242 0.291829 0.000000 -0.341475 0.939891 B 2.000000 4.000000 18.000000 C[purple]
-42.675318 28.655766 -8.851502 0.844714 0.503047 0.182764 -0.535218 0.793939 0.288449 0.000000 -0.341475 0.939891 B 2.000000 4.000000 18.000000 C[purple]
-42.757761 22.392206 8.240371 0.633607 0.727152 0.264184 -0.773655 0.595521 0.216361 0.000000 -0.341475 0.939891 B 2.000000 4.000000 18.000000 C[purple]
-42.976036 16.261758 25.371296 0.814112 0.545802 0.198298 -0.580708 0.765176 0.277999 0.000000 -0.341475 0.939891 B 2.000000 4.000000 18.000000 C[purple]
-42.769951 9.885711 42.499813 0.936397 0.329849 0.119839 -0.350944 0.880110 0.319756 0.000000 -0.341475 0.939891 B 2.000000 4.000000 18.000000 C[purple]
-42.603738 3.445257 59.669178 0.985509 0.159426 0.057922 -0.169622 0.926271 0.336527 -0.000000 -0.341475 0.939891 B 2.000000 4.000000 18.000000 C[purple]
-42.380876 -2.731043 76.733528 0.942286 0.314684 0.114329 -0.334809 0.885646 0.321768 -0.000000 -0.341475 0.939891 B 2.000000 4.000000 18.000000 C[purple]
-40.066615 -6.445805 -77.378150 0.835629 0.516276 0.187570 -0.549294 0.785400 0.285347 0.000000 -0.341475 0.939891 B 2.000000 4.000000 18.000000 C[purple]
-40.228168 -12.553304 -59.992981 0.955659 0.276776 0.100556 -0.294476 0.898215 0.326334 0.000000 -0.341475 0.939891 B 2.000000 4.000000 18.000000 C[purple]
-40.280193 -18.945240 -42.881428 0.998448 0.052338 0.019015 -0.055685 0.938432 0.340946 0.000000 -0.341475 0.939891 B 2.000000 4.000000 18.000000 C[purple]
-40.226927 -25.091734 -25.805744 0.979323 0.190144 0.069082 -0.202305 0.920456 0.334415 -0.000000 -0.341475 0.939891 B 2.000000 4.000000 18.000000 C[purple]
-40.078196 30.933995 -8.788673 0.999789 -0.019302 -0.007013 0.020537 0.939692 0.341403 -0.000000 -0.341475 0.939891 B 2.000000 4.000000 18.000000 C[purple]
-39.932717 24.752210 8.294506 0.991111 -0.125043 -0.045430 0.133040 0.931536 0.338440 0.000000 -0.341475 0.939891 B 2.000000 4.000000 18.000000 C[purple]
-39.960221 18.703620 25.614030 0.996024 0.083725 0.030419 -0.089080 0.936154 0.340118 0.000000 -0.341475 0.939891 B 2.000000 4.000000 18.000000 C[purple]
-40.083886 12.600083 42.567549 0.929281 0.347170 0.126132 -0.369373 0.873423 0.317327 0.000000 -0.341475 0.939891 B 2.000000 4.000000 18.000000 C[purple]
-39.916514 6.100613 60.024956 0.906136 0.397562 0.144440 -0.422987 0.851669 0.309423 0.000000 -0.341475 0.939891 B 2.000000 4.000000 18.000000 C[purple]
-40.017401 0.200174 77.168210 0.822475 0.534612 0.194232 -0.568802 0.773036 0.280855 -0.000000 -0.341475 0.939891 B 2.000000 4.000000 18.000000 C[purple]
-8.781472 -6.783312 77.588813 0.943318 0.311941 0.113332 -0.331890 0.886616 0.322120 0.000000 -0.341475 0.939891 B 2.000000 4.000000 18.000000 C[purple]
-8.882398 -13.042643 -77.504131 0.879747 0.446864 0.162352 -0.475442 0.826866 0.300412 0.000000 -0.341475 0.939891 B 2.000000 4.000000 18.000000 C[purple]
-8.546622 -19.172677 -60.560377 0.894252 0.420661 0.152832 -0.447564 0.840499 0.305365 0.000000 -0.341475 0.939891 B 2.000000 4.000000 18.000000 C[purple]
-8.930171 -25.504869 -43.198200 0.902555 0.404693 0.147031 -0.430575 0.848303 0.308200 -0.000000 -0.341475 0.939891 B 2.000000 4.000000 18.000000 C[purple]
-9.076856 31.054046 -26.072520 0.980358 0.185370 0.067348 -0.197225 0.921430 0.334768 -0.000000 -0.341475 0.939891 B 2.000000 4.000000 18.000000 C[purple]
-9.117074 24.653919 -8.657706 0.980919 0.182731 0.066389 -0.194417 0.921957 0.334960 0.000000 -0.341475 0.939891 B 2.000000 4.000000 18.000000 C[purple]
-8.830296 18.208791 8.396391 0.979474 0.189456 0.068832 -0.201572 0.920598 0.334466 0.000000 -0.341475 0.939891 B 2.000000 4.000000 18.000000 C[purple]
-8.800214 11.817581 25.614276 0.894866 0.419506 0.152412 -0.446334 0.841076 0.305575 -0.000000 -0.341475 0.939891 B 2.000000 4.000000 18.000000 C[purple]
-8.807965 5.686206 42.970629 0.928330 0.349411 0.126946 -0.371758 0.872529 0.317002 -0.000000 -0.341475 0.939891 B 2.000000 4.000000 18.000000 C[purple]
-8.639614 -0.593433 60.096393 0.889320 0.429799 0.156152 -0.457286 0.835863 0.303681 -0.000000 -0.341475 0.939891 B 2.000000 4.000000 18.000000 C[purple]
-32.132019 13.722125 -77.934011 -0.033272 -0.939370 -0.341286 0.999446 -0.031272 -0.011361 0.000000 -0.341475 0.939891 B 2.000000 4.000000 18.000000 C[purple]
-32.326110 7.412132 -60.949777 -0.022559 -0.939652 -0.341389 0.999746 -0.021203 -0.007703 -0.000000 -0.341475 0.939891 B 2.000000 4.000000 18.000000 C[purple]
-32.171298 1.187379 -43.511076 -0.179275 -0.924664 -0.335943 0.983799 -0.168499 -0.061218 -0.000000 -0.341475 0.939891 B 2.000000 4.000000 18.000000 C[purple]
-32.162705 -5.286810 -26.224381 -0.127157 -0.932261 -0.338704 0.991883 -0.119514 -0.043421 0.000000 -0.341475 0.939891 B 2.000000 4.000000 18.000000 C[purple]
-32.361681 -11.479725 -8.867500 -0.288719 -0.899864 -0.326933 0.957414 -0.271364 -0.098590 0.000000 -0.341475 0.939891 B 2.000000 4.000000 18.000000 C[purple]
-32.000536 -17.652438 8.230536 -0.403175 -0.860115 -0.312492 0.915123 -0.378941 -0.137674 0.000000 -0.341475 0.939891 B 2.000000 4.000000 18.000000 C[purple]
-32.043156 -23.917149 25.632450 -0.181229 -0.924327 -0.335821 0.983441 -0.170336 -0.061885 0.000000 -0.341475 0.939891 B 2.000000 4.000000 18.000000 C[purple]
-32.000329 -29.862973 42.728001 -0.318128 -0.891061 -0.323735 0.948048 -0.299005 -0.108633 -0.000000 -0.341475 0.939891 B 2.000000 4.000000 18.000000 C[purple]
-32.045035 26.167389 59.971964 -0.234501 -0.913683 -0.331954 0.972116 -0.220405 -0.080076 -0.000000 -0.341475 0.939891 B 2.000000 4.000000 18.000000 C[purple]
-32.080111 19.821938 76.938173 0.008616 -0.939856 -0.341463 0.999963 0.008098 0.002942 0.000000 -0.341475 0.939891 B 2.000000 4.000000 18.000000 C[purple]
-33.545944 29.479122 77.779413 0.835284 -0.516770 -0.187750 0.549819 0.785075 0.285229 0.000000 -0.341475 0.939891 B 2.000000 4.000000 18.000000 C[purple]
-33.653944 23.551706 -77.127070 0.857497 -0.483564 -0.175685 0.514489 0.805953 0.292814 0.000000 -0.341475 0.939891 B 2.000000 4.000000 18.000000 C[purple]
-33.900383 17.340765 -59.974724 0.939117 -0.322944 -0.117330 0.343598 0.882667 0.320685 -0.000000 -0.341475 0.939891 B 2.000000 4.000000 18.000000 C[purple]
-33.659527 11.043217 -42.690511 0.978949 -0.191835 -0.069696 0.204103 0.920105 0.334287 -0.000000 -0.341475 0.939891 B 2.000000 4.000000 18.000000 C[purple]
-33.349314 4.744150 -25.452968 0.997820 -0.062022 -0.022534 0.065989 0.937842 0.340731 -0.000000 -0.341475 0.939891 B 2.000000 4.000000 18.000000 C[purple]
-33.260610 -1.175926 -8.048593 0.971119 -0.224255 -0.081475 0.238597 0.912746 0.331613 0.000000 -0.341475 0.939891 B 2.000000 4.000000 18.000000 C[purple]
-33.270434 -7.697835 8.909427 0.972945 -0.217150 -0.078894 0.231038 0.914462 0.332237 0.000000 -0.341475 0.939891 B 2.000000 4.000000 18.000000 C[purple]
-33.267567 -13.871695 26.386303 0.917246 -0.374379 -0.136017 0.398322 0.862111 0.313217 0.000000 -0.341475 0.939891 B 2.000000 4.000000 18.000000 C[purple]
-33.539875 -20.323691 43.621539 0.980188 -0.186162 -0.067635 0.198068 0.921270 0.334710 0.000000 -0.341475 0.939891 B 2.000000 4.000000 18.000000 C[purple]
-33.480971 -26.708344 60.753644 0.885835 -0.436109 -0.158444 0.463999 0.832589 0.302491 0.000000 -0.341475 0.939891 B 2.000000 4.000000 18.000000 C[purple]
25.434349 -20.742342 -77.306299 0.993861 -0.103984 -0.037779 0.110635 0.934121 0.339379 -0.000000 -0.341475 0.939891 B 2.000000 4.000000 18.000000 C[purple]
25.360118 -27.238406 -60.236176 0.992966 0.111286 0.040432 -0.118403 0.933279 0.339073 0.000000 -0.341475 0.939891 B 2.000000 4.000000 18.000000 C[purple]
25.448114 28.822669 -42.733690 0.977115 0.199927 0.072636 -0.212713 0.918381 0.333661 0.000000 -0.341475 0.939891 B 2.000000 4.000000 18.000000 C[purple]
25.457775 22.356679 -25.586338 0.989828 -0.133718 -0.048582 0.142270 0.930330 0.338002 -0.000000 -0.341475 0.939891 B 2.000000 4.000000 18.000000 C[purple]
25.634514 16.359595 -8.343821 0.998260 0.055421 0.020135 -0.058966 0.938255 0.340881 -0.000000 -0.341475 0.939891 B 2.000000 4.000000 18.000000 C[purple]
25.564548 10.287781 8.777785 0.997205 0.070229 0.025515 -0.074721 0.937263 0.340521 -0.000000 -0.341475 0.939891 B 2.000000 4.000000 18.000000 C[purple]
25.308223 3.945070 25.802736 0.996910 -0.073829 -0.026823 0.078551 0.936987 0.340420 0.000000 -0.341475 0.939891 B 2.000000 4.000000 18.000000 C[purple]
25.177068 -1.944923 42.909913 0.999492 0.029970 0.010888 -0.031886 0.939413 0.341302 0.000000 -0.341475 0.939891 B 2.000000 4.000000 18.000000 C[purple]
24.888939 -8.214535 60.022547 0.990930 -0.126302 -0.045887 0.134379 0.931366 0.338378 0.000000 -0.341475 0.939891 B 2.000000 4.000000 18.000000 C[purple]
25.257697 -14.524917 77.205315 0.988120 -0.144447 -0.052480 0.153685 0.928725 0.337419 0.000000 -0.341475 0.939891 B 2.000000 4.000000 18.000000 C[purple]
40.782282 30.621888 -77.242511 -0.210320 -0.918868 -0.333837 0.977633 -0.197678 -0.071819 0.000000 -0.341475 0.939891 B 2.000000 4.000000 18.000000 C[purple]
40.876123 24.549429 -60.212047 -0.465092 -0.832050 -0.302295 0.885262 -0.437136 -0.158818 0.000000 -0.341475 0.939891 B 2.000000 4.000000 18.000000 C[purple]
41.156199 18.196105 -43.115368 -0.301449 -0.896169 -0.325591 0.953482 -0.283329 -0.102937 -0.000000 -0.341475 0.939891 B 2.000000 4.000000 18.000000 C[purple]
41.032033 12.051052 -25.879121 -0.555107 -0.781781 -0.284032 0.831779 -0.521740 -0.189555 0.000000 -0.341475 0.939891 B 2.000000 4.000000 18.000000 C[purple]
41.011615 5.654383 -8.764183 -0.328175 -0.887837 -0.322563 0.944617 -0.308449 -0.112064 0.000000 -0.341475 0.939891 B 2.000000 4.000000 18.000000 C[purple]
40.838649 -0.867365 8.618882 -0.404318 -0.859642 -0.312320 0.914619 -0.380014 -0.138064 0.000000 -0.341475 0.939891 B 2.000000 4.000000 18.000000 C[purple]
40.741127 -6.922851 25.630044 -0.149206 -0.929370 -0.337653 0.988806 -0.140237 -0.050950 0.000000 -0.341475 0.939891 B 2.000000 4.000000 18.000000 C[purple]
40.530781 -13.118823 42.819868 -0.157000 -0.928235 -0.337241 0.987599 -0.147563 -0.053612 0.000000 -0.341475 0.939891 B 2.000000 4.000000 18.000000 C[purple]
40.709104 -19.423956 60.176154 -0.298275 -0.897107 -0.325931 0.954480 -0.280345 -0.101853 -0.000000 -0.341475 0.939891 B 2.000000 4.000000 18.000000 C[purple]
41.057019 -25.719628 77.308781 -0.102029 -0.934986 -0.339693 0.994781 -0.095896 -0.034840 0.000000 -0.341475 0.939891 B 2.000000 4.000000 18.000000 C[purple]
6.477331 -13.636887 77.612962 0.618611 -0.738470 -0.268296 0.785697 0.581427 0.211241 0.000000 -0.341475 0.939891 B 2.000000 4.000000 18.000000 C[purple]
6.503010 -20.126124 -76.913114 0.693037 -0.677569 -0.246170 0.720902 0.651379 0.236655 0.000000 -0.341475 0.939891 B 2.000000 4.000000 18.000000 C[purple]
6.339176 -26.432942 -59.615424 0.645677 -0.717710 -0.260754 0.763611 0.606866 0.220483 0.000000 -0.341475 0.939891 B 2.000000 4.000000 18.000000 C[purple]
6.125328 30.066926 -42.550640 0.686224 -0.683667 -0.248386 0.727390 0.644976 0.234329 0.000000 -0.341475 0.939891 B 2.000000 4.000000 18.000000 C[purple]
5.944632 23.704916 -25.462664 0.695683 -0.675170 -0.245299 0.718349 0.653866 0.237559 -0.000000 -0.341475 0.939891 B 2.000000 4.000000 18.000000 C[purple]
5.998327 17.531547 -8.393304 0.780796 -0.587230 -0.213349 0.624786 0.733863 0.266623 -0.000000 -0.341475 0.939891 B 2.000000 4.000000 18.000000 C[purple]
6.421103 11.255734 8.645291 0.800054 -0.563866 -0.204861 0.599928 0.751964 0.273199 -0.000000 -0.341475 0.939891 B 2.000000 4.000000 18.000000 C[purple]
6.336143 5.173794 26.026919 0.775108 -0.593850 -0.215754 0.631829 0.728517 0.264680 0.000000 -0.341475 0.939891 B 2.000000 4.000000 18.000000 C[purple]
6.596255 -1.027184 42.977079 0.781797 -0.586053 -0.212921 0.623533 0.734804 0.266964 0.000000 -0.341475 0.939891 B 2.000000 4.000000 18.000000 C[purple]
6.583400 -7.338048 60.298854 0.770961 -0.598600 -0.217480 0.636882 0.724619 0.263264 0.000000 -0.341475 0.939891 B 2.000000 4.000000 18.000000 C[purple]
1.147748 -2.428688 77.975821 0.737398 -0.634857 -0.230653 0.675459 0.693073 0.251803 0.000000 -0.341475 0.939891 B 2.000000 4.000000 18.000000 C[purple]
1.409388 -8.431765 -76.861812 0.711966 -0.660005 -0.239789 0.702214 0.669170 0.243119 -0.000000 -0.341475 0.939891 B 2.000000 4.000000 18.000000 C[purple]
1.582758 -14.693748 -59.535224 0.888183 -0.431870 -0.156905 0.459490 0.834795 0.303293 -0.000000 -0.341475 0.939891 B 2.000000 4.000000 18.000000 C[purple]
1.335038 -20.748500 -42.089997 0.864368 -0.472633 -0.171714 0.502860 0.812411 0.295160 -0.000000 -0.341475 0.939891 B 2.000000 4.000000 18.000000 C[purple]
1.629317 -26.799398 -24.997593 0.937212 -0.327796 -0.119093 0.348759 0.880877 0.320035 0.000000 -0.341475 0.939891 B 2.000000 4.000000 18.000000 C[purple]
1.455603 29.055693 -7.800349 0.846892 -0.499802 -0.181585 0.531766 0.795986 0.289193 0.000000 -0.341475 0.939891 B 2.000000 4.000000 18.000000 C[purple]
1.486856 22.936466 9.471552 0.917470 -0.373894 -0.135841 0.397806 0.862321 0.313293 0.000000 -0.341475 0.939891 B 2.000000 4.000000 18.000000 C[purple]
1.205525 16.747138 26.699094 0.891289 -0.426179 -0.154837 0.453435 0.837715 0.304353 0.000000 -0.341475 0.939891 B 2.000000 4.000000 18.000000 C[purple]
1.335676 10.389931 43.751724 0.825263 -0.530802 -0.192848 0.564748 0.775657 0.281807 0.000000 -0.341475 0.939891 B 2.000000 4.000000 18.000000 C[purple]
1.364643 3.894077 60.654583 0.882829 -0.441462 -0.160389 0.469695 0.829763 0.301464 0.000000 -0.341475 0.939891 B 2.000000 4.000000 18.000000 C[purple]
-31.798878 -22.339317 -76.959369 0.997542 0.065856 0.023926 -0.070068 0.937581 0.340636 0.000000 -0.341475 0.939891 B 2.000000 4.000000 18.000000 C[purple]
-31.585468 -28.344246 -59.907581 0.999631 0.025515 0.009270 -0.027147 0.939544 0.341350 0.000000 -0.341475 0.939891 B 2.000000 4.000000 18.000000 C[purple]
-31.681904 27.926142 -42.884450 0.996781 0.075354 0.027377 -0.080173 0.936865 0.340376 0.000000 -0.341475 0.939891 B 2.000000 4.000000 18.000000 C[purple]
-31.610446 21.573965 -25.772144 0.998278 0.055139 0.020033 -0.058666 0.938272 0.340887 0.000000 -0.341475 0.939891 B 2.000000 4.000000 18.000000 C[purple]
-31.674316 15.361323 -8.744903 0.944937 0.307580 0.111748 -0.327251 0.888138 0.322673 0.000000 -0.341475 0.939891 B 2.000000 4.000000 18.000000 C[purple]
-31.451724 9.480325 8.509566 0.967571 0.237414 0.086256 -0.252598 0.909411 0.330402 -0.000000 -0.341475 0.939891 B 2.000000 4.000000 18.000000 C[purple]
-31.589124 2.899871 25.550460 0.939312 0.322443 0.117148 -0.343065 0.882850 0.320752 0.000000 -0.341475 0.939891 B 2.000000 4.000000 18.000000 C[purple]
-31.744090 -3.542730 43.169259 0.925984 0.354868 0.128928 -0.377563 0.870324 0.316201 0.000000 -0.341475 0.939891 B 2.000000 4.000000 18.000000 C[purple]
-31.600272 -9.787206 60.385061 0.978757 0.192700 0.070011 -0.205024 0.919925 0.334221 0.000000 -0.341475 0.939891 B 2.000000 4.000000 18.000000 C[purple]
-31.678907 -16.383307 77.819565 0.950640 0.291644 0.105959 -0.310296 0.893498 0.324620 0.000000 -0.341475 0.939891 B 2.000000 4.000000 18.000000 C[purple]
-34.833185 -6.709792 -77.342397 -0.007822 -0.939862 -0.341465 0.999969 -0.007352 -0.002671 -0.000000 -0.341475 0.939891 B 2.000000 4.000000 18.000000 C[purple]
-35.188428 -12.999803 -60.002778 0.155998 -0.928384 -0.337295 0.987757 0.146622 0.053270 0.000000 -0.341475 0.939891 B 2.000000 4.000000 18.000000 C[purple]
-35.175198 -19.186775 -43.040765 0.079343 -0.936928 -0.340399 0.996847 0.074574 0.027094 -0.000000 -0.341475 0.939891 B 2.000000 4.000000 18.000000 C[purple]
-35.282375 -25.413224 -25.512336 -0.104899 -0.934705 -0.339591 0.994483 -0.098594 -0.035820 -0.000000 -0.341475 0.939891 B 2.000000 4.000000 18.000000 C[purple]
-35.246213 30.669142 -8.616873 -0.253543 -0.909179 -0.330317 0.967324 -0.238303 -0.086579 0.000000 -0.341475 0.939891 B 2.000000 4.000000 18.000000 C[purple]
-34.974480 24.316965 8.922711 -0.112816 -0.933890 -0.339295 0.993616 -0.106034 -0.038524 0.000000 -0.341475 0.939891 B 2.000000 4.000000 18.000000 C[purple]
-34.856297 17.869197 25.973768 0.080512 -0.936839 -0.340367 0.996754 0.075673 0.027493 0.000000 -0.341475 0.939891 B 2.000000 4.000000 18.000000 C[purple]
-34.939906 11.711098 43.241069 0.353846 -0.879083 -0.319383 0.935304 0.332577 0.120830 -0.000000 -0.341475 0.939891 B 2.000000 4.000000 18.000000 C[purple]
-34.712158 5.567753 60.218047 0.175893 -0.925237 -0.336152 0.984409 0.165320 0.060063 0.000000 -0.341475 0.939891 B 2.000000 4.000000 18.000000 C[purple]
-34.805997 -0.738253 77.627346 -0.015468 -0.939778 -0.341435 0.999880 -0.014538 -0.005282 0.000000 -0.341475 0.939891 B 2.000000 4.000000 18.000000 C[purple]
31.654808 -30.030101 77.336049 0.167134 0.926670 0.336672 -0.985934 0.157088 0.057072 0.000000 -0.341475 0.939891 B 2.000000 4.000000 18.000000 C[purple]
31.884652 26.283675 -77.649228 0.403354 0.860041 0.312465 -0.915044 0.379108 0.137735 -0.000000 -0.341475 0.939891 B 2.000000 4.000000 18.000000 C[purple]
31.612898 20.057958 -60.421283 0.479281 0.824906 0.299700 -0.877662 0.450472 0.163663 0.000000 -0.341475 0.939891 B 2.000000 4.000000 18.000000 C[purple]
31.699046 13.609682 -42.832178 0.491806 0.818367 0.297324 -0.870705 0.462244 0.167940 -0.000000 -0.341475 0.939891 B 2.000000 4.000000 18.000000 C[purple]
31.628430 7.261642 -25.912901 0.304426 0.895280 0.325268 -0.952536 0.286127 0.103954 0.000000 -0.341475 0.939891 B 2.000000 4.000000 18.000000 C[purple]
31.844887 1.264482 -8.799178 0.150201 0.929228 0.337602 -0.988656 0.141172 0.051290 0.000000 -0.341475 0.939891 B 2.000000 4.000000 18.000000 C[purple]
31.745153 -4.937429 8.398323 0.037874 0.939216 0.341230 -0.999283 0.035597 0.012933 0.000000 -0.341475 0.939891 B 2.000000 4.000000 18.000000 C[purple]
31.681021 -11.152156 25.411844 -0.226719 0.915416 0.332583 -0.973960 -0.213091 -0.077419 0.000000 -0.341475 0.939891 B 2.000000 4.000000 18.000000 C[purple]
31.619838 -17.516648 42.872201 -0.153101 0.928810 0.337450 -0.988210 -0.143899 -0.052280 0.000000 -0.341475 0.939891 B 2.000000 4.000000 18.000000 C[purple]
31.940560 -23.727001 60.030784 0.032953 0.939380 0.341290 -0.999457 0.030972 0.011253 0.000000 -0.341475 0.939891 B 2.000000 4.000000 18.000000 C[purple]
-39.370038 -10.853022 77.486941 0.950828 -0.291103 -0.105762 0.309720 0.893674 0.324684 0.000000 -0.341475 0.939891 B 2.000000 4.000000 18.000000 C[purple]
-39.414140 -16.727741 -77.425148 0.993084 -0.110349 -0.040091 0.117406 0.933390 0.339114 -0.000000 -0.341475 0.939891 B 2.000000 4.000000 18.000000 C[purple]
-39.699279 -23.143294 -60.065835 0.995095 -0.092977 -0.033780 0.098923 0.935281 0.339800 0.000000 -0.341475 0.939891 B 2.000000 4.000000 18.000000 C[purple]
-39.642723 -29.521765 -43.120105 0.923350 -0.360880 -0.131113 0.383959 0.867848 0.315301 0.000000 -0.341475 0.939891 B 2.000000 4.000000 18.000000 C[purple]
-39.803312 26.686395 -26.184103 0.972510 -0.218864 -0.079516 0.232861 0.914053 0.332088 0.000000 -0.341475 0.939891 B 2.000000 4.000000 18.000000 C[purple]
-39.546824 20.124165 -9.045114 0.949248 -0.295624 -0.107404 0.314530 0.892189 0.324145 0.000000 -0.341475 0.939891 B 2.000000 4.000000 18.000000 C[purple]
-39.626769 13.549801 8.240429 0.974290 -0.211755 -0.076933 0.225297 0.915726 0.332696 -0.000000 -0.341475 0.939891 B 2.000000 4.000000 18.000000 C[purple]
-39.537284 7.377504 25.696025 0.922199 -0.363472 -0.132054 0.386717 0.866766 0.314908 0.000000 -0.341475 0.939891 B 2.000000 4.000000 18.000000 C[purple]
-39.409648 1.419480 42.968399 0.984061 -0.167140 -0.060724 0.177829 0.924910 0.336033 0.000000 -0.341475 0.939891 B 2.000000 4.000000 18.000000 C[purple]
-39.555682 -4.774032 60.236496 0.969405 -0.230714 -0.083822 0.245469 0.911134 0.331028 0.000000 -0.341475 0.939891 B 2.000000 4.000000 18.000000 C[purple]
13.455605 16.381167 -77.083571 0.899009 -0.411606 -0.149542 0.437930 0.844970 0.306990 0.000000 -0.341475 0.939891 B 2.000000 4.000000 18.000000 C[purple]
13.200121 9.795916 -60.062960 0.908122 -0.393537 -0.142977 0.418705 0.853536 0.310101 0.000000 -0.341475 0.939891 B 2.000000 4.000000 18.000000 C[purple]
13.430032 3.464527 -43.154688 0.893811 -0.421488 -0.153133 0.448444 0.840085 0.305214 0.000000 -0.341475 0.939891 B 2.000000 4.000000 18.000000 C[purple]
13.580468 -2.679768 -25.882694 0.817126 -0.541809 -0.196847 0.576459 0.768009 0.279028 0.000000 -0.341475 0.939891 B 2.000000 4.000000 18.000000 C[purple]
13.762207 -8.933747 -8.438684 0.721745 -0.650554 -0.236355 0.692159 0.678361 0.246458 0.000000 -0.341475 0.939891 B 2.000000 4.000000 18.000000 C[purple]
13.860913 -15.054598 8.851598 0.709031 -0.662790 -0.240801 0.705177 0.666412 0.242117 -0.000000 -0.341475 0.939891 B 2.000000 4.000000 18.000000 C[purple]
13.753260 -20.985663 25.899072 0.697929 -0.673119 -0.244553 0.716167 0.655977 0.238326 0.000000 -0.341475 0.939891 B 2.000000 4.000000 18.000000 C[purple]
13.590946 -27.301108 43.052371 0.911930 -0.385681 -0.140123 0.410346 0.857114 0.311402 0.000000 -0.341475 0.939891 B 2.000000 4.000000 18.000000 C[purple]
13.328654 28.939400 60.450610 0.898972 -0.411678 -0.149568 0.438007 0.844935 0.306977 0.000000 -0.341475 0.939891 B 2.000000 4.000000 18.000000 C[purple]
13.147305 22.698936 77.534616 0.868370 -0.466108 -0.169344 0.495918 0.816173 0.296527 0.000000 -0.341475 0.939891 B 2.000000 4.000000 18.000000 C[purple]
-19.924611 5.555574 -77.511511 0.500492 0.813702 0.295629 -0.865741 0.470408 0.170906 -0.000000 -0.341475 0.939891 B 2.000000 4.000000 18.000000 C[purple]
-19.910581 -0.777626 -60.518374 0.657643 0.708047 0.257243 -0.753329 0.618113 0.224569 0.000000 -0.341475 0.939891 B 2.000000 4.000000 18.000000 C[purple]
-20.046650 -7.061179 -43.132965 0.478901 0.825101 0.299771 -0.877869 0.450114 0.163533 0.000000 -0.341475 0.939891 B 2.000000 4.000000 18.000000 C[purple]
-19.951243 -13.027114 -25.847657 0.491074 0.818755 0.297465 -0.871118 0.461556 0.167690 0.000000 -0.341475 0.939891 B 2.000000 4.000000 18.000000 C[purple]
-19.840552 -19.508934 -8.939966 0.513006 0.806788 0.293117 -0.858385 0.482170 0.175179 0.000000 -0.341475 0.939891 B 2.000000 4.000000 18.000000 C[purple]
-19.665067 -25.897094 8.496992 0.282564 0.901589 0.327560 -0.959248 0.265579 0.096489 0.000000 -0.341475 0.939891 B 2.000000 4.000000 18.000000 C[purple]
-19.439858 30.219196 25.811061 0.072406 0.937424 0.340579 -0.997375 0.068054 0.024725 0.000000 -0.341475 0.939891 B 2.000000 4.000000 18.000000 C[purple]
-19.622363 23.954768 42.829293 0.385126 0.867391 0.315135 -0.922864 0.361976 0.131511 -0.000000 -0.341475 0.939891 B 2.000000 4.000000 18.000000 C[purple]
-19.592178 17.768719 60.187758 0.530967 0.796456 0.289364 -0.847392 0.499051 0.181312 0.000000 -0.341475 0.939891 B 2.000000 4.000000 18.000000 C[purple]
-19.671725 11.686201 77.212523 0.301034 0.896292 0.325636 -0.953613 0.282939 0.102796 -0.000000 -0.341475 0.939891 B 2.000000 4.000000 18.000000 C[purple]
31.672499 -26.477924 77.331258 0.390655 0.865204 0.314341 -0.920537 0.367173 0.133399 0.000000 -0.341475 0.939891 B 2.000000 4.000000 18.000000 C[purple]
31.591826 30.061441 -77.555681 0.440544 0.843769 0.306553 -0.897731 0.414063 0.150435 0.000000 -0.341475 0.939891 B 2.000000 4.000000 18.000000 C[purple]
31.731871 23.690161 -60.152500 0.716551 0.655607 0.238191 -0.697535 0.673479 0.244684 0.000000 -0.341475 0.939891 B 2.000000 4.000000 18.000000 C[purple]
31.904648 17.622192 -42.981413 0.632355 0.728113 0.264534 -0.774679 0.594345 0.215934 -0.000000 -0.341475 0.939891 B 2.000000 4.000000 18.000000 C[purple]
31.706582 11.391436 -25.637432 0.413580 0.855740 0.310902 -0.910468 0.388720 0.141227 -0.000000 -0.341475 0.939891 B 2.000000 4.000000 18.000000 C[purple]
31.988402 5.112040 -8.764197 0.366568 0.874466 0.317706 -0.930391 0.344534 0.125174 0.000000 -0.341475 0.939891 B 2.000000 4.000000 18.000000 C[purple]
31.918459 -0.976552 8.492702 0.586997 0.760926 0.276455 -0.809589 0.551713 0.200445 -0.000000 -0.341475 0.939891 B 2.000000 4.000000 18.000000 C[purple]
31.656254 -7.183683 25.958084 0.609363 0.745231 0.270753 -0.792891 0.572735 0.208082 0.000000 -0.341475 0.939891 B 2.000000 4.000000 18.000000 C[purple]
31.983987 -13.608781 43.144851 0.327276 0.888130 0.322670 -0.944929 0.307603 0.111757 -0.000000 -0.341475 0.939891 B 2.000000 4.000000 18.000000 C[purple]
31.862994 -20.274813 60.143397 0.327031 0.888209 0.322699 -0.945013 0.307374 0.111673 -0.000000 -0.341475 0.939891 B 2.000000 4.000000 18.000000 C[purple]
-44.352980 11.096425 -76.743678 0.743912 0.628108 0.228201 -0.668278 0.699196 0.254027 -0.000000 -0.341475 0.939891 B 2.000000 4.000000 18.000000 C[purple]
-44.225676 4.640295 -59.381097 0.784702 0.582613 0.211671 -0.619873 0.737534 0.267957 -0.000000 -0.341475 0.939891 B 2.000000 4.000000 18.000000 C[purple]
-43.998922 -1.680473 -42.404871 0.620536 0.737042 0.267778 -0.784178 0.583236 0.211898 0.000000 -0.341475 0.939891 B 2.000000 4.000000 18.000000 C[purple]
-44.326967 -7.726154 -25.253222 0.710384 0.661508 0.240335 -0.703814 0.667684 0.242579 0.000000 -0.341475 0.939891 B 2.000000 4.000000 18.000000 C[purple]
-44.499322 -14.187110 -7.993109 0.786708 0.580219 0.210802 -0.617326 0.739419 0.268641 0.000000 -0.341475 0.939891 B 2.000000 4.000000 18.000000 C[purple]
-44.509002 -20.491557 8.953832 0.820135 0.537777 0.195382 -0.572169 0.770838 0.280056 0.000000 -0.341475 0.939891 B 2.000000 4.000000 18.000000 C[purple]
-44.296200 -26.615258 26.149106 0.733080 0.639259 0.232252 -0.680142 0.689015 0.250329 -0.000000 -0.341475 0.939891 B 2.000000 4.000000 18.000000 C[purple]
-44.448169 29.920350 43.335234 0.742452 0.629632 0.228754 -0.669899 0.697824 0.253529 0.000000 -0.341475 0.939891 B 2.000000 4.000000 18.000000 C[purple]
-44.278872 23.603040 60.350313 0.761656 0.609032 0.221270 -0.647982 0.715873 0.260087 0.000000 -0.341475 0.939891 B 2.000000 4.000000 18.000000 C[purple]
-44.427746 17.405036 77.624369 0.773353 0.595867 0.216487 -0.633975 0.726868 0.264081 0.000000 -0.341475 0.939891 B 2.000000 4.000000 18.000000 C[purple]
-2.822817 -5.505730 77.171186 0.170495 0.926129 0.336476 -0.985359 0.160247 0.058220 0.000000 -0.341475 0.939891 B 2.000000 4.000000 18.000000 C[purple]
-2.861405 -11.653221 -77.861834 0.008805 0.939854 0.341462 -0.999961 0.008276 0.003007 0.000000 -0.341475 0.939891 B 2.000000 4.000000 18.000000 C[purple]
-3.161277 -17.937375 -60.686975 0.219867 0.916891 0.333119 -0.975530 0.206651 0.075079 0.000000 -0.341475 0.939891 B 2.000000 4.000000 18.000000 C[purple]
-3.028047 -23.977605 -43.699439 0.366899 0.874343 0.317661 -0.930261 0.344845 0.125287 -0.000000 -0.341475 0.939891 B 2.000000 4.000000 18.000000 C[purple]
-3.048938 -30.569688 -26.399073 0.451302 0.838731 0.304723 -0.892371 0.424175 0.154109 0.000000 -0.341475 0.939891 B 2.000000 4.000000 18.000000 C[purple]
-2.881031 25.628633 -8.887507 0.237215 0.913064 0.331729 -0.971457 0.222956 0.081003 -0.000000 -0.341475 0.939891 B 2.000000 4.000000 18.000000 C[purple]
-2.522403 19.390829 8.377838 0.242394 0.911861 0.331292 -0.970178 0.227824 0.082771 0.000000 -0.341475 0.939891 B 2.000000 4.000000 18.000000 C[purple]
-2.209590 13.259443 25.398679 0.033323 0.939369 0.341286 -0.999445 0.031320 0.011379 0.000000 -0.341475 0.939891 B 2.000000 4.000000 18.000000 C[purple]
-2.464410 6.982290 42.826985 0.200443 0.920816 0.334545 -0.979705 0.188395 0.068446 -0.000000 -0.341475 0.939891 B 2.000000 4.000000 18.000000 C[purple]
-2.403459 0.720743 60.116081 0.273804 0.903973 0.328426 -0.961786 0.257345 0.093497 -0.000000 -0.341475 0.939891 B 2.000000 4.000000 18.000000 C[purple]
-19.183652 0.362569 -77.281466 0.591184 0.758056 0.275412 -0.806537 0.555648 0.201875 -0.000000 -0.341475 0.939891 B 2.000000 4.000000 18.000000 C[purple]
-19.211008 -5.956328 -60.331042 0.458827 0.835117 0.303410 -0.888526 0.431247 0.156678 -0.000000 -0.341475 0.939891 B 2.000000 4.000000 18.000000 C[purple]
-19.120515 -12.105993 -42.960194 0.630146 0.729803 0.265148 -0.776477 0.592269 0.215179 0.000000 -0.341475 0.939891 B 2.000000 4.000000 18.000000 C[purple]
-19.372691 -18.136029 -25.783095 0.629278 0.730465 0.265388 -0.777181 0.591452 0.214883 0.000000 -0.341475 0.939891 B 2.000000 4.000000 18.000000 C[purple]
-19.177785 -24.692920 -8.717766 0.641298 0.721171 0.262011 -0.767292 0.602750 0.218987 0.000000 -0.341475 0.939891 B 2.000000 4.000000 18.000000 C[purple]
-19.353972 -30.858727 8.442896 0.843641 0.504634 0.183341 -0.536907 0.792930 0.288083 0.000000 -0.341475 0.939891 B 2.000000 4.000000 18.000000 C[purple]
-19.230139 25.316732 25.891491 0.749079 0.622659 0.226221 -0.662480 0.704053 0.255792 0.000000 -0.341475 0.939891 B 2.000000 4.000000 18.000000 C[purple]
-18.990433 19.070913 42.967897 0.683953 0.685675 0.249115 -0.729526 0.642841 0.233553 -0.000000 -0.341475 0.939891 B 2.000000 4.000000 18.000000 C[purple]
-18.919217 13.000780 59.997390 0.661181 0.705131 0.256184 -0.750226 0.621438 0.225777 -0.000000 -0.341475 0.939891 B 2.000000 4.000000 18.000000 C[purple]
-18.920914 6.528642 77.186396 0.681937 0.687446 0.249759 -0.731411 0.640946 0.232865 -0.000000 -0.341475 0.939891 B 2.000000 4.000000 18.000000 C[purple]
19.431871 -17.910993 77.346354 -0.222745 0.916278 0.332896 -0.974877 -0.209356 -0.076062 0.000000 -0.341475 0.939891 B 2.000000 4.000000 18.000000 C[purple]
19.446321 -24.002101 -77.564216 0.092635 0.935849 0.340007 -0.995700 0.087066 0.031632 -0.000000 -0.341475 0.939891 B 2.000000 4.000000 18.000000 C[purple]
19.169382 -30.266363 -60.139750 0.007811 0.939862 0.341465 -0.999969 0.007342 0.002667 -0.000000 -0.341475 0.939891 B 2.000000 4.000000 18.000000 C[purple]
19.361650 26.071166 -42.927393 0.064001 0.937964 0.340775 -0.997950 0.060154 0.021855 -0.000000 -0.341475 0.939891 B 2.000000 4.000000 18.000000 C[purple]
19.439847 19.957637 -25.989933 -0.016152 0.939768 0.341431 -0.999870 -0.015181 -0.005515 0.000000 -0.341475 0.939891 B 2.000000 4.000000 18.000000 C[purple]
19.541135 13.386545 -8.593285 0.054556 0.938491 0.340967 -0.998511 0.051276 0.018629 -0.000000 -0.341475 0.939891 B 2.000000 4.000000 18.000000 C[purple]
19.499348 6.890878 8.855855 0.031674 0.939419 0.341304 -0.999498 0.029770 0.010816 -0.000000 -0.341475 0.939891 B 2.000000 4.000000 18.000000 C[purple]
19.448690 0.824120 26.157495 0.027889 0.939525 0.341343 -0.999611 0.026213 0.009523 0.000000 -0.341475 0.939891 B 2.000000 4.000000 18.000000 C[purple]
19.469081 -5.355994 43.085050 -0.034776 0.939322 0.341269 -0.999395 -0.032686 -0.011875 -0.000000 -0.341475 0.939891 B 2.000000 4.000000 18.000000 C[purple]
19.396759 -11.749992 60.383440 0.157111 0.928218 0.337235 -0.987581 0.147667 0.053649 0.000000 -0.341475 0.939891 B 2.000000 4.000000 18.000000 C[purple]
-24.561699 -6.423183 -77.555830 0.993907 0.103593 0.037637 -0.110218 0.934164 0.339395 -0.000000 -0.341475 0.939891 B 2.000000 4.000000 18.000000 C[purple]
-24.530913 -12.851986 -60.342041 0.952250 0.286967 0.104259 -0.305319 0.895011 0.325170 0.000000 -0.341475 0.939891 B 2.000000 4.000000 18.000000 C[purple]
-24.577195 -19.269036 -42.692145 0.933757 0.336393 0.122216 -0.357906 0.877630 0.318855 0.000000 -0.341475 0.939891 B 2.000000 4.000000 18.000000 C[purple]
-24.334272 -25.435129 -25.602357 0.954515 0.280241 0.101816 -0.298164 0.897140 0.325943 0.000000 -0.341475 0.939891 B 2.000000 4.000000 18.000000 C[purple]
-24.574756 30.896430 -8.390070 0.976449 0.202780 0.073673 -0.215748 0.917755 0.333433 -0.000000 -0.341475 0.939891 B 2.000000 4.000000 18.000000 C[purple]
-24.442520 24.688937 8.741817 0.989604 0.135172 0.049110 -0.143817 0.930120 0.337926 0.000000 -0.341475 0.939891 B 2.000000 4.000000 18.000000 C[purple]
-24.374268 18.154713 25.990482 0.985981 -0.156826 -0.056977 0.166856 0.926715 0.336688 -0.000000 -0.341475 0.939891 B 2.000000 4.000000 18.000000 C[purple]
-24.340831 12.221266 43.173913 0.986395 -0.154512 -0.056137 0.164394 0.927103 0.336830 0.000000 -0.341475 0.939891 B 2.000000 4.000000 18.000000 C[purple]
