-7.177649 -28.158412 -77.128661 -0.384431 0.867664 0.315234 -0.923154 -0.361323 -0.131274 0.000000 -0.341475 0.939891 B 2.000000 4.000000 18.000000 C[purple]
-7.555047 27.949244 -59.737782 -0.229489 0.914806 0.332362 -0.973311 -0.215695 -0.078365 0.000000 -0.341475 0.939891 B 2.000000 4.000000 18.000000 C[purple]
-7.857171 21.407472 -42.560279 -0.256840 0.908361 0.330020 -0.966454 -0.241402 -0.087705 -0.000000 -0.341475 0.939891 B 2.000000 4.000000 18.000000 C[purple]
-7.680424 15.521225 -25.341212 -0.375732 0.871023 0.316455 -0.926728 -0.353147 -0.128303 0.000000 -0.341475 0.939891 B 2.000000 4.000000 18.000000 C[purple]
-7.711129 9.187339 -7.932256 -0.004230 0.939882 0.341472 -0.999991 -0.003975 -0.001444 0.000000 -0.341475 0.939891 B 2.000000 4.000000 18.000000 C[purple]
-7.691373 3.370206 9.224639 -0.045386 0.938922 0.341124 -0.998970 -0.042658 -0.015498 0.000000 -0.341475 0.939891 B 2.000000 4.000000 18.000000 C[purple]
-7.493361 -2.793322 26.309504 -0.442213 0.842998 0.306273 -0.896910 -0.415631 -0.151005 -0.000000 -0.341475 0.939891 B 2.000000 4.000000 18.000000 C[purple]
-7.490948 -9.237625 43.187574 -0.454622 0.837146 0.304147 -0.890685 -0.427295 -0.155242 0.000000 -0.341475 0.939891 B 2.000000 4.000000 18.000000 C[purple]
-7.672902 -15.697947 60.628367 -0.274298 0.903841 0.328378 -0.961645 -0.257810 -0.093666 -0.000000 -0.341475 0.939891 B 2.000000 4.000000 18.000000 C[purple]
-7.358935 -21.779801 77.703130 -0.239257 0.912593 0.331558 -0.970956 -0.224875 -0.081700 0.000000 -0.341475 0.939891 B 2.000000 4.000000 18.000000 C[purple]
-45.581380 -5.384816 77.422907 0.848516 -0.497362 -0.180699 0.529170 0.797512 0.289747 0.000000 -0.341475 0.939891 B 2.000000 4.000000 18.000000 C[purple]
-45.463838 -11.974842 -77.194751 0.901493 -0.406780 -0.147789 0.432795 0.847305 0.307838 0.000000 -0.341475 0.939891 B 2.000000 4.000000 18.000000 C[purple]
-45.542594 -18.221015 -59.748331 0.771637 -0.597830 -0.217200 0.636063 0.725255 0.263495 -0.000000 -0.341475 0.939891 B 2.000000 4.000000 18.000000 C[purple]
-45.483039 -24.318880 -42.768364 0.851137 -0.493390 -0.179255 0.524944 0.799976 0.290642 -0.000000 -0.341475 0.939891 B 2.000000 4.000000 18.000000 C[purple]
-45.305070 -30.686922 -25.301162 0.911659 -0.386245 -0.140328 0.410947 0.856860 0.311309 -0.000000 -0.341475 0.939891 B 2.000000 4.000000 18.000000 C[purple]
-45.390497 25.520417 -8.316178 0.693021 -0.677584 -0.246176 0.720918 0.651364 0.236650 0.000000 -0.341475 0.939891 B 2.000000 4.000000 18.000000 C[purple]
-45.514315 19.226589 9.046581 0.739820 -0.632364 -0.229746 0.672805 0.695350 0.252630 0.000000 -0.341475 0.939891 B 2.000000 4.000000 18.000000 C[purple]
-45.747682 13.322204 26.276234 0.739021 -0.633188 -0.230046 0.673682 0.694599 0.252358 0.000000 -0.341475 0.939891 B 2.000000 4.000000 18.000000 C[purple]
-45.683157 7.350066 43.365870 0.734323 -0.637998 -0.231793 0.678800 0.690184 0.250753 0.000000 -0.341475 0.939891 B 2.000000 4.000000 18.000000 C[purple]
-45.825052 0.931842 60.388397 0.908254 -0.393267 -0.142880 0.418418 0.853660 0.310147 -0.000000 -0.341475 0.939891 B 2.000000 4.000000 18.000000 C[purple]
8.063376 9.084551 -77.519647 0.926812 -0.352953 -0.128233 0.375526 0.871102 0.316484 -0.000000 -0.341475 0.939891 B 2.000000 4.000000 18.000000 C[purple]
8.001687 2.850633 -60.328234 0.905835 -0.398167 -0.144660 0.423631 0.851386 0.309320 -0.000000 -0.341475 0.939891 B 2.000000 4.000000 18.000000 C[purple]
7.989085 -3.198016 -43.022735 0.978601 -0.193400 -0.070265 0.205769 0.919778 0.334168 -0.000000 -0.341475 0.939891 B 2.000000 4.000000 18.000000 C[purple]
8.164499 -9.502098 -25.872774 0.987903 -0.145749 -0.052953 0.155071 0.928521 0.337345 -0.000000 -0.341475 0.939891 B 2.000000 4.000000 18.000000 C[purple]
8.215811 -15.974978 -8.832171 0.984928 -0.162567 -0.059063 0.172963 0.925725 0.336329 0.000000 -0.341475 0.939891 B 2.000000 4.000000 18.000000 C[purple]
8.022795 -22.299419 8.320412 0.942541 -0.314010 -0.114084 0.334092 0.885885 0.321854 0.000000 -0.341475 0.939891 B 2.000000 4.000000 18.000000 C[purple]
7.836362 -28.702776 25.457327 0.980220 -0.186016 -0.067582 0.197912 0.921299 0.334721 -0.000000 -0.341475 0.939891 B 2.000000 4.000000 18.000000 C[purple]
7.637160 27.420308 42.665764 0.988558 -0.141772 -0.051508 0.150838 0.929137 0.337568 -0.000000 -0.341475 0.939891 B 2.000000 4.000000 18.000000 C[purple]
7.549574 21.182323 60.236304 0.961812 -0.257258 -0.093465 0.273710 0.903998 0.328435 -0.000000 -0.341475 0.939891 B 2.000000 4.000000 18.000000 C[purple]
7.769765 15.067213 77.341184 0.897013 -0.415435 -0.150933 0.442003 0.843095 0.306308 0.000000 -0.341475 0.939891 B 2.000000 4.000000 18.000000 C[purple]
35.785573 17.236894 -77.933256 0.804944 0.557685 0.202615 -0.593351 0.756559 0.274868 -0.000000 -0.341475 0.939891 B 2.000000 4.000000 18.000000 C[purple]
35.882885 11.107310 -60.932589 0.747840 0.623974 0.226698 -0.663879 0.702888 0.255369 0.000000 -0.341475 0.939891 B 2.000000 4.000000 18.000000 C[purple]
35.815413 4.856062 -43.508044 0.717956 0.654247 0.237697 -0.696089 0.674800 0.245164 -0.000000 -0.341475 0.939891 B 2.000000 4.000000 18.000000 C[purple]
35.962463 -1.489875 -26.292914 0.340226 0.883820 0.321104 -0.940344 0.319775 0.116179 0.000000 -0.341475 0.939891 B 2.000000 4.000000 18.000000 C[purple]
35.738858 -7.514562 -8.863169 0.360299 0.876765 0.318541 -0.932837 0.338641 0.123033 -0.000000 -0.341475 0.939891 B 2.000000 4.000000 18.000000 C[purple]
35.752571 -13.814593 8.001661 0.517515 0.804240 0.292192 -0.855674 0.486407 0.176719 0.000000 -0.341475 0.939891 B 2.000000 4.000000 18.000000 C[purple]
35.660225 -20.063464 25.412189 0.716510 0.655646 0.238205 -0.697577 0.673441 0.244671 -0.000000 -0.341475 0.939891 B 2.000000 4.000000 18.000000 C[purple]
35.723481 -26.491707 42.881233 0.890871 0.426952 0.155118 -0.454257 0.837321 0.304210 0.000000 -0.341475 0.939891 B 2.000000 4.000000 18.000000 C[purple]
35.431357 29.634962 59.944614 0.949983 0.293528 0.106643 -0.312300 0.892881 0.324396 0.000000 -0.341475 0.939891 B 2.000000 4.000000 18.000000 C[purple]
35.374757 23.510088 76.944974 0.845257 0.502240 0.182471 -0.534360 0.794449 0.288635 0.000000 -0.341475 0.939891 B 2.000000 4.000000 18.000000 C[purple]
41.954063 -25.362015 -77.555995 0.971180 -0.224021 -0.081390 0.238347 0.912803 0.331634 0.000000 -0.341475 0.939891 B 2.000000 4.000000 18.000000 C[purple]
42.093387 30.751225 -60.111073 0.932437 -0.339612 -0.123386 0.361332 0.876389 0.318404 -0.000000 -0.341475 0.939891 B 2.000000 4.000000 18.000000 C[purple]
42.342685 24.678188 -42.891170 0.827024 -0.528375 -0.191966 0.562166 0.777313 0.282408 -0.000000 -0.341475 0.939891 B 2.000000 4.000000 18.000000 C[purple]
42.547103 18.218343 -25.674011 0.893443 -0.422177 -0.153383 0.449176 0.839739 0.305089 -0.000000 -0.341475 0.939891 B 2.000000 4.000000 18.000000 C[purple]
42.235273 12.058750 -8.506504 0.879765 -0.446832 -0.162340 0.475408 0.826883 0.300418 -0.000000 -0.341475 0.939891 B 2.000000 4.000000 18.000000 C[purple]
41.990659 5.711551 8.777047 0.944193 -0.309595 -0.112480 0.329394 0.887438 0.322419 -0.000000 -0.341475 0.939891 B 2.000000 4.000000 18.000000 C[purple]
42.131606 -0.583909 25.831856 0.918087 -0.372553 -0.135354 0.396379 0.862901 0.313504 -0.000000 -0.341475 0.939891 B 2.000000 4.000000 18.000000 C[purple]
42.278520 -6.887364 42.858369 0.991130 -0.124904 -0.045380 0.132892 0.931554 0.338447 0.000000 -0.341475 0.939891 B 2.000000 4.000000 18.000000 C[purple]
42.059927 -13.219361 60.007371 0.999998 0.001763 0.000640 -0.001875 0.939889 0.341475 -0.000000 -0.341475 0.939891 B 2.000000 4.000000 18.000000 C[purple]
42.221290 -19.241625 77.328025 0.993560 -0.106500 -0.038693 0.113311 0.933837 0.339276 -0.000000 -0.341475 0.939891 B 2.000000 4.000000 18.000000 C[purple]
20.145676 -9.892556 -78.240635 0.975189 -0.208066 -0.075593 0.221373 0.916571 0.333003 0.000000 -0.341475 0.939891 B 2.000000 4.000000 18.000000 C[purple]
20.091671 -16.258782 -60.763375 0.939770 -0.321262 -0.116719 0.341808 0.883281 0.320908 0.000000 -0.341475 0.939891 B 2.000000 4.000000 18.000000 C[purple]
20.331455 -22.258623 -43.638683 0.987179 -0.150020 -0.054504 0.159614 0.927841 0.337098 0.000000 -0.341475 0.939891 B 2.000000 4.000000 18.000000 C[purple]
20.279185 -28.591472 -26.177921 0.885090 -0.437443 -0.158929 0.465419 0.831888 0.302237 0.000000 -0.341475 0.939891 B 2.000000 4.000000 18.000000 C[purple]
20.099532 27.393138 -9.264132 0.943217 -0.312211 -0.113431 0.332178 0.886521 0.322085 0.000000 -0.341475 0.939891 B 2.000000 4.000000 18.000000 C[purple]
20.138217 21.131516 8.368457 0.943115 -0.312482 -0.113529 0.332466 0.886425 0.322051 -0.000000 -0.341475 0.939891 B 2.000000 4.000000 18.000000 C[purple]
20.405800 15.107510 25.444455 0.982076 -0.177154 -0.064362 0.188483 0.923045 0.335355 0.000000 -0.341475 0.939891 B 2.000000 4.000000 18.000000 C[purple]
20.569710 8.485883 42.593030 0.974818 -0.209600 -0.076150 0.223004 0.916222 0.332876 0.000000 -0.341475 0.939891 B 2.000000 4.000000 18.000000 C[purple]
20.415773 2.401271 59.565216 0.999991 -0.003925 -0.001426 0.004176 0.939883 0.341472 0.000000 -0.341475 0.939891 B 2.000000 4.000000 18.000000 C[purple]
20.209869 -3.580904 76.814928 0.985497 -0.159492 -0.057946 0.169692 0.926260 0.336523 0.000000 -0.341475 0.939891 B 2.000000 4.000000 18.000000 C[purple]
-34.148229 -4.796358 77.015074 0.999765 -0.020383 -0.007405 0.021686 0.939670 0.341395 0.000000 -0.341475 0.939891 B 2.000000 4.000000 18.000000 C[purple]
-34.397457 -10.772756 -77.669272 0.999989 0.004373 0.001589 -0.004653 0.939881 0.341472 0.000000 -0.341475 0.939891 B 2.000000 4.000000 18.000000 C[purple]
-34.352265 -17.220521 -60.464421 0.964678 0.247596 0.089955 -0.263431 0.906692 0.329414 0.000000 -0.341475 0.939891 B 2.000000 4.000000 18.000000 C[purple]
-34.436175 -23.587382 -43.150493 0.967373 0.238128 0.086515 -0.253357 0.909225 0.330334 0.000000 -0.341475 0.939891 B 2.000000 4.000000 18.000000 C[purple]
-34.526170 -29.759311 -25.984085 0.991192 0.124473 0.045223 -0.132434 0.931612 0.338468 0.000000 -0.341475 0.939891 B 2.000000 4.000000 18.000000 C[purple]
-34.552014 26.177196 -8.518358 0.979721 0.188323 0.068421 -0.200367 0.920831 0.334551 0.000000 -0.341475 0.939891 B 2.000000 4.000000 18.000000 C[purple]
-34.381828 19.893076 8.655061 0.993919 -0.103492 -0.037600 0.110111 0.934176 0.339399 -0.000000 -0.341475 0.939891 B 2.000000 4.000000 18.000000 C[purple]
-34.277663 13.387909 25.469045 0.992399 -0.115667 -0.042023 0.123064 0.932746 0.338880 -0.000000 -0.341475 0.939891 B 2.000000 4.000000 18.000000 C[purple]
-34.200275 7.395587 42.526090 0.999919 0.011968 0.004348 -0.012733 0.939815 0.341448 -0.000000 -0.341475 0.939891 B 2.000000 4.000000 18.000000 C[purple]
-34.075423 1.067829 59.639613 0.997387 -0.067900 -0.024669 0.072242 0.937435 0.340583 0.000000 -0.341475 0.939891 B 2.000000 4.000000 18.000000 C[purple]
42.026604 -30.710342 -78.154888 0.690370 -0.679970 -0.247042 0.723456 0.648873 0.235745 -0.000000 -0.341475 0.939891 B 2.000000 4.000000 18.000000 C[purple]
42.083799 25.785302 -60.912318 0.850061 -0.495026 -0.179850 0.526685 0.798964 0.290275 -0.000000 -0.341475 0.939891 B 2.000000 4.000000 18.000000 C[purple]
41.840413 19.386683 -43.801637 0.852234 -0.491714 -0.178647 0.523161 0.801007 0.291017 0.000000 -0.341475 0.939891 B 2.000000 4.000000 18.000000 C[purple]
41.522428 13.016707 -26.443192 0.827764 -0.527351 -0.191594 0.561077 0.778008 0.282661 0.000000 -0.341475 0.939891 B 2.000000 4.000000 18.000000 C[purple]
41.524880 6.682633 -9.222643 0.624948 -0.733741 -0.266578 0.780667 0.587383 0.213404 -0.000000 -0.341475 0.939891 B 2.000000 4.000000 18.000000 C[purple]
41.285963 0.698581 7.962749 0.617217 -0.739499 -0.268670 0.786793 0.580117 0.210765 -0.000000 -0.341475 0.939891 B 2.000000 4.000000 18.000000 C[purple]
41.426944 -5.498222 25.284452 0.442225 -0.842992 -0.306271 0.896904 0.415643 0.151009 -0.000000 -0.341475 0.939891 B 2.000000 4.000000 18.000000 C[purple]
41.623434 -11.635878 42.760906 0.533048 -0.795227 -0.288917 0.846085 0.501007 0.182023 0.000000 -0.341475 0.939891 B 2.000000 4.000000 18.000000 C[purple]
41.996740 -18.098113 59.771389 0.547325 -0.786614 -0.285788 0.836920 0.514426 0.186898 -0.000000 -0.341475 0.939891 B 2.000000 4.000000 18.000000 C[purple]
41.984968 -24.214055 76.938290 0.683732 -0.685870 -0.249186 0.729734 0.642633 0.233477 0.000000 -0.341475 0.939891 B 2.000000 4.000000 18.000000 C[purple]
-37.426702 19.990010 77.751282 0.633603 0.727154 0.264185 -0.773659 0.595517 0.216360 0.000000 -0.341475 0.939891 B 2.000000 4.000000 18.000000 C[purple]
-37.366538 13.570256 -77.214726 0.700508 0.670748 0.243692 -0.713645 0.658401 0.239206 -0.000000 -0.341475 0.939891 B 2.000000 4.000000 18.000000 C[purple]
-37.358736 7.347566 -60.089050 0.733142 0.639196 0.232229 -0.680075 0.689074 0.250350 0.000000 -0.341475 0.939891 B 2.000000 4.000000 18.000000 C[purple]
-37.528356 0.987138 -42.964341 0.652183 0.712495 0.258859 -0.758062 0.612980 0.222704 0.000000 -0.341475 0.939891 B 2.000000 4.000000 18.000000 C[purple]
-37.320104 -5.409398 -25.404122 0.578774 0.766470 0.278469 -0.815488 0.543984 0.197637 0.000000 -0.341475 0.939891 B 2.000000 4.000000 18.000000 C[purple]
-37.229483 -11.616975 -8.212003 0.643835 0.719171 0.261285 -0.765164 0.605135 0.219854 0.000000 -0.341475 0.939891 B 2.000000 4.000000 18.000000 C[purple]
-37.349738 -17.747673 9.218882 0.567378 0.773960 0.281190 -0.823457 0.533274 0.193746 0.000000 -0.341475 0.939891 B 2.000000 4.000000 18.000000 C[purple]
-37.252669 -23.828084 26.217709 0.663455 0.703241 0.255497 -0.748216 0.623575 0.226554 -0.000000 -0.341475 0.939891 B 2.000000 4.000000 18.000000 C[purple]
-37.389773 -29.933130 43.162376 0.488039 0.820357 0.298047 -0.872822 0.458703 0.166653 -0.000000 -0.341475 0.939891 B 2.000000 4.000000 18.000000 C[purple]
-37.445789 26.410559 60.442728 0.718856 0.653374 0.237380 -0.695159 0.675646 0.245472 0.000000 -0.341475 0.939891 B 2.000000 4.000000 18.000000 C[purple]
-25.161937 23.135081 77.458031 0.989580 0.135329 0.049167 -0.143984 0.930097 0.337917 -0.000000 -0.341475 0.939891 B 2.000000 4.000000 18.000000 C[purple]
-25.265243 17.097243 -77.179714 0.996796 0.075178 0.027313 -0.079986 0.936879 0.340381 -0.000000 -0.341475 0.939891 B 2.000000 4.000000 18.000000 C[purple]
-25.287109 10.935431 -60.135821 0.998475 0.051894 0.018854 -0.055212 0.938457 0.340955 0.000000 -0.341475 0.939891 B 2.000000 4.000000 18.000000 C[purple]
-25.136787 4.661839 -42.900357 0.926220 0.354324 0.128731 -0.376984 0.870545 0.316281 0.000000 -0.341475 0.939891 B 2.000000 4.000000 18.000000 C[purple]
-25.220092 -1.694856 -25.853565 0.921143 0.365829 0.132911 -0.389225 0.865773 0.314548 -0.000000 -0.341475 0.939891 B 2.000000 4.000000 18.000000 C[purple]
-24.800410 -8.061241 -8.761361 0.909681 0.390344 0.141817 -0.415308 0.855001 0.310634 0.000000 -0.341475 0.939891 B 2.000000 4.000000 18.000000 C[purple]
-24.774046 -14.246372 8.154394 0.995260 0.091405 0.033209 -0.097250 0.935436 0.339857 -0.000000 -0.341475 0.939891 B 2.000000 4.000000 18.000000 C[purple]
-24.938662 -20.648287 25.559746 0.998964 -0.042768 -0.015538 0.045503 0.938917 0.341122 0.000000 -0.341475 0.939891 B 2.000000 4.000000 18.000000 C[purple]
-25.092296 -26.728557 42.756268 0.965369 0.245207 0.089087 -0.260889 0.907341 0.329650 0.000000 -0.341475 0.939891 B 2.000000 4.000000 18.000000 C[purple]
-25.085597 29.165672 59.855634 0.985101 0.161638 0.058725 -0.171976 0.925887 0.336388 -0.000000 -0.341475 0.939891 B 2.000000 4.000000 18.000000 C[purple]
33.576023 6.180515 77.615854 -0.800469 0.563346 0.204671 -0.599374 -0.752353 -0.273341 0.000000 -0.341475 0.939891 B 2.000000 4.000000 18.000000 C[purple]
33.419524 0.354596 -77.130315 -0.829874 0.524413 0.190527 -0.557951 -0.779991 -0.283381 -0.000000 -0.341475 0.939891 B 2.000000 4.000000 18.000000 C[purple]
33.709514 -5.656329 -59.993396 -0.860519 0.478797 0.173954 -0.509418 -0.808794 -0.293846 -0.000000 -0.341475 0.939891 B 2.000000 4.000000 18.000000 C[purple]
33.810655 -11.952138 -43.018745 -0.863859 0.473455 0.172013 -0.503734 -0.811933 -0.294987 0.000000 -0.341475 0.939891 B 2.000000 4.000000 18.000000 C[purple]
33.432006 -18.134486 -25.685356 -0.881278 0.444191 0.161381 -0.472598 -0.828305 -0.300935 -0.000000 -0.341475 0.939891 B 2.000000 4.000000 18.000000 C[purple]
33.468356 -24.482724 -8.440826 -0.885122 0.437386 0.158908 -0.465358 -0.831918 -0.302248 -0.000000 -0.341475 0.939891 B 2.000000 4.000000 18.000000 C[purple]
33.601536 -31.075626 8.671431 -0.842913 0.505709 0.183731 -0.538050 -0.792246 -0.287834 -0.000000 -0.341475 0.939891 B 2.000000 4.000000 18.000000 C[purple]
33.975776 25.238594 26.008380 -0.775123 0.593832 0.215748 -0.631810 -0.728531 -0.264686 -0.000000 -0.341475 0.939891 B 2.000000 4.000000 18.000000 C[purple]
33.759468 19.098734 42.949509 -0.668232 0.699234 0.254042 -0.743953 -0.628065 -0.228185 0.000000 -0.341475 0.939891 B 2.000000 4.000000 18.000000 C[purple]
33.684465 12.584153 59.991622 -0.824208 0.532248 0.193373 -0.566287 -0.774665 -0.281447 0.000000 -0.341475 0.939891 B 2.000000 4.000000 18.000000 C[purple]
22.934864 27.638771 -77.433989 0.959948 0.263337 0.095674 -0.280178 0.902246 0.327799 -0.000000 -0.341475 0.939891 B 2.000000 4.000000 18.000000 C[purple]
23.075485 21.047874 -60.259162 0.975950 0.204889 0.074439 -0.217993 0.917287 0.333263 -0.000000 -0.341475 0.939891 B 2.000000 4.000000 18.000000 C[purple]
23.105757 14.808190 -42.632369 0.989606 0.135160 0.049105 -0.143804 0.930122 0.337926 0.000000 -0.341475 0.939891 B 2.000000 4.000000 18.000000 C[purple]
23.333958 8.470766 -25.411841 0.966641 0.240740 0.087464 -0.256136 0.908537 0.330084 0.000000 -0.341475 0.939891 B 2.000000 4.000000 18.000000 C[purple]
23.366193 2.448241 -8.022735 0.926759 0.353076 0.128277 -0.375656 0.871052 0.316465 -0.000000 -0.341475 0.939891 B 2.000000 4.000000 18.000000 C[purple]
23.416595 -4.111938 9.024517 0.830114 0.524078 0.190405 -0.557594 0.780216 0.283463 -0.000000 -0.341475 0.939891 B 2.000000 4.000000 18.000000 C[purple]
22.991025 -10.282235 26.231933 0.814993 0.544639 0.197875 -0.579471 0.766004 0.278300 0.000000 -0.341475 0.939891 B 2.000000 4.000000 18.000000 C[purple]
23.075466 -16.628293 43.222037 0.893989 0.421155 0.153011 -0.448089 0.840252 0.305275 -0.000000 -0.341475 0.939891 B 2.000000 4.000000 18.000000 C[purple]
23.283901 -22.564094 60.297760 0.922865 0.361974 0.131510 -0.385123 0.867392 0.315136 -0.000000 -0.341475 0.939891 B 2.000000 4.000000 18.000000 C[purple]
23.328781 -28.526185 77.319670 0.959434 0.264987 0.096274 -0.281934 0.901763 0.327623 0.000000 -0.341475 0.939891 B 2.000000 4.000000 18.000000 C[purple]
17.697776 -5.710554 -77.788939 0.917573 -0.373669 -0.135759 0.397567 0.862419 0.313329 0.000000 -0.341475 0.939891 B 2.000000 4.000000 18.000000 C[purple]
17.608069 -11.801397 -60.407977 0.793175 -0.572388 -0.207956 0.608994 0.745498 0.270850 -0.000000 -0.341475 0.939891 B 2.000000 4.000000 18.000000 C[purple]
17.527665 -18.129310 -43.417799 0.897084 -0.415300 -0.150884 0.441860 0.843161 0.306332 0.000000 -0.341475 0.939891 B 2.000000 4.000000 18.000000 C[purple]
17.550892 -24.398531 -25.934818 0.692285 -0.678248 -0.246417 0.721625 0.650672 0.236398 0.000000 -0.341475 0.939891 B 2.000000 4.000000 18.000000 C[purple]
17.462501 -30.771507 -8.681304 0.763420 -0.607078 -0.220560 0.645903 0.717531 0.260689 -0.000000 -0.341475 0.939891 B 2.000000 4.000000 18.000000 C[purple]
17.625398 25.753940 8.464150 0.857560 -0.483465 -0.175650 0.514384 0.806012 0.292836 0.000000 -0.341475 0.939891 B 2.000000 4.000000 18.000000 C[purple]
17.557625 19.286827 25.637704 0.863276 -0.474393 -0.172354 0.504732 0.811385 0.294788 -0.000000 -0.341475 0.939891 B 2.000000 4.000000 18.000000 C[purple]
17.337791 12.719556 42.648193 0.942678 -0.313644 -0.113951 0.333703 0.886015 0.321901 -0.000000 -0.341475 0.939891 B 2.000000 4.000000 18.000000 C[purple]
17.555706 6.170873 59.656486 0.909877 -0.389941 -0.141671 0.414879 0.855185 0.310700 -0.000000 -0.341475 0.939891 B 2.000000 4.000000 18.000000 C[purple]
17.763129 0.208658 76.707293 0.893137 -0.422748 -0.153590 0.449785 0.839451 0.304984 -0.000000 -0.341475 0.939891 B 2.000000 4.000000 18.000000 C[purple]
-1.839466 -15.957837 -77.016522 0.169059 -0.926362 -0.336560 0.985606 0.158897 0.057729 0.000000 -0.341475 0.939891 B 2.000000 4.000000 18.000000 C[purple]
-1.995912 -22.077037 -59.669886 0.183292 -0.923968 -0.335690 0.983059 0.172274 0.062590 -0.000000 -0.341475 0.939891 B 2.000000 4.000000 18.000000 C[purple]
-1.532868 -28.196708 -42.583135 0.192336 -0.922342 -0.335100 0.981329 0.180775 0.065678 0.000000 -0.341475 0.939891 B 2.000000 4.000000 18.000000 C[purple]
-1.628748 28.247055 -25.373874 0.428754 -0.849117 -0.308496 0.903421 0.402982 0.146409 0.000000 -0.341475 0.939891 B 2.000000 4.000000 18.000000 C[purple]
-1.603504 21.899408 -8.081288 0.474320 -0.827435 -0.300619 0.880353 0.445809 0.161969 -0.000000 -0.341475 0.939891 B 2.000000 4.000000 18.000000 C[purple]
-1.853282 15.614928 8.975605 0.450646 -0.839043 -0.304836 0.892703 0.423558 0.153885 0.000000 -0.341475 0.939891 B 2.000000 4.000000 18.000000 C[purple]
-1.909707 9.123901 26.232737 0.678530 -0.690418 -0.250838 0.734573 0.637744 0.231701 -0.000000 -0.341475 0.939891 B 2.000000 4.000000 18.000000 C[purple]
-1.895447 2.973044 43.394430 0.422720 -0.851786 -0.309466 0.906260 0.397311 0.144348 0.000000 -0.341475 0.939891 B 2.000000 4.000000 18.000000 C[purple]
-1.814466 -3.099973 60.405489 0.548588 -0.785836 -0.285505 0.836093 0.515612 0.187329 -0.000000 -0.341475 0.939891 B 2.000000 4.000000 18.000000 C[purple]
-1.847546 -9.453213 77.615267 0.308338 -0.894096 -0.324838 0.951277 0.289804 0.105290 0.000000 -0.341475 0.939891 B 2.000000 4.000000 18.000000 C[purple]
16.444710 -23.484340 77.306403 0.996218 0.081666 0.029670 -0.086889 0.936336 0.340184 0.000000 -0.341475 0.939891 B 2.000000 4.000000 18.000000 C[purple]
16.806053 -29.597475 -77.234069 0.997917 0.060637 0.022030 -0.064515 0.937933 0.340764 0.000000 -0.341475 0.939891 B 2.000000 4.000000 18.000000 C[purple]
16.599805 26.371446 -60.125915 0.998304 -0.054712 -0.019877 0.058211 0.938297 0.340896 -0.000000 -0.341475 0.939891 B 2.000000 4.000000 18.000000 C[purple]
16.645336 20.158951 -43.057932 0.999144 0.038872 0.014123 -0.041358 0.939087 0.341183 0.000000 -0.341475 0.939891 B 2.000000 4.000000 18.000000 C[purple]
16.698149 13.951251 -25.679960 0.980658 0.183965 0.066837 -0.195730 0.921711 0.334871 0.000000 -0.341475 0.939891 B 2.000000 4.000000 18.000000 C[purple]
16.734613 7.875661 -8.403730 0.990147 0.131612 0.047816 -0.140029 0.930630 0.338111 0.000000 -0.341475 0.939891 B 2.000000 4.000000 18.000000 C[purple]
16.720582 1.583834 8.532092 0.999633 -0.025473 -0.009255 0.027103 0.939545 0.341350 -0.000000 -0.341475 0.939891 B 2.000000 4.000000 18.000000 C[purple]
16.948523 -4.678039 25.859756 0.996320 0.080562 0.029269 -0.085714 0.936432 0.340219 -0.000000 -0.341475 0.939891 B 2.000000 4.000000 18.000000 C[purple]
16.904465 -11.095681 42.746218 0.951637 0.288758 0.104910 -0.307225 0.894435 0.324961 -0.000000 -0.341475 0.939891 B 2.000000 4.000000 18.000000 C[purple]
16.832241 -17.415930 60.057215 0.999009 0.041839 0.015201 -0.044515 0.938959 0.341137 -0.000000 -0.341475 0.939891 B 2.000000 4.000000 18.000000 C[purple]
38.574437 -21.538116 77.034964 0.924002 -0.359403 -0.130576 0.382388 0.868461 0.315524 0.000000 -0.341475 0.939891 B 2.000000 4.000000 18.000000 C[purple]
38.632833 -27.755233 -77.624639 0.997522 -0.066121 -0.024023 0.070350 0.937562 0.340629 0.000000 -0.341475 0.939891 B 2.000000 4.000000 18.000000 C[purple]
38.560823 28.094965 -60.667418 0.968997 -0.232223 -0.084370 0.247074 0.910751 0.330888 -0.000000 -0.341475 0.939891 B 2.000000 4.000000 18.000000 C[purple]
38.591644 21.802877 -43.327578 0.937815 -0.326270 -0.118538 0.347136 0.881443 0.320241 0.000000 -0.341475 0.939891 B 2.000000 4.000000 18.000000 C[purple]
38.704776 15.615919 -26.322235 0.993791 -0.104572 -0.037993 0.111260 0.934055 0.339355 -0.000000 -0.341475 0.939891 B 2.000000 4.000000 18.000000 C[purple]
38.674131 9.284390 -8.782634 0.990177 -0.131416 -0.047745 0.139820 0.930658 0.338121 0.000000 -0.341475 0.939891 B 2.000000 4.000000 18.000000 C[purple]
38.473413 3.429973 8.401167 0.988670 -0.141080 -0.051256 0.150103 0.929242 0.337607 -0.000000 -0.341475 0.939891 B 2.000000 4.000000 18.000000 C[purple]
38.647912 -2.834421 25.651625 0.997107 -0.071437 -0.025954 0.076005 0.937172 0.340488 -0.000000 -0.341475 0.939891 B 2.000000 4.000000 18.000000 C[purple]
38.804092 -9.001039 42.705406 0.941382 -0.317065 -0.115194 0.337342 0.884796 0.321459 0.000000 -0.341475 0.939891 B 2.000000 4.000000 18.000000 C[purple]
38.695608 -15.067438 60.233819 0.932868 -0.338566 -0.123006 0.360219 0.876794 0.318551 -0.000000 -0.341475 0.939891 B 2.000000 4.000000 18.000000 C[purple]
-10.906215 -13.482712 -77.265672 0.997276 -0.069325 -0.025187 0.073759 0.937331 0.340545 0.000000 -0.341475 0.939891 B 2.000000 4.000000 18.000000 C[purple]
-10.602332 -19.976484 -60.290603 0.996402 -0.079664 -0.028943 0.084758 0.936509 0.340247 0.000000 -0.341475 0.939891 B 2.000000 4.000000 18.000000 C[purple]
-10.381185 -26.286170 -42.672693 0.994665 -0.096958 -0.035226 0.103159 0.934876 0.339654 0.000000 -0.341475 0.939891 B 2.000000 4.000000 18.000000 C[purple]
-10.443040 29.965513 -25.766310 0.997369 -0.068138 -0.024755 0.072495 0.937418 0.340577 -0.000000 -0.341475 0.939891 B 2.000000 4.000000 18.000000 C[purple]
-10.379334 23.587032 -8.763694 0.987658 0.147214 0.053485 -0.156629 0.928290 0.337261 0.000000 -0.341475 0.939891 B 2.000000 4.000000 18.000000 C[purple]
-10.516167 17.262999 8.684861 0.997721 -0.063412 -0.023038 0.067467 0.937749 0.340697 -0.000000 -0.341475 0.939891 B 2.000000 4.000000 18.000000 C[purple]
-10.775502 10.804188 25.689574 0.985420 -0.159915 -0.058099 0.170142 0.926187 0.336497 0.000000 -0.341475 0.939891 B 2.000000 4.000000 18.000000 C[purple]
-10.781178 4.627632 42.740799 0.941739 -0.316127 -0.114853 0.336344 0.885132 0.321581 0.000000 -0.341475 0.939891 B 2.000000 4.000000 18.000000 C[purple]
-10.771238 -1.471743 59.977260 0.930026 -0.345404 -0.125490 0.367493 0.874123 0.317581 0.000000 -0.341475 0.939891 B 2.000000 4.000000 18.000000 C[purple]
-10.719900 -7.429570 77.206869 0.990317 -0.130480 -0.047405 0.138825 0.930790 0.338169 0.000000 -0.341475 0.939891 B 2.000000 4.000000 18.000000 C[purple]
23.725991 -9.818266 77.392346 0.812234 -0.548268 -0.199193 0.583331 0.763411 0.277358 0.000000 -0.341475 0.939891 B 2.000000 4.000000 18.000000 C[purple]
24.040549 -15.824659 -77.431817 0.678418 -0.690516 -0.250874 0.734677 0.637638 0.231663 0.000000 -0.341475 0.939891 B 2.000000 4.000000 18.000000 C[purple]
24.307927 -22.357986 -60.252422 0.722393 -0.649918 -0.236124 0.691482 0.678971 0.246680 0.000000 -0.341475 0.939891 B 2.000000 4.000000 18.000000 C[purple]
24.048194 -28.659153 -42.844170 0.787647 -0.579091 -0.210392 0.616126 0.740302 0.268962 -0.000000 -0.341475 0.939891 B 2.000000 4.000000 18.000000 C[purple]
23.823952 27.442822 -25.622443 0.869140 -0.464837 -0.168882 0.494565 0.816897 0.296790 0.000000 -0.341475 0.939891 B 2.000000 4.000000 18.000000 C[purple]
23.762958 21.415463 -8.349115 0.812920 -0.547369 -0.198867 0.582375 0.764056 0.277592 0.000000 -0.341475 0.939891 B 2.000000 4.000000 18.000000 C[purple]
23.756055 14.931290 8.693002 0.698345 -0.672737 -0.244415 0.715761 0.656368 0.238468 -0.000000 -0.341475 0.939891 B 2.000000 4.000000 18.000000 C[purple]
24.050753 8.826792 25.678369 0.811402 -0.549356 -0.199589 0.584489 0.762629 0.277074 0.000000 -0.341475 0.939891 B 2.000000 4.000000 18.000000 C[purple]
24.121616 2.806443 42.958611 0.667364 -0.699966 -0.254308 0.744732 0.627249 0.227888 -0.000000 -0.341475 0.939891 B 2.000000 4.000000 18.000000 C[purple]
23.886440 -3.615114 60.198317 0.843975 -0.504142 -0.183162 0.536383 0.793244 0.288197 -0.000000 -0.341475 0.939891 B 2.000000 4.000000 18.000000 C[purple]
-49.813309 30.947235 77.099538 0.545687 -0.787618 -0.286153 0.837989 0.512886 0.186339 -0.000000 -0.341475 0.939891 B 2.000000 4.000000 18.000000 C[purple]
-50.168171 24.778701 -77.903010 0.444055 -0.842142 -0.305962 0.896000 0.417363 0.151634 0.000000 -0.341475 0.939891 B 2.000000 4.000000 18.000000 C[purple]
50.153431 18.724535 -60.605207 0.463488 -0.832840 -0.302582 0.886103 0.435628 0.158270 0.000000 -0.341475 0.939891 B 2.000000 4.000000 18.000000 C[purple]
50.193868 12.360701 -43.031040 0.609737 -0.744961 -0.270655 0.792604 0.573086 0.208210 0.000000 -0.341475 0.939891 B 2.000000 4.000000 18.000000 C[purple]
-50.102481 5.973658 -25.963124 0.647193 -0.716503 -0.260316 0.762326 0.608291 0.221001 0.000000 -0.341475 0.939891 B 2.000000 4.000000 18.000000 C[purple]
-49.875354 0.055986 -8.499851 0.635219 -0.725908 -0.263732 0.772332 0.597037 0.216912 0.000000 -0.341475 0.939891 B 2.000000 4.000000 18.000000 C[purple]
-49.797250 -6.403858 8.793093 0.676748 -0.691962 -0.251399 0.736215 0.636069 0.231093 -0.000000 -0.341475 0.939891 B 2.000000 4.000000 18.000000 C[purple]
-49.800117 -12.546194 25.746291 0.405593 -0.859111 -0.312127 0.914054 0.381213 0.138500 -0.000000 -0.341475 0.939891 B 2.000000 4.000000 18.000000 C[purple]
-49.875067 -18.907905 42.984108 0.210185 -0.918895 -0.333847 0.977662 0.197551 0.071773 0.000000 -0.341475 0.939891 B 2.000000 4.000000 18.000000 C[purple]
-49.811927 -25.049177 60.201085 0.478734 -0.825186 -0.299802 0.877960 0.449958 0.163476 -0.000000 -0.341475 0.939891 B 2.000000 4.000000 18.000000 C[purple]
-21.184250 -28.535896 77.499939 0.881105 -0.444493 -0.161491 0.472920 0.828143 0.300876 -0.000000 -0.341475 0.939891 B 2.000000 4.000000 18.000000 C[purple]
-20.921060 27.642870 -77.481530 0.782544 -0.585172 -0.212601 0.622595 0.735506 0.267219 0.000000 -0.341475 0.939891 B 2.000000 4.000000 18.000000 C[purple]
-20.908783 21.391414 -60.365613 0.917292 -0.374279 -0.135981 0.398216 0.862154 0.313233 -0.000000 -0.341475 0.939891 B 2.000000 4.000000 18.000000 C[purple]
-21.108932 15.075713 -43.506565 0.935036 -0.333241 -0.121071 0.354552 0.878832 0.319292 -0.000000 -0.341475 0.939891 B 2.000000 4.000000 18.000000 C[purple]
-21.035641 8.627899 -26.205982 0.929493 -0.346669 -0.125950 0.368840 0.873622 0.317399 -0.000000 -0.341475 0.939891 B 2.000000 4.000000 18.000000 C[purple]
-21.154772 2.327497 -8.706602 0.981062 -0.182053 -0.066142 0.193696 0.922091 0.335008 -0.000000 -0.341475 0.939891 B 2.000000 4.000000 18.000000 C[purple]
-21.195230 -3.756386 8.813921 0.998861 -0.044837 -0.016290 0.047705 0.938821 0.341087 0.000000 -0.341475 0.939891 B 2.000000 4.000000 18.000000 C[purple]
-21.126962 -9.893843 25.771679 0.940725 -0.318784 -0.115819 0.339171 0.884178 0.321234 -0.000000 -0.341475 0.939891 B 2.000000 4.000000 18.000000 C[purple]
-21.084860 -16.588939 42.901187 0.923568 -0.360387 -0.130934 0.383435 0.868053 0.315376 -0.000000 -0.341475 0.939891 B 2.000000 4.000000 18.000000 C[purple]
-21.180014 -22.484279 60.026002 0.958796 -0.267017 -0.097011 0.284094 0.901164 0.327405 0.000000 -0.341475 0.939891 B 2.000000 4.000000 18.000000 C[purple]
-15.338621 0.422688 -77.511858 0.676887 0.691841 0.251356 -0.736087 0.636200 0.231140 0.000000 -0.341475 0.939891 B 2.000000 4.000000 18.000000 C[purple]
-15.184060 -5.857833 -60.582728 0.759101 0.611843 0.222291 -0.650972 0.713472 0.259214 -0.000000 -0.341475 0.939891 B 2.000000 4.000000 18.000000 C[purple]
-15.169877 -11.973015 -43.380227 0.880451 0.445638 0.161906 -0.474138 0.827527 0.300652 -0.000000 -0.341475 0.939891 B 2.000000 4.000000 18.000000 C[purple]
-15.280460 -18.029521 -25.912510 0.825789 0.530079 0.192585 -0.563980 0.776151 0.281987 0.000000 -0.341475 0.939891 B 2.000000 4.000000 18.000000 C[purple]
-15.469998 -24.013859 -8.837252 0.777351 0.591254 0.214811 -0.629067 0.730625 0.265446 0.000000 -0.341475 0.939891 B 2.000000 4.000000 18.000000 C[purple]
-15.840912 -30.072459 8.294748 0.846548 0.500315 0.181771 -0.532312 0.795663 0.289075 0.000000 -0.341475 0.939891 B 2.000000 4.000000 18.000000 C[purple]
-15.841233 25.790830 25.329418 0.770205 0.599459 0.217792 -0.637796 0.723909 0.263006 0.000000 -0.341475 0.939891 B 2.000000 4.000000 18.000000 C[purple]
-15.516466 19.374855 42.585767 0.650277 0.714032 0.259418 -0.759697 0.611189 0.222054 -0.000000 -0.341475 0.939891 B 2.000000 4.000000 18.000000 C[purple]
-15.570693 13.359949 60.013217 0.656386 0.709078 0.257618 -0.754426 0.616931 0.224140 -0.000000 -0.341475 0.939891 B 2.000000 4.000000 18.000000 C[purple]
-15.584825 6.892282 77.083519 0.680352 0.688832 0.250262 -0.732885 0.639457 0.232324 0.000000 -0.341475 0.939891 B 2.000000 4.000000 18.000000 C[purple]
16.839218 17.514586 77.377127 0.646665 -0.716924 -0.260469 0.762774 0.607794 0.220820 -0.000000 -0.341475 0.939891 B 2.000000 4.000000 18.000000 C[purple]
16.834859 11.478602 -77.397507 0.427690 -0.849591 -0.308668 0.903926 0.401982 0.146046 -0.000000 -0.341475 0.939891 B 2.000000 4.000000 18.000000 C[purple]
16.703367 5.490195 -60.236384 0.340440 -0.883747 -0.321078 0.940266 0.319977 0.116252 -0.000000 -0.341475 0.939891 B 2.000000 4.000000 18.000000 C[purple]
16.645398 -0.700095 -43.049239 0.571629 -0.771192 -0.280185 0.820512 0.537269 0.195197 -0.000000 -0.341475 0.939891 B 2.000000 4.000000 18.000000 C[purple]
16.653153 -6.852006 -25.755077 0.804926 -0.557708 -0.202623 0.593375 0.756543 0.274862 -0.000000 -0.341475 0.939891 B 2.000000 4.000000 18.000000 C[purple]
16.552643 -13.426480 -8.619451 0.762071 -0.608573 -0.221103 0.647494 0.716263 0.260228 0.000000 -0.341475 0.939891 B 2.000000 4.000000 18.000000 C[purple]
16.647758 -19.616099 8.942539 0.790934 -0.575121 -0.208949 0.611901 0.743392 0.270085 0.000000 -0.341475 0.939891 B 2.000000 4.000000 18.000000 C[purple]
16.611157 -26.008887 25.899584 0.774625 -0.594406 -0.215956 0.632420 0.728063 0.264516 0.000000 -0.341475 0.939891 B 2.000000 4.000000 18.000000 C[purple]
16.297778 30.508991 43.258071 0.746700 -0.625179 -0.227136 0.665161 0.701816 0.254980 0.000000 -0.341475 0.939891 B 2.000000 4.000000 18.000000 C[purple]
16.506581 24.031051 60.326215 0.638220 -0.723579 -0.262886 0.769854 0.599857 0.217936 -0.000000 -0.341475 0.939891 B 2.000000 4.000000 18.000000 C[purple]
10.081125 6.764105 -77.500916 0.868478 -0.465930 -0.169279 0.495728 0.816274 0.296564 -0.000000 -0.341475 0.939891 B 2.000000 4.000000 18.000000 C[purple]
10.261430 0.295755 -60.353230 0.916208 -0.376616 -0.136830 0.400702 0.861136 0.312863 0.000000 -0.341475 0.939891 B 2.000000 4.000000 18.000000 C[purple]
10.365174 -6.129577 -43.372925 0.975594 -0.206382 -0.074981 0.219581 0.916952 0.333141 -0.000000 -0.341475 0.939891 B 2.000000 4.000000 18.000000 C[purple]
10.216962 -12.104606 -26.219482 0.913965 -0.381400 -0.138568 0.405792 0.859028 0.312097 -0.000000 -0.341475 0.939891 B 2.000000 4.000000 18.000000 C[purple]
9.984861 -18.679207 -8.922569 0.880716 -0.445174 -0.161738 0.473644 0.827777 0.300743 0.000000 -0.341475 0.939891 B 2.000000 4.000000 18.000000 C[purple]
10.237026 -24.594643 8.283131 0.939229 -0.322657 -0.117226 0.343292 0.882772 0.320724 -0.000000 -0.341475 0.939891 B 2.000000 4.000000 18.000000 C[purple]
9.923857 -31.004501 25.516074 0.927256 -0.351921 -0.127858 0.374427 0.871520 0.316635 0.000000 -0.341475 0.939891 B 2.000000 4.000000 18.000000 C[purple]
9.998690 25.265419 42.991611 0.977048 -0.200216 -0.072741 0.213021 0.918318 0.333638 -0.000000 -0.341475 0.939891 B 2.000000 4.000000 18.000000 C[purple]
9.919636 18.699627 60.199763 0.994650 -0.097096 -0.035276 0.103306 0.934862 0.339648 0.000000 -0.341475 0.939891 B 2.000000 4.000000 18.000000 C[purple]
9.976780 12.788149 77.436790 0.930906 -0.343304 -0.124727 0.365260 0.874950 0.317881 -0.000000 -0.341475 0.939891 B 2.000000 4.000000 18.000000 C[purple]
-8.174424 3.006682 78.124579 0.968305 0.234757 0.085291 -0.249771 0.910101 0.330652 -0.000000 -0.341475 0.939891 B 2.000000 4.000000 18.000000 C[purple]
-8.317051 -3.062020 -76.700059 0.983688 0.169073 0.061426 -0.179886 0.924559 0.335905 -0.000000 -0.341475 0.939891 B 2.000000 4.000000 18.000000 C[purple]
-8.094751 -9.340941 -59.819705 0.974063 0.212677 0.077268 -0.226278 0.915513 0.332618 0.000000 -0.341475 0.939891 B 2.000000 4.000000 18.000000 C[purple]
-8.014795 -15.766861 -42.675508 0.988591 -0.141574 -0.051436 0.150628 0.929167 0.337579 -0.000000 -0.341475 0.939891 B 2.000000 4.000000 18.000000 C[purple]
-7.952440 -22.348422 -25.290215 0.956328 -0.274725 -0.099811 0.292295 0.898844 0.326563 -0.000000 -0.341475 0.939891 B 2.000000 4.000000 18.000000 C[purple]
-8.218801 -28.564152 -8.295910 0.945143 -0.307023 -0.111546 0.326658 0.888331 0.322743 0.000000 -0.341475 0.939891 B 2.000000 4.000000 18.000000 C[purple]
-8.273103 27.789110 8.657857 0.973249 -0.215942 -0.078455 0.229752 0.914748 0.332341 -0.000000 -0.341475 0.939891 B 2.000000 4.000000 18.000000 C[purple]
-8.263262 21.302927 26.192269 0.945072 -0.307215 -0.111615 0.326862 0.888264 0.322719 0.000000 -0.341475 0.939891 B 2.000000 4.000000 18.000000 C[purple]
-8.211489 15.115362 43.438610 0.904055 -0.401725 -0.145952 0.427417 0.849712 0.308712 -0.000000 -0.341475 0.939891 B 2.000000 4.000000 18.000000 C[purple]
-8.132145 9.027948 60.817844 0.991938 -0.119104 -0.043272 0.126721 0.932314 0.338723 -0.000000 -0.341475 0.939891 B 2.000000 4.000000 18.000000 C[purple]
0.781366 10.690156 -77.833715 0.949822 0.293989 0.106810 -0.312790 0.892729 0.324341 0.000000 -0.341475 0.939891 B 2.000000 4.000000 18.000000 C[purple]
0.565270 4.481249 -60.711036 0.920093 0.368156 0.133756 -0.391701 0.864786 0.314189 0.000000 -0.341475 0.939891 B 2.000000 4.000000 18.000000 C[purple]
0.566253 -1.799490 -43.083976 0.929146 0.347489 0.126248 -0.369712 0.873296 0.317281 0.000000 -0.341475 0.939891 B 2.000000 4.000000 18.000000 C[purple]
0.908180 -8.160069 -26.014645 0.865954 0.470062 0.170780 -0.500124 0.813902 0.295702 0.000000 -0.341475 0.939891 B 2.000000 4.000000 18.000000 C[purple]
0.593060 -14.257103 -8.967707 0.902353 0.405091 0.147175 -0.430998 0.848113 0.308131 0.000000 -0.341475 0.939891 B 2.000000 4.000000 18.000000 C[purple]
0.362906 -20.709911 8.093887 0.961957 0.256778 0.093291 -0.273200 0.904135 0.328485 0.000000 -0.341475 0.939891 B 2.000000 4.000000 18.000000 C[purple]
0.590027 -26.662372 25.385400 0.976133 0.204118 0.074159 -0.217172 0.917459 0.333326 0.000000 -0.341475 0.939891 B 2.000000 4.000000 18.000000 C[purple]
0.881755 29.318317 42.537513 0.994242 0.100720 0.036593 -0.107162 0.934478 0.339509 0.000000 -0.341475 0.939891 B 2.000000 4.000000 18.000000 C[purple]
1.082738 23.348425 59.796217 0.977089 0.200038 0.072677 -0.212831 0.918357 0.333652 -0.000000 -0.341475 0.939891 B 2.000000 4.000000 18.000000 C[purple]
1.041885 16.886495 76.967067 0.952535 0.286129 0.103955 -0.304428 0.895279 0.325267 -0.000000 -0.341475 0.939891 B 2.000000 4.000000 18.000000 C[purple]
37.382219 -8.372666 -77.103548 0.948224 -0.298512 -0.108453 0.317602 0.891227 0.323795 0.000000 -0.341475 0.939891 B 2.000000 4.000000 18.000000 C[purple]
37.191797 -14.419193 -60.067063 0.910051 -0.389581 -0.141540 0.414497 0.855348 0.310760 0.000000 -0.341475 0.939891 B 2.000000 4.000000 18.000000 C[purple]
36.944541 -20.398077 -42.871193 0.917175 -0.374532 -0.136073 0.398485 0.862044 0.313193 -0.000000 -0.341475 0.939891 B 2.000000 4.000000 18.000000 C[purple]
36.974222 -26.636591 -25.914891 0.926132 -0.354526 -0.128804 0.377199 0.870463 0.316251 0.000000 -0.341475 0.939891 B 2.000000 4.000000 18.000000 C[purple]
37.112719 29.334830 -8.609773 0.854992 -0.487467 -0.177103 0.518642 0.803599 0.291959 0.000000 -0.341475 0.939891 B 2.000000 4.000000 18.000000 C[purple]
37.343037 23.089397 8.403940 0.731364 -0.640994 -0.232882 0.681988 0.687402 0.249743 -0.000000 -0.341475 0.939891 B 2.000000 4.000000 18.000000 C[purple]
37.249956 16.440509 25.554368 0.694313 -0.676414 -0.245751 0.719673 0.652578 0.237091 0.000000 -0.341475 0.939891 B 2.000000 4.000000 18.000000 C[purple]
37.130122 10.321301 42.913494 0.703576 -0.667905 -0.242659 0.710620 0.661284 0.240254 -0.000000 -0.341475 0.939891 B 2.000000 4.000000 18.000000 C[purple]
