-16.746224 17.926908 -77.351366 0.815163 0.544414 0.197793 -0.579231 0.766164 0.278358 -0.000000 -0.341475 0.939891 B 2.000000 4.000000 18.000000 C[purple]
-16.575376 11.576313 -60.068572 0.714664 0.657424 0.238851 -0.699468 0.671706 0.244040 0.000000 -0.341475 0.939891 B 2.000000 4.000000 18.000000 C[purple]
-16.236891 5.069016 -42.759141 0.663465 0.703233 0.255494 -0.748207 0.623585 0.226557 -0.000000 -0.341475 0.939891 B 2.000000 4.000000 18.000000 C[purple]
-16.262383 -0.879383 -25.656510 0.678267 0.690647 0.250922 -0.734816 0.637496 0.231611 0.000000 -0.341475 0.939891 B 2.000000 4.000000 18.000000 C[purple]
-16.475225 -6.755932 -8.626869 0.598151 0.753213 0.273653 -0.801384 0.562196 0.204254 0.000000 -0.341475 0.939891 B 2.000000 4.000000 18.000000 C[purple]
-16.669209 -13.145533 8.474984 0.698100 0.672962 0.244497 -0.716000 0.656138 0.238384 0.000000 -0.341475 0.939891 B 2.000000 4.000000 18.000000 C[purple]
-16.835988 -19.712646 25.859337 0.764726 0.605623 0.220031 -0.644355 0.718759 0.261135 -0.000000 -0.341475 0.939891 B 2.000000 4.000000 18.000000 C[purple]
-16.577465 -25.889024 42.902341 0.777978 0.590525 0.214546 -0.628291 0.731215 0.265661 -0.000000 -0.341475 0.939891 B 2.000000 4.000000 18.000000 C[purple]
-16.641146 30.397838 60.217003 0.848978 0.496665 0.180445 -0.528428 0.797947 0.289905 0.000000 -0.341475 0.939891 B 2.000000 4.000000 18.000000 C[purple]
-16.582632 24.375508 77.196278 0.853832 0.489259 0.177755 -0.520549 0.802508 0.291562 0.000000 -0.341475 0.939891 B 2.000000 4.000000 18.000000 C[purple]
40.136744 -0.934925 77.802120 0.815662 -0.543753 -0.197553 0.578528 0.766633 0.278529 0.000000 -0.341475 0.939891 B 2.000000 4.000000 18.000000 C[purple]
40.163714 -7.364872 -77.002952 0.724125 -0.648213 -0.235505 0.689668 0.680599 0.247271 -0.000000 -0.341475 0.939891 B 2.000000 4.000000 18.000000 C[purple]
39.951026 -13.901068 -59.967449 0.770028 -0.599660 -0.217865 0.638010 0.723742 0.262946 -0.000000 -0.341475 0.939891 B 2.000000 4.000000 18.000000 C[purple]
39.850235 -20.248306 -42.842660 0.745125 -0.626837 -0.227739 0.666925 0.700336 0.254442 -0.000000 -0.341475 0.939891 B 2.000000 4.000000 18.000000 C[purple]
39.882076 -26.354945 -25.609252 0.627252 -0.732002 -0.265947 0.778816 0.589548 0.214191 0.000000 -0.341475 0.939891 B 2.000000 4.000000 18.000000 C[purple]
39.933038 30.010833 -8.560024 0.709084 -0.662740 -0.240783 0.705124 0.666461 0.242135 -0.000000 -0.341475 0.939891 B 2.000000 4.000000 18.000000 C[purple]
39.891713 23.990947 8.527825 0.772393 -0.596967 -0.216886 0.635145 0.725965 0.263753 -0.000000 -0.341475 0.939891 B 2.000000 4.000000 18.000000 C[purple]
40.044971 17.494719 25.651117 0.858915 -0.481335 -0.174876 0.512118 0.807287 0.293298 0.000000 -0.341475 0.939891 B 2.000000 4.000000 18.000000 C[purple]
40.100948 11.200025 43.220658 0.941056 -0.317919 -0.115504 0.338251 0.884490 0.321348 -0.000000 -0.341475 0.939891 B 2.000000 4.000000 18.000000 C[purple]
39.948469 4.960003 60.406025 0.850860 -0.493811 -0.179409 0.525392 0.799715 0.290548 -0.000000 -0.341475 0.939891 B 2.000000 4.000000 18.000000 C[purple]
38.906464 7.926365 76.907333 0.676133 -0.692493 -0.251592 0.736780 0.635491 0.230883 0.000000 -0.341475 0.939891 B 2.000000 4.000000 18.000000 C[purple]
38.761867 1.398048 -77.933069 0.739601 -0.632589 -0.229828 0.673045 0.695144 0.252556 0.000000 -0.341475 0.939891 B 2.000000 4.000000 18.000000 C[purple]
38.719291 -4.636861 -60.379891 0.712537 -0.659460 -0.239591 0.701634 0.669707 0.243314 -0.000000 -0.341475 0.939891 B 2.000000 4.000000 18.000000 C[purple]
38.892673 -10.951180 -42.795438 0.811867 -0.548749 -0.199368 0.583843 0.763066 0.277232 -0.000000 -0.341475 0.939891 B 2.000000 4.000000 18.000000 C[purple]
38.691701 -16.996039 -25.507572 0.833165 -0.519783 -0.188844 0.553025 0.783084 0.284505 0.000000 -0.341475 0.939891 B 2.000000 4.000000 18.000000 C[purple]
38.599656 -23.112747 -8.424145 0.872641 -0.459007 -0.166764 0.488362 0.820187 0.297985 -0.000000 -0.341475 0.939891 B 2.000000 4.000000 18.000000 C[purple]
38.680437 -29.612001 8.672531 0.920930 -0.366301 -0.133082 0.389728 0.865574 0.314475 -0.000000 -0.341475 0.939891 B 2.000000 4.000000 18.000000 C[purple]
38.729391 26.615152 25.722396 0.914075 -0.381169 -0.138484 0.405546 0.859130 0.312134 0.000000 -0.341475 0.939891 B 2.000000 4.000000 18.000000 C[purple]
38.902648 20.338940 42.652799 0.916147 -0.376748 -0.136878 0.400842 0.861078 0.312842 -0.000000 -0.341475 0.939891 B 2.000000 4.000000 18.000000 C[purple]
38.875052 13.914092 59.924207 0.756148 -0.615065 -0.223462 0.654401 0.710697 0.258206 0.000000 -0.341475 0.939891 B 2.000000 4.000000 18.000000 C[purple]
-41.954443 19.075926 77.731160 0.887882 -0.432417 -0.157103 0.460071 0.834512 0.303190 0.000000 -0.341475 0.939891 B 2.000000 4.000000 18.000000 C[purple]
-42.030386 13.145777 -76.987857 0.849987 -0.495138 -0.179891 0.526804 0.798895 0.290250 -0.000000 -0.341475 0.939891 B 2.000000 4.000000 18.000000 C[purple]
-42.059373 6.968806 -59.825790 0.884198 -0.439035 -0.159507 0.467112 0.831049 0.301932 -0.000000 -0.341475 0.939891 B 2.000000 4.000000 18.000000 C[purple]
-41.975658 0.631333 -42.904291 0.840770 -0.508850 -0.184872 0.541393 0.790232 0.287102 0.000000 -0.341475 0.939891 B 2.000000 4.000000 18.000000 C[purple]
-41.965123 -5.625756 -25.841045 0.818921 -0.539409 -0.195975 0.573906 0.769697 0.279641 -0.000000 -0.341475 0.939891 B 2.000000 4.000000 18.000000 C[purple]
-42.038025 -12.080131 -8.573350 0.936549 -0.329465 -0.119699 0.350535 0.880254 0.319809 -0.000000 -0.341475 0.939891 B 2.000000 4.000000 18.000000 C[purple]
-42.465294 -18.169123 8.479112 0.933416 -0.337228 -0.122520 0.358795 0.877309 0.318739 -0.000000 -0.341475 0.939891 B 2.000000 4.000000 18.000000 C[purple]
-42.283831 -24.565608 26.016477 0.959336 -0.265299 -0.096387 0.282266 0.901671 0.327590 -0.000000 -0.341475 0.939891 B 2.000000 4.000000 18.000000 C[purple]
-42.141774 -31.137393 43.034354 0.979286 -0.190312 -0.069143 0.202483 0.920422 0.334402 0.000000 -0.341475 0.939891 B 2.000000 4.000000 18.000000 C[purple]
-42.115229 25.203312 60.341933 0.837880 -0.513043 -0.186396 0.545854 0.787516 0.286115 0.000000 -0.341475 0.939891 B 2.000000 4.000000 18.000000 C[purple]
13.151084 -21.319712 -77.467067 0.974276 0.211812 0.076954 -0.225358 0.915713 0.332691 0.000000 -0.341475 0.939891 B 2.000000 4.000000 18.000000 C[purple]
13.119977 -27.370268 -60.187532 0.951231 0.289938 0.105338 -0.308480 0.894053 0.324822 0.000000 -0.341475 0.939891 B 2.000000 4.000000 18.000000 C[purple]
13.307300 28.950365 -43.237253 0.865861 0.470213 0.170835 -0.500285 0.813815 0.295670 -0.000000 -0.341475 0.939891 B 2.000000 4.000000 18.000000 C[purple]
13.447854 22.613939 -25.824949 0.702836 0.668593 0.242909 -0.711352 0.660589 0.240001 0.000000 -0.341475 0.939891 B 2.000000 4.000000 18.000000 C[purple]
13.588355 16.219515 -8.857481 0.690709 0.679666 0.246932 -0.723133 0.649191 0.235860 -0.000000 -0.341475 0.939891 B 2.000000 4.000000 18.000000 C[purple]
13.517942 9.934938 8.157496 0.685428 0.684373 0.248642 -0.728141 0.644227 0.234057 -0.000000 -0.341475 0.939891 B 2.000000 4.000000 18.000000 C[purple]
13.431092 3.674547 25.397522 0.829280 0.525242 0.190828 -0.558833 0.779433 0.283179 0.000000 -0.341475 0.939891 B 2.000000 4.000000 18.000000 C[purple]
13.395114 -2.808943 42.684064 0.955052 0.278618 0.101226 -0.296437 0.897645 0.326127 0.000000 -0.341475 0.939891 B 2.000000 4.000000 18.000000 C[purple]
13.265782 -8.903447 60.197928 0.893026 0.422956 0.153666 -0.450005 0.839347 0.304946 0.000000 -0.341475 0.939891 B 2.000000 4.000000 18.000000 C[purple]
13.282606 -14.820997 77.471891 0.902675 0.404456 0.146945 -0.430323 0.848416 0.308241 -0.000000 -0.341475 0.939891 B 2.000000 4.000000 18.000000 C[purple]
11.936263 -8.355676 77.471232 0.736703 0.635570 0.230911 -0.676217 0.692420 0.251566 0.000000 -0.341475 0.939891 B 2.000000 4.000000 18.000000 C[purple]
11.710560 -14.564323 -77.281133 0.636938 0.724576 0.263249 -0.770915 0.598652 0.217499 0.000000 -0.341475 0.939891 B 2.000000 4.000000 18.000000 C[purple]
11.609018 -20.671627 -60.130470 0.712172 0.659808 0.239718 -0.702005 0.669363 0.243189 0.000000 -0.341475 0.939891 B 2.000000 4.000000 18.000000 C[purple]
12.002812 -27.036244 -42.977878 0.641334 0.721142 0.262001 -0.767262 0.602784 0.219000 0.000000 -0.341475 0.939891 B 2.000000 4.000000 18.000000 C[purple]
11.690364 28.915237 -25.792145 0.583048 0.763603 0.277428 -0.812438 0.548001 0.199096 -0.000000 -0.341475 0.939891 B 2.000000 4.000000 18.000000 C[purple]
11.636405 22.850082 -8.508812 0.513031 0.806774 0.293112 -0.858370 0.482193 0.175188 0.000000 -0.341475 0.939891 B 2.000000 4.000000 18.000000 C[purple]
11.713898 16.887512 8.632756 0.429193 0.848922 0.308425 -0.903213 0.403394 0.146559 -0.000000 -0.341475 0.939891 B 2.000000 4.000000 18.000000 C[purple]
11.769892 10.365370 25.568975 0.513133 0.806717 0.293092 -0.858309 0.482288 0.175222 -0.000000 -0.341475 0.939891 B 2.000000 4.000000 18.000000 C[purple]
11.589707 4.150028 42.886882 0.752645 0.618849 0.224837 -0.658427 0.707404 0.257010 -0.000000 -0.341475 0.939891 B 2.000000 4.000000 18.000000 C[purple]
11.811257 -1.871196 60.229924 0.664302 0.702535 0.255241 -0.747465 0.624371 0.226843 -0.000000 -0.341475 0.939891 B 2.000000 4.000000 18.000000 C[purple]
28.672942 -0.950300 -77.205587 -0.998234 -0.055828 -0.020283 0.059398 -0.938231 -0.340872 -0.000000 -0.341475 0.939891 B 2.000000 4.000000 18.000000 C[purple]
28.654885 -6.954838 -60.125241 -0.955097 0.278482 0.101177 -0.296292 -0.897687 -0.326142 -0.000000 -0.341475 0.939891 B 2.000000 4.000000 18.000000 C[purple]
28.360148 -13.277996 -42.802865 -0.933401 0.337267 0.122534 -0.358836 -0.877295 -0.318733 -0.000000 -0.341475 0.939891 B 2.000000 4.000000 18.000000 C[purple]
28.562240 -19.138711 -25.511506 -0.852570 0.491199 0.178460 -0.522613 -0.801322 -0.291132 0.000000 -0.341475 0.939891 B 2.000000 4.000000 18.000000 C[purple]
28.673227 -25.356281 -8.530442 -0.943728 0.310843 0.112934 -0.330723 -0.887001 -0.322260 0.000000 -0.341475 0.939891 B 2.000000 4.000000 18.000000 C[purple]
29.046603 30.924066 8.901797 -0.922487 0.362824 0.131819 -0.386027 -0.867037 -0.315007 0.000000 -0.341475 0.939891 B 2.000000 4.000000 18.000000 C[purple]
28.746256 24.476371 26.347074 -0.904849 0.400143 0.145377 -0.425733 -0.850459 -0.308984 0.000000 -0.341475 0.939891 B 2.000000 4.000000 18.000000 C[purple]
28.766634 18.024076 43.260372 -0.980763 0.183467 0.066656 -0.195200 -0.921810 -0.334907 -0.000000 -0.341475 0.939891 B 2.000000 4.000000 18.000000 C[purple]
28.839048 11.783086 60.314274 -0.999734 0.021678 0.007876 -0.023065 -0.939641 -0.341385 0.000000 -0.341475 0.939891 B 2.000000 4.000000 18.000000 C[purple]
28.831519 5.321072 77.334173 -0.999779 -0.019762 -0.007180 0.021026 -0.939683 -0.341400 0.000000 -0.341475 0.939891 B 2.000000 4.000000 18.000000 C[purple]
19.448121 -26.966732 77.660744 0.999959 -0.008534 -0.003101 0.009080 0.939852 0.341461 0.000000 -0.341475 0.939891 B 2.000000 4.000000 18.000000 C[purple]
19.358898 28.849458 -77.222850 0.998299 -0.054795 -0.019908 0.058299 0.938292 0.340895 0.000000 -0.341475 0.939891 B 2.000000 4.000000 18.000000 C[purple]
19.592915 22.241375 -60.154464 0.999812 0.018232 0.006624 -0.019398 0.939714 0.341411 0.000000 -0.341475 0.939891 B 2.000000 4.000000 18.000000 C[purple]
19.263699 15.795755 -42.981146 0.999715 0.022425 0.008147 -0.023859 0.939623 0.341378 0.000000 -0.341475 0.939891 B 2.000000 4.000000 18.000000 C[purple]
19.342393 9.489969 -25.508641 0.998000 0.059419 0.021588 -0.063219 0.938011 0.340792 -0.000000 -0.341475 0.939891 B 2.000000 4.000000 18.000000 C[purple]
19.242267 2.997353 -8.525476 0.999762 -0.020510 -0.007452 0.021822 0.939667 0.341394 0.000000 -0.341475 0.939891 B 2.000000 4.000000 18.000000 C[purple]
19.527632 -3.053628 8.649282 0.999537 0.028596 0.010389 -0.030424 0.939456 0.341317 -0.000000 -0.341475 0.939891 B 2.000000 4.000000 18.000000 C[purple]
19.503504 -9.006118 26.151396 0.999040 -0.041181 -0.014962 0.043814 0.938988 0.341147 -0.000000 -0.341475 0.939891 B 2.000000 4.000000 18.000000 C[purple]
19.512144 -14.784162 43.460329 0.999379 -0.033111 -0.012030 0.035228 0.939307 0.341263 -0.000000 -0.341475 0.939891 B 2.000000 4.000000 18.000000 C[purple]
19.229683 -20.764596 60.482726 0.999758 -0.020688 -0.007516 0.022011 0.939663 0.341393 0.000000 -0.341475 0.939891 B 2.000000 4.000000 18.000000 C[purple]
35.542257 30.055065 -77.159149 0.971269 -0.223680 -0.081266 0.237985 0.912887 0.331664 0.000000 -0.341475 0.939891 B 2.000000 4.000000 18.000000 C[purple]
35.627946 23.698296 -60.214561 0.995865 -0.085389 -0.031023 0.090850 0.936004 0.340063 -0.000000 -0.341475 0.939891 B 2.000000 4.000000 18.000000 C[purple]
35.647402 17.659109 -42.984443 0.982617 -0.174487 -0.063394 0.185646 0.923552 0.335539 0.000000 -0.341475 0.939891 B 2.000000 4.000000 18.000000 C[purple]
35.454307 11.029810 -25.944620 0.954189 -0.281221 -0.102171 0.299206 0.896833 0.325832 0.000000 -0.341475 0.939891 B 2.000000 4.000000 18.000000 C[purple]
35.721627 4.937554 -8.884734 0.992029 -0.118438 -0.043030 0.126013 0.932398 0.338753 0.000000 -0.341475 0.939891 B 2.000000 4.000000 18.000000 C[purple]
35.886988 -1.115091 8.365571 0.902684 -0.404440 -0.146939 0.430305 0.848424 0.308244 0.000000 -0.341475 0.939891 B 2.000000 4.000000 18.000000 C[purple]
35.995856 -7.600262 25.899570 0.932531 -0.339385 -0.123303 0.361090 0.876477 0.318436 0.000000 -0.341475 0.939891 B 2.000000 4.000000 18.000000 C[purple]
35.560078 -13.803027 43.102046 0.911016 -0.387584 -0.140815 0.412371 0.856255 0.311090 0.000000 -0.341475 0.939891 B 2.000000 4.000000 18.000000 C[purple]
35.443766 -20.018206 60.075035 0.919088 -0.370367 -0.134559 0.394053 0.863842 0.313846 0.000000 -0.341475 0.939891 B 2.000000 4.000000 18.000000 C[purple]
35.470073 -26.346335 77.407803 0.965589 -0.244440 -0.088809 0.260073 0.907548 0.329725 -0.000000 -0.341475 0.939891 B 2.000000 4.000000 18.000000 C[purple]
13.379403 -27.608459 76.476490 0.132647 -0.931585 -0.338458 0.991163 0.124674 0.045296 -0.000000 -0.341475 0.939891 B 2.000000 4.000000 18.000000 C[purple]
13.647668 28.462679 -77.998196 0.149998 -0.929257 -0.337612 0.988686 0.140982 0.051221 -0.000000 -0.341475 0.939891 B 2.000000 4.000000 18.000000 C[purple]
13.896804 22.287013 -60.771048 0.038359 -0.939199 -0.341224 0.999264 0.036054 0.013099 -0.000000 -0.341475 0.939891 B 2.000000 4.000000 18.000000 C[purple]
13.798319 15.967597 -43.811512 0.282321 -0.901656 -0.327584 0.959320 0.265351 0.096406 0.000000 -0.341475 0.939891 B 2.000000 4.000000 18.000000 C[purple]
14.011929 9.685068 -26.513186 0.264993 -0.906290 -0.329268 0.964250 0.249065 0.090489 0.000000 -0.341475 0.939891 B 2.000000 4.000000 18.000000 C[purple]
13.841861 3.642080 -9.089608 0.198843 -0.921122 -0.334657 0.980031 0.186891 0.067900 0.000000 -0.341475 0.939891 B 2.000000 4.000000 18.000000 C[purple]
13.750434 -2.854579 8.112779 0.122080 -0.932861 -0.338921 0.992520 0.114742 0.041687 -0.000000 -0.341475 0.939891 B 2.000000 4.000000 18.000000 C[purple]
13.442927 -9.082391 25.403073 0.263196 -0.906752 -0.329436 0.964742 0.247376 0.089875 0.000000 -0.341475 0.939891 B 2.000000 4.000000 18.000000 C[purple]
13.235953 -15.348021 42.426996 0.120680 -0.933021 -0.338980 0.992691 0.113426 0.041209 0.000000 -0.341475 0.939891 B 2.000000 4.000000 18.000000 C[purple]
13.094304 -21.512834 59.369668 0.326087 -0.888516 -0.322810 0.945340 0.306486 0.111351 -0.000000 -0.341475 0.939891 B 2.000000 4.000000 18.000000 C[purple]
-49.828309 5.358900 77.376060 0.909879 -0.389936 -0.141669 0.414874 0.855187 0.310701 0.000000 -0.341475 0.939891 B 2.000000 4.000000 18.000000 C[purple]
-49.726803 -0.980597 -77.108247 0.902170 -0.405451 -0.147306 0.431381 0.847941 0.308069 -0.000000 -0.341475 0.939891 B 2.000000 4.000000 18.000000 C[purple]
-50.013287 -7.386646 -60.188028 0.894585 -0.420034 -0.152604 0.446897 0.840812 0.305479 0.000000 -0.341475 0.939891 B 2.000000 4.000000 18.000000 C[purple]
-49.941736 -13.854549 -43.167281 0.970244 -0.227575 -0.082681 0.242129 0.911923 0.331314 -0.000000 -0.341475 0.939891 B 2.000000 4.000000 18.000000 C[purple]
-50.196143 -19.749711 -25.986278 0.975727 -0.205828 -0.074780 0.218991 0.917077 0.333187 0.000000 -0.341475 0.939891 B 2.000000 4.000000 18.000000 C[purple]
50.185996 -25.847802 -8.690825 0.910865 -0.387897 -0.140928 0.412704 0.856114 0.311038 -0.000000 -0.341475 0.939891 B 2.000000 4.000000 18.000000 C[purple]
-49.946029 30.605879 8.515900 0.856690 -0.484826 -0.176144 0.515832 0.805195 0.292538 -0.000000 -0.341475 0.939891 B 2.000000 4.000000 18.000000 C[purple]
-49.603741 24.537331 25.761769 0.922863 -0.361979 -0.131512 0.385129 0.867390 0.315135 0.000000 -0.341475 0.939891 B 2.000000 4.000000 18.000000 C[purple]
-49.829558 18.039327 43.197020 0.859646 -0.480180 -0.174456 0.510889 0.807974 0.293548 0.000000 -0.341475 0.939891 B 2.000000 4.000000 18.000000 C[purple]
-49.830106 11.416893 60.290089 0.783746 -0.583749 -0.212084 0.621082 0.736635 0.267630 0.000000 -0.341475 0.939891 B 2.000000 4.000000 18.000000 C[purple]
-11.436902 -19.637336 77.526456 0.992921 0.111640 0.040560 -0.118779 0.933237 0.339058 0.000000 -0.341475 0.939891 B 2.000000 4.000000 18.000000 C[purple]
-11.537645 -25.848983 -77.454587 0.957614 0.270740 0.098364 -0.288055 0.900052 0.327002 0.000000 -0.341475 0.939891 B 2.000000 4.000000 18.000000 C[purple]
-11.395906 30.318565 -60.053500 0.999975 -0.006687 -0.002429 0.007114 0.939867 0.341467 -0.000000 -0.341475 0.939891 B 2.000000 4.000000 18.000000 C[purple]
-11.336636 24.028404 -42.775434 0.976293 0.203444 0.073914 -0.216455 0.917608 0.333380 -0.000000 -0.341475 0.939891 B 2.000000 4.000000 18.000000 C[purple]
-11.400559 18.103538 -25.395533 0.988027 0.145008 0.052683 -0.154282 0.928637 0.337387 -0.000000 -0.341475 0.939891 B 2.000000 4.000000 18.000000 C[purple]
-11.346992 11.780399 -8.505619 0.992709 0.113289 0.041160 -0.120535 0.933038 0.338986 0.000000 -0.341475 0.939891 B 2.000000 4.000000 18.000000 C[purple]
-11.354333 5.644981 8.683864 0.986890 -0.151695 -0.055113 0.161397 0.927568 0.336999 0.000000 -0.341475 0.939891 B 2.000000 4.000000 18.000000 C[purple]
-11.449585 -0.618838 25.662415 0.990672 -0.128076 -0.046532 0.136266 0.931124 0.338290 0.000000 -0.341475 0.939891 B 2.000000 4.000000 18.000000 C[purple]
-11.235161 -7.061472 43.036496 0.982789 -0.173625 -0.063081 0.184729 0.923715 0.335598 0.000000 -0.341475 0.939891 B 2.000000 4.000000 18.000000 C[purple]
-11.282346 -12.986234 60.211709 0.999897 0.013516 0.004911 -0.014381 0.939794 0.341440 -0.000000 -0.341475 0.939891 B 2.000000 4.000000 18.000000 C[purple]
-4.806025 -4.626923 -77.871780 -0.353580 0.879178 0.319418 -0.935404 -0.332327 -0.120739 -0.000000 -0.341475 0.939891 B 2.000000 4.000000 18.000000 C[purple]
-4.621950 -10.876655 -60.504213 -0.309226 0.893825 0.324739 -0.950989 -0.290638 -0.105593 -0.000000 -0.341475 0.939891 B 2.000000 4.000000 18.000000 C[purple]
-4.625567 -17.037351 -43.259101 -0.336603 0.885045 0.321549 -0.941646 -0.316370 -0.114942 0.000000 -0.341475 0.939891 B 2.000000 4.000000 18.000000 C[purple]
-4.648528 -23.523670 -25.784920 -0.287045 0.900337 0.327105 -0.957917 -0.269791 -0.098019 -0.000000 -0.341475 0.939891 B 2.000000 4.000000 18.000000 C[purple]
-4.507262 -29.739585 -8.885076 -0.200651 0.920776 0.334531 -0.979663 -0.188590 -0.068517 0.000000 -0.341475 0.939891 B 2.000000 4.000000 18.000000 C[purple]
-4.953140 26.539141 8.328461 -0.101690 0.935018 0.339705 -0.994816 -0.095578 -0.034725 -0.000000 -0.341475 0.939891 B 2.000000 4.000000 18.000000 C[purple]
-4.923765 20.083725 25.463369 -0.052485 0.938595 0.341005 -0.998622 -0.049330 -0.017922 0.000000 -0.341475 0.939891 B 2.000000 4.000000 18.000000 C[purple]
-4.536361 13.805696 42.581303 -0.219884 0.916888 0.333118 -0.975526 -0.206667 -0.075085 0.000000 -0.341475 0.939891 B 2.000000 4.000000 18.000000 C[purple]
-4.839813 7.686728 59.530622 -0.238404 0.912790 0.331629 -0.971166 -0.224074 -0.081409 0.000000 -0.341475 0.939891 B 2.000000 4.000000 18.000000 C[purple]
-4.669979 1.545729 76.970008 -0.502601 0.812553 0.295212 -0.864518 -0.472390 -0.171626 0.000000 -0.341475 0.939891 B 2.000000 4.000000 18.000000 C[purple]
-1.656159 20.204626 77.496878 0.520583 -0.802489 -0.291555 0.853811 0.489291 0.177766 0.000000 -0.341475 0.939891 B 2.000000 4.000000 18.000000 C[purple]
-1.378393 14.197207 -77.115925 0.419723 -0.853094 -0.309941 0.907652 0.394493 0.143325 0.000000 -0.341475 0.939891 B 2.000000 4.000000 18.000000 C[purple]
-1.523848 7.709128 -59.984129 0.306530 -0.894645 -0.325037 0.951861 0.288105 0.104673 0.000000 -0.341475 0.939891 B 2.000000 4.000000 18.000000 C[purple]
-1.531373 1.405842 -42.566078 0.360671 -0.876630 -0.318492 0.932693 0.338991 0.123160 -0.000000 -0.341475 0.939891 B 2.000000 4.000000 18.000000 C[purple]
-1.600449 -5.058264 -25.599300 0.487429 -0.820678 -0.298164 0.873163 0.458130 0.166445 0.000000 -0.341475 0.939891 B 2.000000 4.000000 18.000000 C[purple]
-1.492780 -11.031594 -8.128457 0.383680 -0.867957 -0.315341 0.923466 0.360617 0.131017 0.000000 -0.341475 0.939891 B 2.000000 4.000000 18.000000 C[purple]
-1.841612 -17.496962 9.217214 0.406484 -0.858738 -0.311992 0.913658 0.382051 0.138804 -0.000000 -0.341475 0.939891 B 2.000000 4.000000 18.000000 C[purple]
-1.484634 -23.793831 26.214937 0.382011 -0.868607 -0.315577 0.924158 0.359049 0.130447 0.000000 -0.341475 0.939891 B 2.000000 4.000000 18.000000 C[purple]
-1.800140 -29.977666 43.159085 0.417620 -0.854005 -0.310272 0.908622 0.392517 0.142607 0.000000 -0.341475 0.939891 B 2.000000 4.000000 18.000000 C[purple]
-1.846230 26.367055 60.409935 0.649138 -0.714948 -0.259750 0.760671 0.610118 0.221665 0.000000 -0.341475 0.939891 B 2.000000 4.000000 18.000000 C[purple]
-23.074444 27.121104 -77.325082 -0.441334 -0.843404 -0.306421 0.897343 -0.414805 -0.150705 -0.000000 -0.341475 0.939891 B 2.000000 4.000000 18.000000 C[purple]
-23.272504 20.822889 -60.343517 -0.310992 -0.893284 -0.324543 0.950413 -0.292298 -0.106196 0.000000 -0.341475 0.939891 B 2.000000 4.000000 18.000000 C[purple]
-23.170720 14.678517 -42.783057 -0.353819 -0.879093 -0.319387 0.935314 -0.332551 -0.120820 -0.000000 -0.341475 0.939891 B 2.000000 4.000000 18.000000 C[purple]
-23.023214 8.689471 -25.607587 -0.195853 -0.921688 -0.334862 0.980633 -0.184081 -0.066879 0.000000 -0.341475 0.939891 B 2.000000 4.000000 18.000000 C[purple]
-22.980546 2.377060 -8.313245 -0.128180 -0.932137 -0.338659 0.991751 -0.120476 -0.043770 -0.000000 -0.341475 0.939891 B 2.000000 4.000000 18.000000 C[purple]
-22.810837 -4.117623 9.064256 -0.217166 -0.917460 -0.333326 0.976135 -0.204112 -0.074157 0.000000 -0.341475 0.939891 B 2.000000 4.000000 18.000000 C[purple]
-22.636516 -10.508146 26.155717 -0.228272 -0.915075 -0.332460 0.973597 -0.214551 -0.077949 0.000000 -0.341475 0.939891 B 2.000000 4.000000 18.000000 C[purple]
-22.915335 -16.691641 43.070057 -0.151533 -0.929037 -0.337532 0.988452 -0.142424 -0.051745 -0.000000 -0.341475 0.939891 B 2.000000 4.000000 18.000000 C[purple]
-22.716224 -23.075403 60.263271 -0.353833 -0.879088 -0.319385 0.935309 -0.332565 -0.120825 0.000000 -0.341475 0.939891 B 2.000000 4.000000 18.000000 C[purple]
-22.766092 -28.936254 77.336083 -0.311349 -0.893174 -0.324503 0.950296 -0.292634 -0.106318 0.000000 -0.341475 0.939891 B 2.000000 4.000000 18.000000 C[purple]
6.737893 -20.918342 -77.697939 0.148083 -0.929528 -0.337711 0.988975 0.139182 0.050567 -0.000000 -0.341475 0.939891 B 2.000000 4.000000 18.000000 C[purple]
6.813751 -26.814696 -60.578671 0.191220 -0.922547 -0.335174 0.981547 0.179726 0.065297 -0.000000 -0.341475 0.939891 B 2.000000 4.000000 18.000000 C[purple]
6.776310 29.262666 -43.083961 0.116892 -0.933447 -0.339134 0.993145 0.109866 0.039916 0.000000 -0.341475 0.939891 B 2.000000 4.000000 18.000000 C[purple]
7.047182 22.893829 -25.915224 0.242002 -0.911953 -0.331325 0.970276 0.227455 0.082638 0.000000 -0.341475 0.939891 B 2.000000 4.000000 18.000000 C[purple]
6.866959 16.466113 -8.313441 0.139464 -0.930705 -0.338138 0.990227 0.131081 0.047623 0.000000 -0.341475 0.939891 B 2.000000 4.000000 18.000000 C[purple]
6.889523 10.137465 9.098841 0.297815 -0.897242 -0.325980 0.954623 0.279914 0.101697 -0.000000 -0.341475 0.939891 B 2.000000 4.000000 18.000000 C[purple]
7.318978 4.038680 26.139931 0.374310 -0.871564 -0.316651 0.927304 0.351811 0.127818 -0.000000 -0.341475 0.939891 B 2.000000 4.000000 18.000000 C[purple]
7.320872 -1.807866 43.212013 0.292406 -0.898812 -0.326551 0.956294 0.274830 0.099849 0.000000 -0.341475 0.939891 B 2.000000 4.000000 18.000000 C[purple]
7.520256 -8.279104 60.078019 0.321938 -0.889852 -0.323296 0.946761 0.302586 0.109934 0.000000 -0.341475 0.939891 B 2.000000 4.000000 18.000000 C[purple]
7.225996 -14.653115 77.156704 0.182335 -0.924135 -0.335751 0.983237 0.171375 0.062263 0.000000 -0.341475 0.939891 B 2.000000 4.000000 18.000000 C[purple]
34.918520 0.487152 77.407308 0.605442 0.748049 0.271777 -0.795889 0.569050 0.206744 0.000000 -0.341475 0.939891 B 2.000000 4.000000 18.000000 C[purple]
34.830978 -5.482330 -77.491222 0.760288 0.610540 0.221818 -0.649586 0.714588 0.259620 0.000000 -0.341475 0.939891 B 2.000000 4.000000 18.000000 C[purple]
34.797373 -11.739855 -60.473230 0.602412 0.750207 0.272561 -0.798185 0.566202 0.205709 -0.000000 -0.341475 0.939891 B 2.000000 4.000000 18.000000 C[purple]
34.739538 -17.948209 -43.539671 0.747445 0.624391 0.226850 -0.664323 0.702517 0.255234 -0.000000 -0.341475 0.939891 B 2.000000 4.000000 18.000000 C[purple]
34.758925 -24.100379 -26.257757 0.668068 0.699373 0.254092 -0.744101 0.627911 0.228129 -0.000000 -0.341475 0.939891 B 2.000000 4.000000 18.000000 C[purple]
35.059376 -30.664566 -8.881168 0.732239 0.640111 0.232561 -0.681048 0.688224 0.250041 0.000000 -0.341475 0.939891 B 2.000000 4.000000 18.000000 C[purple]
34.733234 25.843446 8.150317 0.684354 0.685321 0.248987 -0.729150 0.643218 0.233690 0.000000 -0.341475 0.939891 B 2.000000 4.000000 18.000000 C[purple]
34.842183 19.852569 25.427857 0.732447 0.639901 0.232485 -0.680824 0.688420 0.250113 0.000000 -0.341475 0.939891 B 2.000000 4.000000 18.000000 C[purple]
34.971307 13.659237 42.586463 0.611315 0.743818 0.270239 -0.791388 0.574569 0.208749 -0.000000 -0.341475 0.939891 B 2.000000 4.000000 18.000000 C[purple]
34.985019 7.046347 60.057938 0.591060 0.758142 0.275443 -0.806627 0.555532 0.201833 0.000000 -0.341475 0.939891 B 2.000000 4.000000 18.000000 C[purple]
38.709889 -20.563192 -77.722672 -0.928623 0.348722 0.126696 -0.371024 -0.872804 -0.317102 -0.000000 -0.341475 0.939891 B 2.000000 4.000000 18.000000 C[purple]
39.095999 -26.761152 -60.588616 -0.943863 0.310480 0.112802 -0.330337 -0.887128 -0.322306 -0.000000 -0.341475 0.939891 B 2.000000 4.000000 18.000000 C[purple]
38.929034 29.223363 -43.428980 -0.902714 0.404380 0.146917 -0.430242 -0.848452 -0.308255 -0.000000 -0.341475 0.939891 B 2.000000 4.000000 18.000000 C[purple]
38.973897 23.074913 -26.149723 -0.918054 0.372624 0.135380 -0.396455 -0.862871 -0.313493 0.000000 -0.341475 0.939891 B 2.000000 4.000000 18.000000 C[purple]
38.712444 16.590608 -9.141079 -0.845374 0.502066 0.182408 -0.534175 -0.794559 -0.288674 0.000000 -0.341475 0.939891 B 2.000000 4.000000 18.000000 C[purple]
38.658373 10.286148 8.204216 -0.792251 0.573517 0.208367 -0.610196 -0.744629 -0.270534 0.000000 -0.341475 0.939891 B 2.000000 4.000000 18.000000 C[purple]
38.629110 4.137849 25.793980 -0.883438 0.440385 0.159998 -0.468549 -0.830335 -0.301672 -0.000000 -0.341475 0.939891 B 2.000000 4.000000 18.000000 C[purple]
38.881045 -2.040267 42.877500 -0.930466 0.344355 0.125109 -0.366378 -0.874536 -0.317731 0.000000 -0.341475 0.939891 B 2.000000 4.000000 18.000000 C[purple]
39.217372 -8.319605 59.779946 -0.915805 0.377481 0.137144 -0.401623 -0.860757 -0.312725 -0.000000 -0.341475 0.939891 B 2.000000 4.000000 18.000000 C[purple]
38.892227 -14.370673 76.953933 -0.916624 0.375722 0.136505 -0.399751 -0.861526 -0.313004 0.000000 -0.341475 0.939891 B 2.000000 4.000000 18.000000 C[purple]
-17.051594 -26.356175 77.314582 0.706086 -0.665561 -0.241808 0.708126 0.663643 0.241111 0.000000 -0.341475 0.939891 B 2.000000 4.000000 18.000000 C[purple]
-17.265527 29.634344 -77.272004 0.650962 -0.713481 -0.259218 0.759111 0.611833 0.222287 0.000000 -0.341475 0.939891 B 2.000000 4.000000 18.000000 C[purple]
-17.161212 23.077097 -60.428964 0.658471 -0.707367 -0.256996 0.752606 0.618891 0.224852 0.000000 -0.341475 0.939891 B 2.000000 4.000000 18.000000 C[purple]
-17.231421 16.577445 -43.403352 0.833708 -0.519013 -0.188565 0.552206 0.783594 0.284691 -0.000000 -0.341475 0.939891 B 2.000000 4.000000 18.000000 C[purple]
-17.193496 10.194271 -26.506578 0.936829 -0.328761 -0.119444 0.349787 0.880517 0.319904 0.000000 -0.341475 0.939891 B 2.000000 4.000000 18.000000 C[purple]
-17.305057 4.214775 -9.154142 0.895216 -0.418845 -0.152172 0.445632 0.841406 0.305694 0.000000 -0.341475 0.939891 B 2.000000 4.000000 18.000000 C[purple]
-17.263841 -1.791326 8.206412 0.797355 -0.567234 -0.206084 0.603511 0.749427 0.272277 -0.000000 -0.341475 0.939891 B 2.000000 4.000000 18.000000 C[purple]
-17.125295 -7.892264 25.598999 0.659697 -0.706358 -0.256630 0.751532 0.620043 0.225270 -0.000000 -0.341475 0.939891 B 2.000000 4.000000 18.000000 C[purple]
-16.872117 -13.842264 42.865517 0.747460 -0.624376 -0.226844 0.664307 0.702531 0.255239 0.000000 -0.341475 0.939891 B 2.000000 4.000000 18.000000 C[purple]
-16.816100 -20.015224 60.309664 0.837082 -0.514194 -0.186814 0.547078 0.786765 0.285843 0.000000 -0.341475 0.939891 B 2.000000 4.000000 18.000000 C[purple]
-29.060199 21.540862 77.710838 0.894063 -0.421016 -0.152961 0.447942 0.840321 0.305300 0.000000 -0.341475 0.939891 B 2.000000 4.000000 18.000000 C[purple]
-29.273956 14.901138 -77.025007 0.787828 -0.578874 -0.210313 0.615895 0.740472 0.269024 -0.000000 -0.341475 0.939891 B 2.000000 4.000000 18.000000 C[purple]
-29.265396 8.572898 -60.010889 0.749977 -0.621704 -0.225874 0.661464 0.704896 0.256099 -0.000000 -0.341475 0.939891 B 2.000000 4.000000 18.000000 C[purple]
-29.217162 2.501359 -42.511147 0.878158 -0.449616 -0.163352 0.478370 0.825373 0.299869 0.000000 -0.341475 0.939891 B 2.000000 4.000000 18.000000 C[purple]
-29.084848 -3.831058 -25.523630 0.874143 -0.456476 -0.165844 0.485669 0.821599 0.298498 0.000000 -0.341475 0.939891 B 2.000000 4.000000 18.000000 C[purple]
-28.949054 -9.923253 -8.330896 0.833837 -0.518830 -0.188498 0.552011 0.783715 0.284735 0.000000 -0.341475 0.939891 B 2.000000 4.000000 18.000000 C[purple]
-29.112694 -16.265841 9.083861 0.643771 -0.719221 -0.261303 0.765218 0.605074 0.219832 -0.000000 -0.341475 0.939891 B 2.000000 4.000000 18.000000 C[purple]
-28.852292 -22.363489 26.428263 0.605094 -0.748297 -0.271867 0.796154 0.568723 0.206625 -0.000000 -0.341475 0.939891 B 2.000000 4.000000 18.000000 C[purple]
-28.842051 -28.669881 43.455820 0.735743 -0.636551 -0.231268 0.677260 0.691518 0.251238 -0.000000 -0.341475 0.939891 B 2.000000 4.000000 18.000000 C[purple]
-28.844047 27.813761 60.831017 0.787743 -0.578976 -0.210350 0.616004 0.740392 0.268995 0.000000 -0.341475 0.939891 B 2.000000 4.000000 18.000000 C[purple]
-3.336835 -28.087661 77.650931 -0.473488 0.827856 0.300772 -0.880800 -0.445027 -0.161684 0.000000 -0.341475 0.939891 B 2.000000 4.000000 18.000000 C[purple]
-3.641148 28.201477 -77.086358 -0.318959 0.890799 0.323640 -0.947769 -0.299786 -0.108917 -0.000000 -0.341475 0.939891 B 2.000000 4.000000 18.000000 C[purple]
-3.389694 22.155761 -59.696210 -0.391307 0.864944 0.314246 -0.920260 -0.367786 -0.133622 -0.000000 -0.341475 0.939891 B 2.000000 4.000000 18.000000 C[purple]
-3.481809 15.774622 -42.651591 -0.248512 0.910405 0.330763 -0.968629 -0.233574 -0.084861 0.000000 -0.341475 0.939891 B 2.000000 4.000000 18.000000 C[purple]
-3.448279 9.607871 -25.682778 -0.089284 0.936137 0.340112 -0.996006 -0.083918 -0.030488 0.000000 -0.341475 0.939891 B 2.000000 4.000000 18.000000 C[purple]
-3.683114 3.358434 -8.537237 -0.367738 0.874032 0.317548 -0.929930 -0.345633 -0.125573 0.000000 -0.341475 0.939891 B 2.000000 4.000000 18.000000 C[purple]
-3.563211 -2.950040 8.658354 -0.504427 0.811553 0.294849 -0.863455 -0.474106 -0.172249 0.000000 -0.341475 0.939891 B 2.000000 4.000000 18.000000 C[purple]
-3.433691 -9.400202 26.035755 -0.569057 0.772871 0.280795 -0.822298 -0.534851 -0.194319 0.000000 -0.341475 0.939891 B 2.000000 4.000000 18.000000 C[purple]
-3.328355 -15.448789 43.104071 -0.496279 0.815979 0.296456 -0.868163 -0.466448 -0.169467 -0.000000 -0.341475 0.939891 B 2.000000 4.000000 18.000000 C[purple]
-3.670977 -21.733336 60.480121 -0.566071 0.774805 0.281498 -0.824357 -0.532044 -0.193299 0.000000 -0.341475 0.939891 B 2.000000 4.000000 18.000000 C[purple]
-48.152861 -13.663662 77.526549 -0.199915 -0.920917 -0.334582 0.979813 -0.187898 -0.068266 0.000000 -0.341475 0.939891 B 2.000000 4.000000 18.000000 C[purple]
-48.103615 -20.109916 -77.497380 -0.289536 -0.899632 -0.326849 0.957167 -0.272132 -0.098869 -0.000000 -0.341475 0.939891 B 2.000000 4.000000 18.000000 C[purple]
-48.097930 -26.231370 -60.175028 0.009417 -0.939849 -0.341460 0.999956 0.008851 0.003216 0.000000 -0.341475 0.939891 B 2.000000 4.000000 18.000000 C[purple]
-48.165421 29.814305 -42.683046 0.074393 -0.937286 -0.340529 0.997229 0.069922 0.025404 -0.000000 -0.341475 0.939891 B 2.000000 4.000000 18.000000 C[purple]
-47.911077 23.616901 -25.598248 0.356188 -0.878247 -0.319079 0.934414 0.334778 0.121630 -0.000000 -0.341475 0.939891 B 2.000000 4.000000 18.000000 C[purple]
-48.054674 17.417887 -8.327127 0.498314 -0.814882 -0.296058 0.866997 0.468361 0.170162 -0.000000 -0.341475 0.939891 B 2.000000 4.000000 18.000000 C[purple]
-48.136502 11.014068 8.991476 0.224454 -0.915909 -0.332763 0.974485 0.210962 0.076645 -0.000000 -0.341475 0.939891 B 2.000000 4.000000 18.000000 C[purple]
-48.094558 5.031302 26.016855 0.245505 -0.911126 -0.331025 0.969395 0.230748 0.083834 0.000000 -0.341475 0.939891 B 2.000000 4.000000 18.000000 C[purple]
-48.303478 -1.137939 43.217819 0.252206 -0.909507 -0.330437 0.967673 0.237046 0.086122 0.000000 -0.341475 0.939891 B 2.000000 4.000000 18.000000 C[purple]
-48.325085 -7.543336 60.465980 0.004851 -0.939880 -0.341471 0.999988 0.004559 0.001656 0.000000 -0.341475 0.939891 B 2.000000 4.000000 18.000000 C[purple]
-33.451185 -3.269096 -77.653817 0.651753 0.712843 0.258986 -0.758432 0.612576 0.222557 0.000000 -0.341475 0.939891 B 2.000000 4.000000 18.000000 C[purple]
-33.512686 -9.505628 -60.118236 0.670816 0.697045 0.253246 -0.741623 0.630494 0.229067 0.000000 -0.341475 0.939891 B 2.000000 4.000000 18.000000 C[purple]
-33.313341 -15.411660 -42.982141 0.608681 0.745724 0.270932 -0.793415 0.572093 0.207849 -0.000000 -0.341475 0.939891 B 2.000000 4.000000 18.000000 C[purple]
-33.371923 -21.770242 -25.531801 0.570580 0.771878 0.280434 -0.821242 0.536283 0.194839 -0.000000 -0.341475 0.939891 B 2.000000 4.000000 18.000000 C[purple]
-33.421035 -27.704690 -8.449573 0.648554 0.715416 0.259921 -0.761169 0.609569 0.221465 0.000000 -0.341475 0.939891 B 2.000000 4.000000 18.000000 C[purple]
-33.243631 28.569038 8.763119 0.542529 0.789543 0.286852 -0.840037 0.509918 0.185260 0.000000 -0.341475 0.939891 B 2.000000 4.000000 18.000000 C[purple]
-33.286214 22.384122 25.900898 0.804340 0.558455 0.202894 -0.594170 0.755991 0.274662 0.000000 -0.341475 0.939891 B 2.000000 4.000000 18.000000 C[purple]
-33.159312 16.201976 42.840888 0.920705 0.366802 0.133264 -0.390260 0.865362 0.314398 0.000000 -0.341475 0.939891 B 2.000000 4.000000 18.000000 C[purple]
-33.229723 9.538744 59.978448 0.908157 0.393467 0.142952 -0.418630 0.853568 0.310113 -0.000000 -0.341475 0.939891 B 2.000000 4.000000 18.000000 C[purple]
-33.342882 3.010400 77.284269 0.832638 0.520528 0.189115 -0.553817 0.782589 0.284325 0.000000 -0.341475 0.939891 B 2.000000 4.000000 18.000000 C[purple]
-30.066714 -26.597114 77.391683 0.161476 -0.927556 -0.336994 0.986877 0.151770 0.055140 0.000000 -0.341475 0.939891 B 2.000000 4.000000 18.000000 C[purple]
-29.897399 29.696048 -77.695990 0.207568 -0.919420 -0.334038 0.978220 0.195092 0.070880 -0.000000 -0.341475 0.939891 B 2.000000 4.000000 18.000000 C[purple]
-30.038724 23.635690 -60.401637 0.440840 -0.843632 -0.306503 0.897586 0.414342 0.150536 -0.000000 -0.341475 0.939891 B 2.000000 4.000000 18.000000 C[purple]
-30.221882 17.206164 -43.204577 0.692102 -0.678413 -0.246477 0.721800 0.650500 0.236336 0.000000 -0.341475 0.939891 B 2.000000 4.000000 18.000000 C[purple]
-30.527264 11.051326 -26.216844 0.641183 -0.721261 -0.262044 0.767388 0.602642 0.218948 0.000000 -0.341475 0.939891 B 2.000000 4.000000 18.000000 C[purple]
-30.361628 4.816563 -8.927951 0.307168 -0.894452 -0.324967 0.951655 0.288705 0.104890 -0.000000 -0.341475 0.939891 B 2.000000 4.000000 18.000000 C[purple]
-30.076041 -1.236456 8.542847 0.394007 -0.863861 -0.313853 0.919107 0.370324 0.134544 -0.000000 -0.341475 0.939891 B 2.000000 4.000000 18.000000 C[purple]
-30.313431 -7.667575 25.763862 0.232448 -0.914146 -0.332122 0.972609 0.218476 0.079375 0.000000 -0.341475 0.939891 B 2.000000 4.000000 18.000000 C[purple]
-30.304993 -13.977975 43.045511 0.437902 -0.844983 -0.306994 0.899023 0.411580 0.149533 -0.000000 -0.341475 0.939891 B 2.000000 4.000000 18.000000 C[purple]
-30.271204 -20.275217 60.031543 0.223290 -0.916160 -0.332854 0.974752 0.209869 0.076248 0.000000 -0.341475 0.939891 B 2.000000 4.000000 18.000000 C[purple]
43.572315 -22.921956 77.537092 -0.689187 -0.681029 -0.247427 0.724583 -0.647761 -0.235340 0.000000 -0.341475 0.939891 B 2.000000 4.000000 18.000000 C[purple]
43.626265 -29.330594 -77.069377 -0.614613 -0.741413 -0.269366 0.788829 -0.577669 -0.209875 0.000000 -0.341475 0.939891 B 2.000000 4.000000 18.000000 C[purple]
43.544762 26.528903 -60.051246 -0.672968 -0.695210 -0.252580 0.739671 -0.632517 -0.229802 -0.000000 -0.341475 0.939891 B 2.000000 4.000000 18.000000 C[purple]
43.484004 20.696149 -42.888264 -0.591950 -0.757528 -0.275221 0.805975 -0.556368 -0.202136 0.000000 -0.341475 0.939891 B 2.000000 4.000000 18.000000 C[purple]
43.392348 14.644200 -25.564679 -0.753069 -0.618393 -0.224671 0.657942 -0.707802 -0.257154 0.000000 -0.341475 0.939891 B 2.000000 4.000000 18.000000 C[purple]
43.244727 8.305239 -8.412732 -0.692627 -0.677940 -0.246305 0.721296 -0.650993 -0.236515 0.000000 -0.341475 0.939891 B 2.000000 4.000000 18.000000 C[purple]
43.287373 1.913759 8.486524 -0.668121 -0.699328 -0.254076 0.744052 -0.627961 -0.228147 -0.000000 -0.341475 0.939891 B 2.000000 4.000000 18.000000 C[purple]
43.118810 -4.193292 25.825486 -0.602496 -0.750147 -0.272539 0.798122 -0.566281 -0.205738 -0.000000 -0.341475 0.939891 B 2.000000 4.000000 18.000000 C[purple]
43.264559 -10.710908 43.258198 -0.745532 -0.626409 -0.227583 0.666470 -0.700719 -0.254581 0.000000 -0.341475 0.939891 B 2.000000 4.000000 18.000000 C[purple]
43.442910 -16.881777 60.428856 -0.732113 -0.640238 -0.232607 0.681183 -0.688106 -0.249999 -0.000000 -0.341475 0.939891 B 2.000000 4.000000 18.000000 C[purple]
-4.229731 -30.274510 -77.889709 -0.456012 0.836478 0.303904 -0.889974 -0.428601 -0.155717 0.000000 -0.341475 0.939891 B 2.000000 4.000000 18.000000 C[purple]
-4.124549 26.125023 -60.419472 -0.268251 0.905443 0.328960 -0.963349 -0.252126 -0.091601 0.000000 -0.341475 0.939891 B 2.000000 4.000000 18.000000 C[purple]
-4.338162 19.991826 -43.348217 -0.243278 0.911653 0.331216 -0.969957 -0.228655 -0.083073 0.000000 -0.341475 0.939891 B 2.000000 4.000000 18.000000 C[purple]
-4.506078 13.980109 -26.066766 -0.431402 0.847932 0.308065 -0.902160 -0.405471 -0.147313 -0.000000 -0.341475 0.939891 B 2.000000 4.000000 18.000000 C[purple]
-4.747266 7.434274 -8.749998 -0.475931 0.826617 0.300322 -0.879482 -0.447323 -0.162519 -0.000000 -0.341475 0.939891 B 2.000000 4.000000 18.000000 C[purple]
-4.706635 0.982682 8.234500 -0.605535 0.747983 0.271753 -0.795819 -0.569137 -0.206775 -0.000000 -0.341475 0.939891 B 2.000000 4.000000 18.000000 C[purple]
-4.352415 -5.044073 25.238604 -0.511324 0.807731 0.293460 -0.859388 -0.480588 -0.174604 -0.000000 -0.341475 0.939891 B 2.000000 4.000000 18.000000 C[purple]
