-3.509405 -3.397208 76.857158 0.506043 0.810663 0.294525 -0.862508 0.475625 0.172801 0.000000 -0.341475 0.939891 B 2.000000 4.000000 18.000000 C[purple]
-3.645443 -9.462384 -77.970724 0.678723 0.690250 0.250778 -0.734394 0.637926 0.231767 0.000000 -0.341475 0.939891 B 2.000000 4.000000 18.000000 C[purple]
-3.552711 -15.699053 -60.459441 0.484350 0.822286 0.298748 -0.874874 0.455236 0.165394 -0.000000 -0.341475 0.939891 B 2.000000 4.000000 18.000000 C[purple]
-3.712837 -21.846491 -43.249948 0.675992 0.692614 0.251636 -0.736909 0.635359 0.230835 -0.000000 -0.341475 0.939891 B 2.000000 4.000000 18.000000 C[purple]
-3.921162 -28.195736 -25.914477 0.783320 0.584253 0.212267 -0.621618 0.736235 0.267485 0.000000 -0.341475 0.939891 B 2.000000 4.000000 18.000000 C[purple]
-3.984989 27.920237 -8.940290 0.674608 0.693805 0.252069 -0.738176 0.634058 0.230362 0.000000 -0.341475 0.939891 B 2.000000 4.000000 18.000000 C[purple]
-3.631546 21.946404 8.284198 0.710555 0.661346 0.240276 -0.703641 0.667844 0.242637 0.000000 -0.341475 0.939891 B 2.000000 4.000000 18.000000 C[purple]
-3.603810 15.499281 25.760570 0.490238 0.819198 0.297626 -0.871589 0.460770 0.167404 -0.000000 -0.341475 0.939891 B 2.000000 4.000000 18.000000 C[purple]
-3.705907 9.117970 42.708283 0.440703 0.843696 0.306526 -0.897653 0.414212 0.150489 0.000000 -0.341475 0.939891 B 2.000000 4.000000 18.000000 C[purple]
-3.854939 2.965161 59.780725 0.615887 0.740478 0.269026 -0.787835 0.578866 0.210310 -0.000000 -0.341475 0.939891 B 2.000000 4.000000 18.000000 C[purple]
-28.956622 24.552293 77.302072 0.851652 -0.492603 -0.178970 0.524107 0.800460 0.290818 -0.000000 -0.341475 0.939891 B 2.000000 4.000000 18.000000 C[purple]
-29.138313 18.133416 -77.284111 0.951437 -0.289339 -0.105121 0.307844 0.894247 0.324892 0.000000 -0.341475 0.939891 B 2.000000 4.000000 18.000000 C[purple]
-28.945621 11.863590 -59.871407 0.998870 -0.044679 -0.016232 0.047536 0.938828 0.341089 0.000000 -0.341475 0.939891 B 2.000000 4.000000 18.000000 C[purple]
-29.147904 5.672255 -42.614637 0.964960 -0.246626 -0.089603 0.262399 0.906957 0.329510 0.000000 -0.341475 0.939891 B 2.000000 4.000000 18.000000 C[purple]
-28.901138 -0.514871 -25.625693 0.979801 -0.187954 -0.068286 0.199974 0.920906 0.334578 -0.000000 -0.341475 0.939891 B 2.000000 4.000000 18.000000 C[purple]
-29.289748 -6.732329 -8.576676 0.985408 -0.159979 -0.058123 0.170210 0.926176 0.336493 0.000000 -0.341475 0.939891 B 2.000000 4.000000 18.000000 C[purple]
-29.217429 -12.874205 8.733113 0.937866 -0.326139 -0.118491 0.346997 0.881492 0.320258 0.000000 -0.341475 0.939891 B 2.000000 4.000000 18.000000 C[purple]
-29.200513 -19.247435 25.775394 0.816881 -0.542135 -0.196965 0.576807 0.767779 0.278945 -0.000000 -0.341475 0.939891 B 2.000000 4.000000 18.000000 C[purple]
-29.278276 -25.285651 42.943157 0.939473 -0.322029 -0.116998 0.342624 0.883002 0.320807 0.000000 -0.341475 0.939891 B 2.000000 4.000000 18.000000 C[purple]
-29.200975 30.962862 60.133876 0.868450 -0.465976 -0.169295 0.495776 0.816248 0.296554 0.000000 -0.341475 0.939891 B 2.000000 4.000000 18.000000 C[purple]
25.863567 -14.318833 77.522622 0.840587 -0.509117 -0.184969 0.541677 0.790059 0.287040 -0.000000 -0.341475 0.939891 B 2.000000 4.000000 18.000000 C[purple]
26.246297 -20.527091 -77.355988 0.882538 -0.441976 -0.160576 0.470241 0.829489 0.301365 -0.000000 -0.341475 0.939891 B 2.000000 4.000000 18.000000 C[purple]
26.078773 -26.921868 -59.760174 0.842646 -0.506100 -0.183873 0.538467 0.791995 0.287743 0.000000 -0.341475 0.939891 B 2.000000 4.000000 18.000000 C[purple]
26.152024 29.301492 -42.753568 0.815342 -0.544177 -0.197707 0.578979 0.766333 0.278419 0.000000 -0.341475 0.939891 B 2.000000 4.000000 18.000000 C[purple]
26.020171 22.860225 -25.697057 0.748834 -0.622920 -0.226315 0.662757 0.703822 0.255708 -0.000000 -0.341475 0.939891 B 2.000000 4.000000 18.000000 C[purple]
26.082512 16.720527 -8.398829 0.771405 -0.598095 -0.217296 0.636345 0.725036 0.263416 -0.000000 -0.341475 0.939891 B 2.000000 4.000000 18.000000 C[purple]
26.034841 10.131399 9.096103 0.790043 -0.576201 -0.209342 0.613051 0.742554 0.269780 -0.000000 -0.341475 0.939891 B 2.000000 4.000000 18.000000 C[purple]
25.910571 3.940816 26.092583 0.868274 -0.466266 -0.169401 0.496085 0.816083 0.296494 0.000000 -0.341475 0.939891 B 2.000000 4.000000 18.000000 C[purple]
25.848337 -2.265468 43.249884 0.800745 -0.562999 -0.204546 0.599005 0.752613 0.273435 -0.000000 -0.341475 0.939891 B 2.000000 4.000000 18.000000 C[purple]
26.061191 -8.077921 60.498085 0.784649 -0.582676 -0.211694 0.619941 0.737484 0.267938 -0.000000 -0.341475 0.939891 B 2.000000 4.000000 18.000000 C[purple]
36.677426 -20.166511 -77.666193 0.934093 -0.335568 -0.121917 0.357029 0.877946 0.318970 -0.000000 -0.341475 0.939891 B 2.000000 4.000000 18.000000 C[purple]
36.643185 -26.235938 -60.349463 0.994644 -0.097149 -0.035295 0.103362 0.934857 0.339646 0.000000 -0.341475 0.939891 B 2.000000 4.000000 18.000000 C[purple]
36.745314 29.745720 -43.521285 0.995115 -0.092793 -0.033713 0.098727 0.935299 0.339807 0.000000 -0.341475 0.939891 B 2.000000 4.000000 18.000000 C[purple]
36.744778 23.756229 -26.364377 0.991588 -0.121655 -0.044199 0.129436 0.931984 0.338603 0.000000 -0.341475 0.939891 B 2.000000 4.000000 18.000000 C[purple]
37.182157 17.465492 -9.145656 0.993978 -0.102990 -0.037418 0.109577 0.934231 0.339419 0.000000 -0.341475 0.939891 B 2.000000 4.000000 18.000000 C[purple]
36.920390 10.940134 7.925867 0.991338 -0.123440 -0.044848 0.131335 0.931749 0.338518 -0.000000 -0.341475 0.939891 B 2.000000 4.000000 18.000000 C[purple]
37.018669 4.602225 25.062453 0.886647 -0.434649 -0.157914 0.462446 0.833351 0.302768 0.000000 -0.341475 0.939891 B 2.000000 4.000000 18.000000 C[purple]
37.074042 -1.736377 42.414085 0.974287 -0.211768 -0.076938 0.225311 0.915723 0.332695 0.000000 -0.341475 0.939891 B 2.000000 4.000000 18.000000 C[purple]
36.734058 -7.934579 59.716552 0.976106 -0.204232 -0.074200 0.217293 0.917433 0.333316 -0.000000 -0.341475 0.939891 B 2.000000 4.000000 18.000000 C[purple]
36.846512 -13.932772 76.951144 0.979931 -0.187353 -0.068068 0.199335 0.921028 0.334622 -0.000000 -0.341475 0.939891 B 2.000000 4.000000 18.000000 C[purple]
47.325300 -28.713575 77.266596 0.788641 0.577896 0.209958 -0.614854 0.741236 0.269301 0.000000 -0.341475 0.939891 B 2.000000 4.000000 18.000000 C[purple]
47.394531 27.445947 -77.395087 0.783311 0.584265 0.212272 -0.621630 0.736226 0.267481 0.000000 -0.341475 0.939891 B 2.000000 4.000000 18.000000 C[purple]
47.594799 20.958686 -60.079715 0.637443 0.724184 0.263106 -0.770498 0.599127 0.217671 -0.000000 -0.341475 0.939891 B 2.000000 4.000000 18.000000 C[purple]
47.301870 15.052864 -42.892135 0.547990 0.786204 0.285639 -0.836485 0.515051 0.187125 0.000000 -0.341475 0.939891 B 2.000000 4.000000 18.000000 C[purple]
47.150959 8.916006 -25.804207 0.521610 0.801900 0.291341 -0.853184 0.490257 0.178117 0.000000 -0.341475 0.939891 B 2.000000 4.000000 18.000000 C[purple]
47.003625 2.494143 -8.672274 0.459032 0.835017 0.303373 -0.888420 0.431440 0.156748 -0.000000 -0.341475 0.939891 B 2.000000 4.000000 18.000000 C[purple]
47.279215 -3.909548 8.380976 0.412359 0.856261 0.311091 -0.911021 0.387573 0.140810 0.000000 -0.341475 0.939891 B 2.000000 4.000000 18.000000 C[purple]
47.440870 -9.954427 25.798760 0.501813 0.812983 0.295368 -0.864976 0.471650 0.171357 -0.000000 -0.341475 0.939891 B 2.000000 4.000000 18.000000 C[purple]
47.348535 -16.055112 42.947117 0.772790 0.596513 0.216721 -0.634662 0.726338 0.263889 -0.000000 -0.341475 0.939891 B 2.000000 4.000000 18.000000 C[purple]
47.278661 -22.233516 59.869223 0.560697 0.778249 0.282749 -0.828021 0.526994 0.191464 -0.000000 -0.341475 0.939891 B 2.000000 4.000000 18.000000 C[purple]
31.909881 30.242154 77.567576 0.524675 0.800131 0.290699 -0.851302 0.493137 0.179164 0.000000 -0.341475 0.939891 B 2.000000 4.000000 18.000000 C[purple]
32.066874 23.963200 -77.461257 0.204260 0.920075 0.334276 -0.978917 0.191982 0.069750 -0.000000 -0.341475 0.939891 B 2.000000 4.000000 18.000000 C[purple]
31.917992 17.950157 -60.175411 0.357778 0.877676 0.318872 -0.933806 0.336273 0.122173 0.000000 -0.341475 0.939891 B 2.000000 4.000000 18.000000 C[purple]
32.010818 11.356289 -43.107345 0.230743 0.914528 0.332261 -0.973015 0.216873 0.078793 0.000000 -0.341475 0.939891 B 2.000000 4.000000 18.000000 C[purple]
32.464588 5.146139 -25.895333 0.200547 0.920796 0.334538 -0.979684 0.188492 0.068482 -0.000000 -0.341475 0.939891 B 2.000000 4.000000 18.000000 C[purple]
32.288557 -0.907042 -8.864532 0.305637 0.894915 0.325135 -0.952148 0.287265 0.104367 -0.000000 -0.341475 0.939891 B 2.000000 4.000000 18.000000 C[purple]
32.262181 -7.243521 8.679072 0.045172 0.938931 0.341127 -0.998979 0.042457 0.015425 0.000000 -0.341475 0.939891 B 2.000000 4.000000 18.000000 C[purple]
31.920562 -13.443881 26.057321 0.160633 0.927685 0.337041 -0.987014 0.150977 0.054852 0.000000 -0.341475 0.939891 B 2.000000 4.000000 18.000000 C[purple]
32.065162 -19.800234 43.195034 0.296533 0.897617 0.326117 -0.955023 0.278709 0.101259 0.000000 -0.341475 0.939891 B 2.000000 4.000000 18.000000 C[purple]
32.228139 -26.000398 60.167605 0.552420 0.783461 0.284642 -0.833566 0.519214 0.188638 -0.000000 -0.341475 0.939891 B 2.000000 4.000000 18.000000 C[purple]
-16.987016 6.284282 -77.511381 0.996740 -0.075830 -0.027550 0.080680 0.936827 0.340362 -0.000000 -0.341475 0.939891 B 2.000000 4.000000 18.000000 C[purple]
-17.016867 -0.166747 -60.612790 0.999379 0.033129 0.012036 -0.035247 0.939307 0.341263 -0.000000 -0.341475 0.939891 B 2.000000 4.000000 18.000000 C[purple]
-16.960002 -6.530751 -42.981054 0.992446 0.115306 0.041892 -0.122681 0.932791 0.338896 0.000000 -0.341475 0.939891 B 2.000000 4.000000 18.000000 C[purple]
-17.095154 -12.643038 -25.587194 0.990614 0.128476 0.046677 -0.136692 0.931068 0.338270 0.000000 -0.341475 0.939891 B 2.000000 4.000000 18.000000 C[purple]
-17.375611 -19.171244 -8.379181 0.999940 0.010281 0.003735 -0.010938 0.939834 0.341455 -0.000000 -0.341475 0.939891 B 2.000000 4.000000 18.000000 C[purple]
-17.127930 -25.308642 8.860960 0.999480 0.030319 0.011015 -0.032258 0.939402 0.341298 -0.000000 -0.341475 0.939891 B 2.000000 4.000000 18.000000 C[purple]
-16.913210 30.959004 25.927536 0.996045 -0.083510 -0.030340 0.088850 0.936173 0.340125 0.000000 -0.341475 0.939891 B 2.000000 4.000000 18.000000 C[purple]
-17.046681 24.622857 43.128723 0.999804 0.018590 0.006754 -0.019779 0.939707 0.341409 -0.000000 -0.341475 0.939891 B 2.000000 4.000000 18.000000 C[purple]
-17.055457 18.712441 60.237685 0.986193 0.155646 0.056548 -0.165600 0.926914 0.336761 -0.000000 -0.341475 0.939891 B 2.000000 4.000000 18.000000 C[purple]
-17.107533 12.734481 77.420924 0.999938 0.010493 0.003812 -0.011164 0.939832 0.341454 0.000000 -0.341475 0.939891 B 2.000000 4.000000 18.000000 C[purple]
-34.107145 -30.902122 -77.702791 0.886121 -0.435596 -0.158258 0.463454 0.832857 0.302588 0.000000 -0.341475 0.939891 B 2.000000 4.000000 18.000000 C[purple]
-33.905712 25.180743 -60.437141 0.911316 -0.386960 -0.140588 0.411707 0.856538 0.311192 -0.000000 -0.341475 0.939891 B 2.000000 4.000000 18.000000 C[purple]
-34.257723 18.921763 -43.224664 0.933229 -0.337685 -0.122686 0.359281 0.877134 0.318675 0.000000 -0.341475 0.939891 B 2.000000 4.000000 18.000000 C[purple]
-34.381175 12.817341 -25.749826 0.882802 -0.441509 -0.160406 0.469745 0.829737 0.301455 0.000000 -0.341475 0.939891 B 2.000000 4.000000 18.000000 C[purple]
-34.403166 6.351669 -8.565822 0.873457 -0.457634 -0.166265 0.486901 0.820954 0.298264 0.000000 -0.341475 0.939891 B 2.000000 4.000000 18.000000 C[purple]
-34.360986 -0.113080 8.495010 0.899494 -0.410670 -0.149202 0.436934 0.845426 0.307155 0.000000 -0.341475 0.939891 B 2.000000 4.000000 18.000000 C[purple]
-34.752562 -6.141423 25.777012 0.894084 -0.420976 -0.152947 0.447899 0.840341 0.305308 0.000000 -0.341475 0.939891 B 2.000000 4.000000 18.000000 C[purple]
-34.398412 -12.606653 42.938248 0.899252 -0.411137 -0.149372 0.437431 0.845199 0.307072 -0.000000 -0.341475 0.939891 B 2.000000 4.000000 18.000000 C[purple]
-34.210765 -18.435914 59.976602 0.865966 -0.470041 -0.170773 0.500102 0.813914 0.295706 -0.000000 -0.341475 0.939891 B 2.000000 4.000000 18.000000 C[purple]
-34.275010 -25.053638 77.158576 0.868590 -0.465745 -0.169212 0.495531 0.816380 0.296602 -0.000000 -0.341475 0.939891 B 2.000000 4.000000 18.000000 C[purple]
-31.366739 30.158280 77.011739 -0.995422 -0.089832 -0.032637 0.095577 -0.935588 -0.339912 0.000000 -0.341475 0.939891 B 2.000000 4.000000 18.000000 C[purple]
-31.345288 24.170291 -77.937621 -0.941955 -0.315559 -0.114647 0.335740 -0.885335 -0.321654 0.000000 -0.341475 0.939891 B 2.000000 4.000000 18.000000 C[purple]
-31.698475 17.875229 -61.037275 -0.951629 -0.288782 -0.104918 0.307250 -0.894427 -0.324958 -0.000000 -0.341475 0.939891 B 2.000000 4.000000 18.000000 C[purple]
-31.746706 11.430015 -43.722736 -0.999986 0.004948 0.001798 -0.005264 -0.939878 -0.341471 0.000000 -0.341475 0.939891 B 2.000000 4.000000 18.000000 C[purple]
-31.748108 4.873952 -26.216767 -0.980804 -0.183277 -0.066587 0.194998 -0.921848 -0.334920 0.000000 -0.341475 0.939891 B 2.000000 4.000000 18.000000 C[purple]
-31.451586 -1.290125 -9.186939 -0.993691 -0.105415 -0.038299 0.112157 -0.933960 -0.339321 0.000000 -0.341475 0.939891 B 2.000000 4.000000 18.000000 C[purple]
-31.168757 -7.431190 8.267241 -0.989117 -0.138285 -0.050241 0.147129 -0.929662 -0.337759 0.000000 -0.341475 0.939891 B 2.000000 4.000000 18.000000 C[purple]
-31.221040 -13.252237 25.315564 -0.989313 -0.137041 -0.049789 0.145805 -0.929846 -0.337826 -0.000000 -0.341475 0.939891 B 2.000000 4.000000 18.000000 C[purple]
-31.262878 -19.253162 42.413746 -0.988361 -0.142981 -0.051947 0.152126 -0.928951 -0.337501 0.000000 -0.341475 0.939891 B 2.000000 4.000000 18.000000 C[purple]
-31.582789 -25.847037 59.631943 -0.992710 -0.113283 -0.041157 0.120528 -0.933039 -0.338986 0.000000 -0.341475 0.939891 B 2.000000 4.000000 18.000000 C[purple]
-6.700545 17.647413 -77.545534 0.834339 0.518116 0.188239 -0.551251 0.784188 0.284906 0.000000 -0.341475 0.939891 B 2.000000 4.000000 18.000000 C[purple]
-6.554025 11.494966 -60.006669 0.802183 0.561188 0.203887 -0.597078 0.753965 0.273926 0.000000 -0.341475 0.939891 B 2.000000 4.000000 18.000000 C[purple]
-6.865306 5.358542 -42.914866 0.763122 0.607409 0.220680 -0.646255 0.717251 0.260587 -0.000000 -0.341475 0.939891 B 2.000000 4.000000 18.000000 C[purple]
-6.610596 -1.046716 -25.526815 0.881132 0.444446 0.161474 -0.472870 0.828168 0.300885 0.000000 -0.341475 0.939891 B 2.000000 4.000000 18.000000 C[purple]
-6.672729 -7.248395 -8.126910 0.665421 0.701599 0.254901 -0.746469 0.625423 0.227225 0.000000 -0.341475 0.939891 B 2.000000 4.000000 18.000000 C[purple]
-6.543694 -13.473724 8.895220 0.663291 0.703378 0.255547 -0.748361 0.623421 0.226498 -0.000000 -0.341475 0.939891 B 2.000000 4.000000 18.000000 C[purple]
-6.854935 -19.768712 26.001198 0.768604 0.601272 0.218450 -0.639725 0.722404 0.262459 0.000000 -0.341475 0.939891 B 2.000000 4.000000 18.000000 C[purple]
-6.427790 -26.069794 43.122701 0.819625 0.538464 0.195632 -0.572901 0.770358 0.279882 0.000000 -0.341475 0.939891 B 2.000000 4.000000 18.000000 C[purple]
-6.411267 30.210861 60.197154 0.806509 0.555684 0.201888 -0.591222 0.758030 0.275403 -0.000000 -0.341475 0.939891 B 2.000000 4.000000 18.000000 C[purple]
-6.532253 23.583586 77.298113 0.777661 0.590894 0.214680 -0.628683 0.730917 0.265552 -0.000000 -0.341475 0.939891 B 2.000000 4.000000 18.000000 C[purple]
27.781316 -1.971825 -77.815694 0.083871 0.936579 0.340272 -0.996477 0.078829 0.028640 -0.000000 -0.341475 0.939891 B 2.000000 4.000000 18.000000 C[purple]
27.845245 -8.244725 -60.562481 0.237060 0.913099 0.331742 -0.971495 0.222810 0.080950 -0.000000 -0.341475 0.939891 B 2.000000 4.000000 18.000000 C[purple]
28.046716 -14.579843 -43.367977 0.027480 0.939536 0.341346 -0.999622 0.025828 0.009384 0.000000 -0.341475 0.939891 B 2.000000 4.000000 18.000000 C[purple]
27.926746 -21.042923 -26.006774 0.051575 0.938640 0.341021 -0.998669 0.048475 0.017612 -0.000000 -0.341475 0.939891 B 2.000000 4.000000 18.000000 C[purple]
27.552312 -27.311696 -8.678631 -0.069360 0.937627 0.340653 -0.997592 -0.065191 -0.023685 -0.000000 -0.341475 0.939891 B 2.000000 4.000000 18.000000 C[purple]
27.152852 29.041285 8.358894 0.110944 0.934088 0.339367 -0.993827 0.104276 0.037885 0.000000 -0.341475 0.939891 B 2.000000 4.000000 18.000000 C[purple]
26.875724 22.540817 25.331968 0.178945 0.924720 0.335964 -0.983859 0.168189 0.061105 0.000000 -0.341475 0.939891 B 2.000000 4.000000 18.000000 C[purple]
27.327583 16.461044 42.547175 0.168801 0.926403 0.336575 -0.985650 0.158655 0.057641 -0.000000 -0.341475 0.939891 B 2.000000 4.000000 18.000000 C[purple]
27.490922 10.030230 59.684467 0.290463 0.899369 0.326753 -0.956886 0.273003 0.099186 0.000000 -0.341475 0.939891 B 2.000000 4.000000 18.000000 C[purple]
27.496771 4.063524 77.145420 0.231160 0.914434 0.332227 -0.972916 0.217265 0.078936 -0.000000 -0.341475 0.939891 B 2.000000 4.000000 18.000000 C[purple]
-36.353520 -3.193020 -76.865531 -0.995635 -0.087726 -0.031872 0.093337 -0.935788 -0.339985 -0.000000 -0.341475 0.939891 B 2.000000 4.000000 18.000000 C[purple]
-36.419273 -9.194979 -59.436523 -0.950538 -0.291937 -0.106065 0.310608 -0.893402 -0.324585 -0.000000 -0.341475 0.939891 B 2.000000 4.000000 18.000000 C[purple]
-36.399306 -15.385460 -42.354183 -0.907417 -0.394972 -0.143499 0.420232 -0.852873 -0.309861 0.000000 -0.341475 0.939891 B 2.000000 4.000000 18.000000 C[purple]
-36.106840 -21.525575 -25.430230 -0.940210 -0.320123 -0.116305 0.340596 -0.883695 -0.321059 0.000000 -0.341475 0.939891 B 2.000000 4.000000 18.000000 C[purple]
-36.030772 -27.975855 -8.452018 -0.943574 -0.311256 -0.113084 0.331162 -0.886856 -0.322207 0.000000 -0.341475 0.939891 B 2.000000 4.000000 18.000000 C[purple]
-35.965743 27.848740 8.726786 -0.927554 -0.351228 -0.127606 0.373690 -0.871799 -0.316737 -0.000000 -0.341475 0.939891 B 2.000000 4.000000 18.000000 C[purple]
-36.021557 21.834144 26.104882 -0.973689 -0.214185 -0.077816 0.227883 -0.915161 -0.332491 0.000000 -0.341475 0.939891 B 2.000000 4.000000 18.000000 C[purple]
-36.408787 15.379614 43.375343 -0.959648 -0.264302 -0.096025 0.281205 -0.901964 -0.327696 -0.000000 -0.341475 0.939891 B 2.000000 4.000000 18.000000 C[purple]
-36.339542 9.392068 60.373418 -0.999994 -0.003200 -0.001163 0.003405 -0.939885 -0.341473 -0.000000 -0.341475 0.939891 B 2.000000 4.000000 18.000000 C[purple]
-36.287216 2.755546 77.706933 -0.996335 0.080398 0.029210 -0.085539 -0.936446 -0.340224 0.000000 -0.341475 0.939891 B 2.000000 4.000000 18.000000 C[purple]
-25.572775 -28.844702 -77.524774 0.948665 -0.297270 -0.108002 0.316281 0.891642 0.323946 0.000000 -0.341475 0.939891 B 2.000000 4.000000 18.000000 C[purple]
-25.854875 27.582452 -60.449847 0.982118 -0.176949 -0.064288 0.188266 0.923084 0.335369 0.000000 -0.341475 0.939891 B 2.000000 4.000000 18.000000 C[purple]
-25.788773 21.730529 -43.424685 0.962623 -0.254564 -0.092487 0.270845 0.904760 0.328712 0.000000 -0.341475 0.939891 B 2.000000 4.000000 18.000000 C[purple]
-25.953598 15.193608 -26.236749 0.988333 -0.143155 -0.052010 0.152310 0.928925 0.337491 -0.000000 -0.341475 0.939891 B 2.000000 4.000000 18.000000 C[purple]
-25.818204 8.758371 -9.071278 0.996147 -0.082424 -0.029946 0.087696 0.936270 0.340160 0.000000 -0.341475 0.939891 B 2.000000 4.000000 18.000000 C[purple]
-25.668472 2.734996 8.267163 0.999287 -0.035497 -0.012897 0.037767 0.939220 0.341232 0.000000 -0.341475 0.939891 B 2.000000 4.000000 18.000000 C[purple]
-25.711073 -3.179280 25.560363 0.984005 0.167435 0.060831 -0.178143 0.924857 0.336013 -0.000000 -0.341475 0.939891 B 2.000000 4.000000 18.000000 C[purple]
-25.472367 -9.749620 42.846075 0.973624 0.214444 0.077910 -0.228158 0.915100 0.332469 0.000000 -0.341475 0.939891 B 2.000000 4.000000 18.000000 C[purple]
-25.440466 -16.078607 59.879335 0.996354 -0.080190 -0.029134 0.085318 0.936464 0.340230 -0.000000 -0.341475 0.939891 B 2.000000 4.000000 18.000000 C[purple]
-25.479846 -22.490271 77.179961 0.999886 0.014205 0.005161 -0.015114 0.939783 0.341436 0.000000 -0.341475 0.939891 B 2.000000 4.000000 18.000000 C[purple]
-13.521760 -19.345650 77.661392 0.650793 -0.713617 -0.259267 0.759255 0.611675 0.222230 0.000000 -0.341475 0.939891 B 2.000000 4.000000 18.000000 C[purple]
-13.518687 -25.649139 -77.222221 0.696940 -0.674023 -0.244882 0.717129 0.655048 0.237988 0.000000 -0.341475 0.939891 B 2.000000 4.000000 18.000000 C[purple]
-13.615674 30.370272 -60.302858 0.598928 -0.752668 -0.273455 0.800803 0.562926 0.204519 -0.000000 -0.341475 0.939891 B 2.000000 4.000000 18.000000 C[purple]
-13.343291 24.184660 -42.951772 0.785421 -0.581756 -0.211360 0.618962 0.738210 0.268202 0.000000 -0.341475 0.939891 B 2.000000 4.000000 18.000000 C[purple]
-13.357159 18.195213 -25.898963 0.808903 -0.552601 -0.200768 0.587942 0.760280 0.276220 0.000000 -0.341475 0.939891 B 2.000000 4.000000 18.000000 C[purple]
-13.002093 12.007285 -8.539343 0.735210 -0.637095 -0.231466 0.677840 0.691017 0.251056 -0.000000 -0.341475 0.939891 B 2.000000 4.000000 18.000000 C[purple]
-13.214060 5.983578 8.539755 0.675490 -0.693047 -0.251794 0.737369 0.634887 0.230663 -0.000000 -0.341475 0.939891 B 2.000000 4.000000 18.000000 C[purple]
-13.319882 0.082750 25.718896 0.698905 -0.672223 -0.244228 0.715214 0.656894 0.238659 0.000000 -0.341475 0.939891 B 2.000000 4.000000 18.000000 C[purple]
-13.525715 -6.213718 42.956037 0.658692 -0.707186 -0.256931 0.752413 0.619098 0.224927 0.000000 -0.341475 0.939891 B 2.000000 4.000000 18.000000 C[purple]
-13.219209 -12.795926 60.299576 0.645843 -0.717579 -0.260706 0.763470 0.607022 0.220539 -0.000000 -0.341475 0.939891 B 2.000000 4.000000 18.000000 C[purple]
-33.034102 17.926937 -77.325508 0.991239 0.124140 0.045102 -0.132079 0.931656 0.338484 0.000000 -0.341475 0.939891 B 2.000000 4.000000 18.000000 C[purple]
-33.112158 11.988667 -60.293276 0.995215 0.091837 0.033366 -0.097711 0.935393 0.339841 0.000000 -0.341475 0.939891 B 2.000000 4.000000 18.000000 C[purple]
-32.988315 5.742216 -43.250787 0.961644 0.257814 0.093667 -0.274302 0.903840 0.328378 0.000000 -0.341475 0.939891 B 2.000000 4.000000 18.000000 C[purple]
-33.358149 -0.545140 -25.766804 0.954327 0.280806 0.102021 -0.298765 0.896963 0.325879 0.000000 -0.341475 0.939891 B 2.000000 4.000000 18.000000 C[purple]
-33.158514 -6.817522 -8.397849 0.975086 0.208491 0.075748 -0.221825 0.916475 0.332968 0.000000 -0.341475 0.939891 B 2.000000 4.000000 18.000000 C[purple]
-33.368555 -13.067082 8.956646 0.997663 0.064217 0.023331 -0.068324 0.937694 0.340677 0.000000 -0.341475 0.939891 B 2.000000 4.000000 18.000000 C[purple]
-33.056829 -19.405944 26.036673 0.998959 -0.042875 -0.015577 0.045617 0.938912 0.341120 0.000000 -0.341475 0.939891 B 2.000000 4.000000 18.000000 C[purple]
-32.654720 -25.661004 43.369723 0.997973 -0.059808 -0.021729 0.063633 0.937986 0.340783 0.000000 -0.341475 0.939891 B 2.000000 4.000000 18.000000 C[purple]
-32.684136 30.383335 60.339394 0.987518 0.148037 0.053784 -0.157505 0.928159 0.337213 -0.000000 -0.341475 0.939891 B 2.000000 4.000000 18.000000 C[purple]
-32.980075 24.031437 77.486076 0.998037 0.058868 0.021387 -0.062632 0.938045 0.340805 0.000000 -0.341475 0.939891 B 2.000000 4.000000 18.000000 C[purple]
0.910955 3.955757 77.945854 0.387073 0.866625 0.314857 -0.922049 0.363807 0.132176 -0.000000 -0.341475 0.939891 B 2.000000 4.000000 18.000000 C[purple]
0.941719 -2.244613 -76.998962 0.525043 0.799918 0.290621 -0.851076 0.493483 0.179289 -0.000000 -0.341475 0.939891 B 2.000000 4.000000 18.000000 C[purple]
1.247819 -8.744939 -59.994503 0.503489 0.812067 0.295035 -0.864001 0.473225 0.171929 0.000000 -0.341475 0.939891 B 2.000000 4.000000 18.000000 C[purple]
0.970879 -15.013163 -43.084033 0.494162 0.817112 0.296868 -0.869370 0.464459 0.168744 0.000000 -0.341475 0.939891 B 2.000000 4.000000 18.000000 C[purple]
0.934315 -21.283766 -25.679531 0.455549 0.836701 0.303985 -0.890211 0.428166 0.155559 0.000000 -0.341475 0.939891 B 2.000000 4.000000 18.000000 C[purple]
0.932075 -27.447796 -8.600195 0.421994 0.852103 0.309581 -0.906598 0.396629 0.144101 0.000000 -0.341475 0.939891 B 2.000000 4.000000 18.000000 C[purple]
1.155495 28.902869 8.655777 0.613738 0.742053 0.269598 -0.789510 0.576847 0.209576 0.000000 -0.341475 0.939891 B 2.000000 4.000000 18.000000 C[purple]
1.133521 22.520799 26.011983 0.359115 0.877194 0.318697 -0.933293 0.337529 0.122629 -0.000000 -0.341475 0.939891 B 2.000000 4.000000 18.000000 C[purple]
1.105769 16.611135 43.204550 0.414997 0.855134 0.310682 -0.909823 0.390052 0.141711 0.000000 -0.341475 0.939891 B 2.000000 4.000000 18.000000 C[purple]
0.873645 10.589536 60.536311 0.338742 0.884324 0.321287 -0.940879 0.318381 0.115672 0.000000 -0.341475 0.939891 B 2.000000 4.000000 18.000000 C[purple]
-5.968773 -0.072323 77.437105 -0.636063 0.725255 0.263495 -0.771637 -0.597829 -0.217200 0.000000 -0.341475 0.939891 B 2.000000 4.000000 18.000000 C[purple]
-6.168519 -5.974664 -77.400200 -0.660187 0.705953 0.256483 -0.751101 -0.620504 -0.225438 0.000000 -0.341475 0.939891 B 2.000000 4.000000 18.000000 C[purple]
-6.090625 -12.469574 -60.395753 -0.578000 0.766986 0.278657 -0.816037 -0.543256 -0.197373 0.000000 -0.341475 0.939891 B 2.000000 4.000000 18.000000 C[purple]
-5.725838 -18.556840 -42.899765 -0.582260 0.764133 0.277620 -0.813002 -0.547261 -0.198828 0.000000 -0.341475 0.939891 B 2.000000 4.000000 18.000000 C[purple]
-5.898406 -25.005015 -25.511996 -0.596079 0.754662 0.274179 -0.802925 -0.560250 -0.203546 -0.000000 -0.341475 0.939891 B 2.000000 4.000000 18.000000 C[purple]
-5.805782 31.153812 -8.579441 -0.684077 0.685565 0.249075 -0.729410 -0.642958 -0.233595 0.000000 -0.341475 0.939891 B 2.000000 4.000000 18.000000 C[purple]
-6.002516 25.101512 8.411610 -0.765518 0.604739 0.219710 -0.643415 -0.719503 -0.261406 -0.000000 -0.341475 0.939891 B 2.000000 4.000000 18.000000 C[purple]
-5.967378 18.904156 25.802735 -0.471956 0.828628 0.301052 -0.881622 -0.443587 -0.161161 0.000000 -0.341475 0.939891 B 2.000000 4.000000 18.000000 C[purple]
-5.944408 12.769661 43.178006 -0.735671 0.636624 0.231295 -0.677339 -0.691451 -0.251214 -0.000000 -0.341475 0.939891 B 2.000000 4.000000 18.000000 C[purple]
-5.799647 6.093476 60.284939 -0.741410 0.630716 0.229148 -0.671053 -0.696844 -0.253173 0.000000 -0.341475 0.939891 B 2.000000 4.000000 18.000000 C[purple]
-35.069098 9.615635 -77.399591 0.694779 -0.675991 -0.245597 0.719223 0.653016 0.237250 0.000000 -0.341475 0.939891 B 2.000000 4.000000 18.000000 C[purple]
-35.264701 3.113756 -60.298749 0.604607 -0.748645 -0.271993 0.796524 0.568265 0.206458 -0.000000 -0.341475 0.939891 B 2.000000 4.000000 18.000000 C[purple]
-34.996116 -2.918274 -42.958778 0.439495 -0.844252 -0.306729 0.898245 0.413077 0.150077 0.000000 -0.341475 0.939891 B 2.000000 4.000000 18.000000 C[purple]
-34.940197 -8.919066 -25.480611 0.498898 -0.814566 -0.295943 0.866661 0.468909 0.170361 0.000000 -0.341475 0.939891 B 2.000000 4.000000 18.000000 C[purple]
-34.907158 -14.996657 -8.501083 0.449306 -0.839678 -0.305067 0.893378 0.422298 0.153427 0.000000 -0.341475 0.939891 B 2.000000 4.000000 18.000000 C[purple]
-35.112069 -21.302648 8.795625 0.680847 -0.688400 -0.250105 0.732426 0.639922 0.232492 0.000000 -0.341475 0.939891 B 2.000000 4.000000 18.000000 C[purple]
-35.235637 -27.375930 25.764485 0.817710 -0.541030 -0.196564 0.575631 0.768558 0.279228 -0.000000 -0.341475 0.939891 B 2.000000 4.000000 18.000000 C[purple]
-35.443141 28.523466 42.953047 0.745919 -0.626002 -0.227435 0.666037 0.701082 0.254713 -0.000000 -0.341475 0.939891 B 2.000000 4.000000 18.000000 C[purple]
-35.222162 22.325830 59.950882 0.727058 -0.645306 -0.234449 0.686576 0.683355 0.248272 0.000000 -0.341475 0.939891 B 2.000000 4.000000 18.000000 C[purple]
-35.101764 15.842099 77.304457 0.552020 -0.783710 -0.284733 0.833831 0.518839 0.188501 0.000000 -0.341475 0.939891 B 2.000000 4.000000 18.000000 C[purple]
-11.426537 0.013375 -77.437757 0.961922 0.256896 0.093334 -0.273325 0.904101 0.328473 -0.000000 -0.341475 0.939891 B 2.000000 4.000000 18.000000 C[purple]
-11.661139 -6.431021 -60.312249 0.979352 0.190008 0.069033 -0.202160 0.920484 0.334425 -0.000000 -0.341475 0.939891 B 2.000000 4.000000 18.000000 C[purple]
-11.534983 -12.563875 -42.949491 0.995191 0.092062 0.033447 -0.097949 0.935371 0.339833 -0.000000 -0.341475 0.939891 B 2.000000 4.000000 18.000000 C[purple]
-11.571227 -18.548354 -25.807745 0.996941 -0.073457 -0.026688 0.078155 0.937016 0.340431 0.000000 -0.341475 0.939891 B 2.000000 4.000000 18.000000 C[purple]
-11.700016 -24.593639 -8.568136 0.988742 0.140636 0.051095 -0.149631 0.929309 0.337631 0.000000 -0.341475 0.939891 B 2.000000 4.000000 18.000000 C[purple]
-11.507181 -30.609815 8.582695 0.995961 0.084394 0.030661 -0.089791 0.936094 0.340096 -0.000000 -0.341475 0.939891 B 2.000000 4.000000 18.000000 C[purple]
-11.312933 25.292955 25.576906 0.988332 0.143159 0.052012 -0.152314 0.928924 0.337491 0.000000 -0.341475 0.939891 B 2.000000 4.000000 18.000000 C[purple]
-11.359181 19.048538 42.889175 0.863555 0.473945 0.172191 -0.504255 0.811647 0.294883 -0.000000 -0.341475 0.939891 B 2.000000 4.000000 18.000000 C[purple]
-11.253481 12.403257 59.908905 0.906783 0.396256 0.143965 -0.421598 0.852277 0.309644 0.000000 -0.341475 0.939891 B 2.000000 4.000000 18.000000 C[purple]
-11.339989 6.024792 77.094590 0.984618 0.164219 0.059663 -0.174721 0.925433 0.336223 0.000000 -0.341475 0.939891 B 2.000000 4.000000 18.000000 C[purple]
19.579767 -8.632748 -77.326677 0.879455 0.447371 0.162536 -0.475982 0.826592 0.300312 0.000000 -0.341475 0.939891 B 2.000000 4.000000 18.000000 C[purple]
19.384480 -14.568141 -59.863489 0.797750 0.566743 0.205905 -0.602988 0.749798 0.272412 0.000000 -0.341475 0.939891 B 2.000000 4.000000 18.000000 C[purple]
19.488355 -20.724810 -42.728572 0.878589 0.448872 0.163081 -0.477579 0.825778 0.300017 0.000000 -0.341475 0.939891 B 2.000000 4.000000 18.000000 C[purple]
19.822730 -26.922430 -25.644820 0.886305 0.435266 0.158138 -0.463103 0.833029 0.302651 -0.000000 -0.341475 0.939891 B 2.000000 4.000000 18.000000 C[purple]
19.645439 29.361128 -8.393568 0.737259 0.635000 0.230704 -0.675610 0.692943 0.251756 0.000000 -0.341475 0.939891 B 2.000000 4.000000 18.000000 C[purple]
19.516554 23.204757 8.831081 0.930965 0.343162 0.124676 -0.365109 0.875005 0.317902 0.000000 -0.341475 0.939891 B 2.000000 4.000000 18.000000 C[purple]
19.585530 16.581499 25.990421 0.839026 0.511387 0.185794 -0.544092 0.788593 0.286507 0.000000 -0.341475 0.939891 B 2.000000 4.000000 18.000000 C[purple]
19.568840 10.375011 43.509389 0.692521 0.678035 0.246339 -0.721397 0.650894 0.236479 -0.000000 -0.341475 0.939891 B 2.000000 4.000000 18.000000 C[purple]
19.628995 3.990377 60.413203 0.737076 0.635187 0.230772 -0.675810 0.692771 0.251693 0.000000 -0.341475 0.939891 B 2.000000 4.000000 18.000000 C[purple]
19.483424 -2.249405 77.304952 0.791855 0.574000 0.208542 -0.610710 0.744257 0.270399 0.000000 -0.341475 0.939891 B 2.000000 4.000000 18.000000 C[purple]
-40.323848 0.196290 -77.425672 0.775187 -0.593759 -0.215721 0.631732 0.728591 0.264707 -0.000000 -0.341475 0.939891 B 2.000000 4.000000 18.000000 C[purple]
-40.328256 -5.728553 -60.033496 0.701831 -0.669525 -0.243248 0.712343 0.659645 0.239658 0.000000 -0.341475 0.939891 B 2.000000 4.000000 18.000000 C[purple]
-40.299853 -12.165267 -43.190145 0.665931 -0.701171 -0.254745 0.746013 0.625902 0.227399 -0.000000 -0.341475 0.939891 B 2.000000 4.000000 18.000000 C[purple]
-40.493408 -18.230970 -25.816655 0.634232 -0.726670 -0.264009 0.773143 0.596109 0.216575 -0.000000 -0.341475 0.939891 B 2.000000 4.000000 18.000000 C[purple]
-40.551591 -24.828973 -8.828796 0.657984 -0.707768 -0.257142 0.753032 0.618433 0.224685 -0.000000 -0.341475 0.939891 B 2.000000 4.000000 18.000000 C[purple]
-40.356650 -30.895631 8.458855 0.594509 -0.755756 -0.274577 0.804089 0.558773 0.203010 -0.000000 -0.341475 0.939891 B 2.000000 4.000000 18.000000 C[purple]
-40.224220 25.244350 25.488320 0.593548 -0.756422 -0.274819 0.804798 0.557871 0.202682 0.000000 -0.341475 0.939891 B 2.000000 4.000000 18.000000 C[purple]
-40.440605 18.726094 42.875959 0.658629 -0.707237 -0.256949 0.752468 0.619040 0.224906 0.000000 -0.341475 0.939891 B 2.000000 4.000000 18.000000 C[purple]
-40.658588 12.657522 59.942562 0.537249 -0.792726 -0.288008 0.843423 0.504956 0.183457 0.000000 -0.341475 0.939891 B 2.000000 4.000000 18.000000 C[purple]
-40.365629 6.610244 77.402204 0.583967 -0.762982 -0.277202 0.811778 0.548865 0.199410 -0.000000 -0.341475 0.939891 B 2.000000 4.000000 18.000000 C[purple]
17.132469 22.411298 -76.734510 0.914167 0.380974 0.138413 -0.405339 0.859217 0.312165 -0.000000 -0.341475 0.939891 B 2.000000 4.000000 18.000000 C[purple]
17.365391 16.246670 -59.741235 0.912417 0.384661 0.139753 -0.409262 0.857572 0.311568 0.000000 -0.341475 0.939891 B 2.000000 4.000000 18.000000 C[purple]
17.295506 9.997214 -42.839431 0.973647 0.214351 0.077877 -0.228060 0.915122 0.332477 0.000000 -0.341475 0.939891 B 2.000000 4.000000 18.000000 C[purple]
17.334950 3.480078 -25.319505 0.919778 0.368849 0.134008 -0.392438 0.864491 0.314082 -0.000000 -0.341475 0.939891 B 2.000000 4.000000 18.000000 C[purple]
17.077677 -2.727363 -8.361522 0.867777 0.467083 0.169698 -0.496954 0.815615 0.296324 -0.000000 -0.341475 0.939891 B 2.000000 4.000000 18.000000 C[purple]
17.106649 -9.022596 9.260634 0.936023 0.330783 0.120178 -0.351938 0.879760 0.319629 -0.000000 -0.341475 0.939891 B 2.000000 4.000000 18.000000 C[purple]
17.117351 -15.351179 26.456941 0.837460 0.513649 0.186616 -0.546499 0.787121 0.285972 0.000000 -0.341475 0.939891 B 2.000000 4.000000 18.000000 C[purple]
17.211790 -21.670466 43.436860 0.895653 0.418019 0.151872 -0.444753 0.841816 0.305844 0.000000 -0.341475 0.939891 B 2.000000 4.000000 18.000000 C[purple]
17.090146 -27.615466 60.722299 0.854951 0.487530 0.177127 -0.518710 0.803560 0.291945 0.000000 -0.341475 0.939891 B 2.000000 4.000000 18.000000 C[purple]
17.028754 28.490013 77.798752 0.877101 0.451434 0.164012 -0.480305 0.824379 0.299509 0.000000 -0.341475 0.939891 B 2.000000 4.000000 18.000000 C[purple]
-11.756994 -12.402043 77.250781 -0.753322 -0.618121 -0.224572 0.657652 -0.708040 -0.257241 -0.000000 -0.341475 0.939891 B 2.000000 4.000000 18.000000 C[purple]
-11.547710 -18.840595 -77.700025 -0.697671 -0.673355 -0.244639 0.716418 -0.655734 -0.238237 -0.000000 -0.341475 0.939891 B 2.000000 4.000000 18.000000 C[purple]
-11.479394 -25.318688 -60.357137 -0.787213 -0.579612 -0.210581 0.616681 -0.739895 -0.268814 -0.000000 -0.341475 0.939891 B 2.000000 4.000000 18.000000 C[purple]
-11.630356 31.143231 -43.155586 -0.881717 -0.443420 -0.161101 0.471778 -0.828718 -0.301085 -0.000000 -0.341475 0.939891 B 2.000000 4.000000 18.000000 C[purple]
-11.615838 24.481535 -25.955239 -0.834580 -0.517774 -0.188114 0.550887 -0.784414 -0.284988 0.000000 -0.341475 0.939891 B 2.000000 4.000000 18.000000 C[purple]
-11.175764 18.239490 -8.822861 -0.805901 -0.556463 -0.202171 0.592050 -0.757459 -0.275195 0.000000 -0.341475 0.939891 B 2.000000 4.000000 18.000000 C[purple]
-11.256969 12.073068 8.672178 -0.782488 -0.585238 -0.212625 0.622666 -0.735453 -0.267200 0.000000 -0.341475 0.939891 B 2.000000 4.000000 18.000000 C[purple]
-11.124768 5.992024 25.750916 -0.861922 -0.476563 -0.173142 0.507040 -0.810113 -0.294325 0.000000 -0.341475 0.939891 B 2.000000 4.000000 18.000000 C[purple]
-11.231964 -0.367632 43.162073 -0.881078 -0.444542 -0.161508 0.472972 -0.828117 -0.300866 -0.000000 -0.341475 0.939891 B 2.000000 4.000000 18.000000 C[purple]
-11.496694 -6.423116 60.178941 -0.761768 -0.608908 -0.221225 0.647850 -0.715979 -0.260125 -0.000000 -0.341475 0.939891 B 2.000000 4.000000 18.000000 C[purple]
-18.466589 -20.331699 -77.793199 0.942789 -0.313350 -0.113844 0.333390 0.886119 0.321939 -0.000000 -0.341475 0.939891 B 2.000000 4.000000 18.000000 C[purple]
-18.327420 -26.344461 -60.738074 0.934311 -0.335033 -0.121722 0.356459 0.878150 0.319044 0.000000 -0.341475 0.939891 B 2.000000 4.000000 18.000000 C[purple]
-18.528948 29.973150 -43.588948 0.950248 -0.292769 -0.106367 0.311493 0.893130 0.324486 -0.000000 -0.341475 0.939891 B 2.000000 4.000000 18.000000 C[purple]
-18.689691 23.532124 -26.215925 0.945150 -0.307004 -0.111539 0.326638 0.888337 0.322745 0.000000 -0.341475 0.939891 B 2.000000 4.000000 18.000000 C[purple]
-18.650863 17.308994 -8.606522 0.891382 -0.426008 -0.154775 0.453252 0.837802 0.304385 0.000000 -0.341475 0.939891 B 2.000000 4.000000 18.000000 C[purple]
-18.567569 11.107523 8.337645 0.760740 -0.610042 -0.221637 0.649056 0.715013 0.259774 0.000000 -0.341475 0.939891 B 2.000000 4.000000 18.000000 C[purple]
-18.569123 5.136598 25.562885 0.819934 -0.538048 -0.195480 0.572458 0.770649 0.279987 0.000000 -0.341475 0.939891 B 2.000000 4.000000 18.000000 C[purple]
-18.467528 -0.877389 42.835131 0.856265 -0.485489 -0.176385 0.516537 0.804795 0.292393 -0.000000 -0.341475 0.939891 B 2.000000 4.000000 18.000000 C[purple]
-18.621359 -7.366466 59.820946 0.906367 -0.397095 -0.144270 0.422490 0.851886 0.309502 0.000000 -0.341475 0.939891 B 2.000000 4.000000 18.000000 C[purple]
-18.751641 -13.849370 77.182158 0.960570 -0.261324 -0.094943 0.278037 0.902831 0.328011 -0.000000 -0.341475 0.939891 B 2.000000 4.000000 18.000000 C[purple]
12.706502 1.186480 77.298262 -0.700243 -0.670992 -0.243781 0.713905 -0.658152 -0.239116 0.000000 -0.341475 0.939891 B 2.000000 4.000000 18.000000 C[purple]
12.781371 -5.221000 -77.625271 -0.561486 -0.777747 -0.282566 0.827486 -0.527735 -0.191734 -0.000000 -0.341475 0.939891 B 2.000000 4.000000 18.000000 C[purple]
12.849178 -11.454847 -60.517438 -0.302189 -0.895949 -0.325511 0.953248 -0.284024 -0.103190 -0.000000 -0.341475 0.939891 B 2.000000 4.000000 18.000000 C[purple]
12.843117 -17.601507 -43.511358 -0.079753 -0.936897 -0.340388 0.996815 -0.074960 -0.027234 0.000000 -0.341475 0.939891 B 2.000000 4.000000 18.000000 C[purple]
12.712598 -23.850747 -26.130202 -0.388847 -0.865924 -0.314602 0.921302 -0.365474 -0.132782 0.000000 -0.341475 0.939891 B 2.000000 4.000000 18.000000 C[purple]
12.917099 -30.037933 -8.939550 -0.352475 -0.879570 -0.319560 0.935821 -0.331288 -0.120362 -0.000000 -0.341475 0.939891 B 2.000000 4.000000 18.000000 C[purple]
12.932781 25.924678 8.465176 -0.451991 -0.838404 -0.304604 0.892022 -0.424822 -0.154344 -0.000000 -0.341475 0.939891 B 2.000000 4.000000 18.000000 C[purple]
12.759307 19.620464 25.861798 -0.712142 -0.659836 -0.239728 0.702035 -0.669336 -0.243179 0.000000 -0.341475 0.939891 B 2.000000 4.000000 18.000000 C[purple]
13.050848 13.477953 43.293233 -0.640667 -0.721666 -0.262191 0.767819 -0.602157 -0.218772 0.000000 -0.341475 0.939891 B 2.000000 4.000000 18.000000 C[purple]
12.809524 7.467170 60.277860 -0.453133 -0.837859 -0.304406 0.891443 -0.425895 -0.154734 -0.000000 -0.341475 0.939891 B 2.000000 4.000000 18.000000 C[purple]
-31.233278 -6.915014 -77.852013 0.269701 0.905062 0.328822 -0.962944 0.253489 0.092096 0.000000 -0.341475 0.939891 B 2.000000 4.000000 18.000000 C[purple]
-31.320711 -13.270870 -60.739809 0.527167 0.798683 0.290173 -0.849762 0.495479 0.180014 -0.000000 -0.341475 0.939891 B 2.000000 4.000000 18.000000 C[purple]
-31.569011 -19.858238 -43.487011 0.505913 0.810735 0.294551 -0.862585 0.475502 0.172757 0.000000 -0.341475 0.939891 B 2.000000 4.000000 18.000000 C[purple]
-31.476832 -26.173123 -26.400616 0.750448 0.621202 0.225691 -0.660930 0.705339 0.256259 0.000000 -0.341475 0.939891 B 2.000000 4.000000 18.000000 C[purple]
-31.510901 30.139263 -9.332347 0.740279 0.631888 0.229574 -0.672300 0.695782 0.252787 0.000000 -0.341475 0.939891 B 2.000000 4.000000 18.000000 C[purple]
-31.549488 24.042487 8.063389 0.617295 0.739442 0.268650 -0.786732 0.580190 0.210791 -0.000000 -0.341475 0.939891 B 2.000000 4.000000 18.000000 C[purple]
-31.634455 17.890927 25.414412 0.604673 0.748598 0.271976 -0.796474 0.568327 0.206481 0.000000 -0.341475 0.939891 B 2.000000 4.000000 18.000000 C[purple]
