44.643469 10.228355 77.015751 -0.912548 -0.384388 -0.139653 0.408971 -0.857695 -0.311613 -0.000000 -0.341475 0.939891 B 2.000000 4.000000 18.000000 C[purple]
44.773036 3.756682 -77.734011 -0.852720 -0.490969 -0.178376 0.522368 -0.801464 -0.291183 0.000000 -0.341475 0.939891 B 2.000000 4.000000 18.000000 C[purple]
44.958129 -2.447739 -60.524066 -0.933787 -0.336321 -0.122190 0.357830 -0.877657 -0.318865 -0.000000 -0.341475 0.939891 B 2.000000 4.000000 18.000000 C[purple]
44.967300 -8.866935 -43.159149 -0.991351 -0.123350 -0.044815 0.131239 -0.931761 -0.338522 -0.000000 -0.341475 0.939891 B 2.000000 4.000000 18.000000 C[purple]
44.974018 -15.136899 -26.207315 -0.983051 -0.172314 -0.062604 0.183334 -0.923960 -0.335688 -0.000000 -0.341475 0.939891 B 2.000000 4.000000 18.000000 C[purple]
45.145435 -21.204497 -9.165148 -0.997682 0.063963 0.023239 -0.068054 -0.937712 -0.340684 0.000000 -0.341475 0.939891 B 2.000000 4.000000 18.000000 C[purple]
45.133760 -27.407438 8.526330 -0.999582 0.027177 0.009874 -0.028915 -0.939498 -0.341333 -0.000000 -0.341475 0.939891 B 2.000000 4.000000 18.000000 C[purple]
44.852724 28.515287 25.566620 -0.999790 -0.019260 -0.006997 0.020491 -0.939693 -0.341404 0.000000 -0.341475 0.939891 B 2.000000 4.000000 18.000000 C[purple]
44.661972 22.397227 42.625864 -0.997255 0.069593 0.025284 -0.074044 -0.937311 -0.340538 -0.000000 -0.341475 0.939891 B 2.000000 4.000000 18.000000 C[purple]
44.568740 16.453512 59.744306 -0.993134 -0.109953 -0.039947 0.116985 -0.933437 -0.339131 -0.000000 -0.341475 0.939891 B 2.000000 4.000000 18.000000 C[purple]
-16.775122 10.516816 -77.388283 0.560109 -0.778623 -0.282885 0.828419 0.526441 0.191264 0.000000 -0.341475 0.939891 B 2.000000 4.000000 18.000000 C[purple]
-16.419604 4.311728 -59.997154 0.442860 -0.842698 -0.306164 0.896591 0.416240 0.151226 -0.000000 -0.341475 0.939891 B 2.000000 4.000000 18.000000 C[purple]
-16.749817 -1.896466 -43.047361 0.520213 -0.802701 -0.291632 0.854036 0.488944 0.177640 0.000000 -0.341475 0.939891 B 2.000000 4.000000 18.000000 C[purple]
-16.959567 -8.164067 -26.010635 0.759100 -0.611845 -0.222292 0.650974 0.713471 0.259214 0.000000 -0.341475 0.939891 B 2.000000 4.000000 18.000000 C[purple]
-17.153106 -14.226151 -8.636288 0.695889 -0.674982 -0.245230 0.718149 0.654060 0.237629 0.000000 -0.341475 0.939891 B 2.000000 4.000000 18.000000 C[purple]
-17.159207 -20.503518 8.844211 0.806771 -0.555348 -0.201766 0.590865 0.758276 0.275492 0.000000 -0.341475 0.939891 B 2.000000 4.000000 18.000000 C[purple]
-16.940291 -26.888406 25.877885 0.853503 -0.489765 -0.177938 0.521087 0.802200 0.291450 0.000000 -0.341475 0.939891 B 2.000000 4.000000 18.000000 C[purple]
-16.929831 29.538623 43.246863 0.809208 -0.552207 -0.200625 0.587523 0.760567 0.276325 0.000000 -0.341475 0.939891 B 2.000000 4.000000 18.000000 C[purple]
-17.089833 23.072990 60.464148 0.534661 -0.794270 -0.288569 0.845067 0.502523 0.182574 0.000000 -0.341475 0.939891 B 2.000000 4.000000 18.000000 C[purple]
-16.803153 16.946772 77.501019 0.475039 -0.827071 -0.300486 0.879965 0.446485 0.162214 -0.000000 -0.341475 0.939891 B 2.000000 4.000000 18.000000 C[purple]
33.828224 -28.564485 -77.233432 0.330736 0.886997 0.322258 -0.943723 0.310856 0.112938 0.000000 -0.341475 0.939891 B 2.000000 4.000000 18.000000 C[purple]
34.146830 27.784332 -60.055311 0.488945 0.819880 0.297874 -0.872314 0.459555 0.166963 0.000000 -0.341475 0.939891 B 2.000000 4.000000 18.000000 C[purple]
34.153661 21.089822 -42.645324 0.493943 0.817230 0.296911 -0.869494 0.464252 0.168669 -0.000000 -0.341475 0.939891 B 2.000000 4.000000 18.000000 C[purple]
33.833771 14.955246 -25.627650 0.645560 0.717803 0.260788 -0.763709 0.606756 0.220443 -0.000000 -0.341475 0.939891 B 2.000000 4.000000 18.000000 C[purple]
33.741955 8.745068 -8.381178 0.864949 0.471693 0.171373 -0.501859 0.812958 0.295359 0.000000 -0.341475 0.939891 B 2.000000 4.000000 18.000000 C[purple]
33.635777 2.481854 8.706212 0.897203 0.415074 0.150802 -0.441619 0.843272 0.306373 -0.000000 -0.341475 0.939891 B 2.000000 4.000000 18.000000 C[purple]
33.621787 -3.744053 26.257263 0.950669 0.291561 0.105928 -0.310207 0.893525 0.324630 0.000000 -0.341475 0.939891 B 2.000000 4.000000 18.000000 C[purple]
33.575664 -9.811199 43.263808 0.769621 0.600121 0.218032 -0.638501 0.723360 0.262807 -0.000000 -0.341475 0.939891 B 2.000000 4.000000 18.000000 C[purple]
33.748476 -15.788373 60.505118 0.775209 0.593734 0.215712 -0.631705 0.728612 0.264715 -0.000000 -0.341475 0.939891 B 2.000000 4.000000 18.000000 C[purple]
33.830655 -22.312154 77.593466 0.715660 0.656466 0.238503 -0.698449 0.672642 0.244380 0.000000 -0.341475 0.939891 B 2.000000 4.000000 18.000000 C[purple]
16.588636 -26.802618 77.508226 -0.306146 -0.894761 -0.325079 0.951984 -0.287744 -0.104541 -0.000000 -0.341475 0.939891 B 2.000000 4.000000 18.000000 C[purple]
16.707121 29.108740 -77.394918 -0.286082 -0.900608 -0.327204 0.958205 -0.268886 -0.097690 0.000000 -0.341475 0.939891 B 2.000000 4.000000 18.000000 C[purple]
16.397991 23.093142 -60.189433 -0.505209 -0.811123 -0.294692 0.862997 -0.474842 -0.172517 0.000000 -0.341475 0.939891 B 2.000000 4.000000 18.000000 C[purple]
16.408618 16.978210 -42.816432 -0.642683 -0.720081 -0.261615 0.766133 -0.604051 -0.219460 0.000000 -0.341475 0.939891 B 2.000000 4.000000 18.000000 C[purple]
16.179511 10.697593 -25.934416 -0.735542 -0.636757 -0.231343 0.677480 -0.691329 -0.251169 0.000000 -0.341475 0.939891 B 2.000000 4.000000 18.000000 C[purple]
15.990854 4.539111 -8.572307 -0.520048 -0.802795 -0.291667 0.854137 -0.488789 -0.177584 0.000000 -0.341475 0.939891 B 2.000000 4.000000 18.000000 C[purple]
16.178179 -1.740020 8.948970 -0.383618 -0.867982 -0.315350 0.923492 -0.360559 -0.130996 0.000000 -0.341475 0.939891 B 2.000000 4.000000 18.000000 C[purple]
16.366959 -7.760765 26.131023 -0.218802 -0.917116 -0.333201 0.975769 -0.205650 -0.074716 0.000000 -0.341475 0.939891 B 2.000000 4.000000 18.000000 C[purple]
16.276742 -14.359610 43.523142 -0.211062 -0.918717 -0.333783 0.977473 -0.198375 -0.072073 -0.000000 -0.341475 0.939891 B 2.000000 4.000000 18.000000 C[purple]
16.407605 -20.622198 60.461841 -0.005399 -0.939877 -0.341470 0.999985 -0.005075 -0.001844 0.000000 -0.341475 0.939891 B 2.000000 4.000000 18.000000 C[purple]
34.656572 15.917201 -77.236575 -0.803558 0.559448 0.203255 -0.595227 -0.755256 -0.274395 0.000000 -0.341475 0.939891 B 2.000000 4.000000 18.000000 C[purple]
34.709413 9.467495 -60.359884 -0.754872 0.616448 0.223964 -0.655872 -0.709497 -0.257770 0.000000 -0.341475 0.939891 B 2.000000 4.000000 18.000000 C[purple]
34.574584 3.263035 -43.201575 -0.697024 0.673947 0.244854 -0.717048 -0.655126 -0.238016 -0.000000 -0.341475 0.939891 B 2.000000 4.000000 18.000000 C[purple]
34.885805 -2.865660 -25.912787 -0.765750 0.604479 0.219616 -0.643138 -0.719722 -0.261485 0.000000 -0.341475 0.939891 B 2.000000 4.000000 18.000000 C[purple]
34.790078 -9.343066 -8.550258 -0.902093 0.405602 0.147361 -0.431541 -0.847869 -0.308043 -0.000000 -0.341475 0.939891 B 2.000000 4.000000 18.000000 C[purple]
34.595347 -15.283590 8.677205 -0.932404 0.339693 0.123415 -0.361418 -0.876358 -0.318393 0.000000 -0.341475 0.939891 B 2.000000 4.000000 18.000000 C[purple]
34.856538 -21.390238 25.815626 -0.900965 0.407812 0.148164 -0.433893 -0.846808 -0.307657 -0.000000 -0.341475 0.939891 B 2.000000 4.000000 18.000000 C[purple]
34.841018 -27.674800 43.006342 -0.809689 0.551583 0.200398 -0.586859 -0.761019 -0.276489 -0.000000 -0.341475 0.939891 B 2.000000 4.000000 18.000000 C[purple]
34.931335 28.491208 60.439432 -0.907879 0.394033 0.143158 -0.419232 -0.853307 -0.310018 -0.000000 -0.341475 0.939891 B 2.000000 4.000000 18.000000 C[purple]
34.544568 22.183679 77.812302 -0.913787 0.381778 0.138705 -0.406194 -0.858860 -0.312036 0.000000 -0.341475 0.939891 B 2.000000 4.000000 18.000000 C[purple]
-49.442605 -26.702774 77.846128 0.512985 0.806800 0.293122 -0.858398 0.482150 0.175172 -0.000000 -0.341475 0.939891 B 2.000000 4.000000 18.000000 C[purple]
-49.216592 29.325767 -77.248856 0.524388 0.800298 0.290759 -0.851479 0.492867 0.179066 -0.000000 -0.341475 0.939891 B 2.000000 4.000000 18.000000 C[purple]
-49.314128 22.824653 -60.161082 0.413618 0.855724 0.310896 -0.910451 0.388756 0.141240 0.000000 -0.341475 0.939891 B 2.000000 4.000000 18.000000 C[purple]
-49.478370 16.200488 -42.941521 0.368643 0.873695 0.317426 -0.929571 0.346484 0.125882 -0.000000 -0.341475 0.939891 B 2.000000 4.000000 18.000000 C[purple]
-49.943962 9.966098 -25.705414 0.379393 0.869620 0.315945 -0.925236 0.356588 0.129553 0.000000 -0.341475 0.939891 B 2.000000 4.000000 18.000000 C[purple]
-49.925852 3.851342 -8.251640 0.322649 0.889624 0.323213 -0.946519 0.303255 0.110177 -0.000000 -0.341475 0.939891 B 2.000000 4.000000 18.000000 C[purple]
-49.794500 -2.397642 8.744436 0.457450 0.835784 0.303652 -0.889235 0.429953 0.156208 -0.000000 -0.341475 0.939891 B 2.000000 4.000000 18.000000 C[purple]
-49.753349 -8.784960 25.969895 0.537840 0.792372 0.287880 -0.843047 0.505511 0.183659 -0.000000 -0.341475 0.939891 B 2.000000 4.000000 18.000000 C[purple]
-49.570431 -14.841964 43.115710 0.439746 0.844137 0.306687 -0.898122 0.413313 0.150162 0.000000 -0.341475 0.939891 B 2.000000 4.000000 18.000000 C[purple]
-49.295119 -20.824472 60.564313 0.403079 0.860155 0.312506 -0.915165 0.378850 0.137641 0.000000 -0.341475 0.939891 B 2.000000 4.000000 18.000000 C[purple]
28.857050 12.724778 77.034620 -0.063686 0.937983 0.340782 -0.997970 -0.059858 -0.021747 0.000000 -0.341475 0.939891 B 2.000000 4.000000 18.000000 C[purple]
28.592015 6.584859 -77.579569 -0.227251 0.915300 0.332541 -0.973836 -0.213591 -0.077601 0.000000 -0.341475 0.939891 B 2.000000 4.000000 18.000000 C[purple]
28.213472 0.369264 -60.085904 -0.189697 0.922825 0.335275 -0.981843 -0.178295 -0.064777 0.000000 -0.341475 0.939891 B 2.000000 4.000000 18.000000 C[purple]
28.214667 -6.162500 -42.929451 -0.396599 0.862812 0.313472 -0.917992 -0.372759 -0.135429 -0.000000 -0.341475 0.939891 B 2.000000 4.000000 18.000000 C[purple]
28.289280 -12.370665 -25.821719 -0.162149 0.927452 0.336956 -0.986766 -0.152403 -0.055370 -0.000000 -0.341475 0.939891 B 2.000000 4.000000 18.000000 C[purple]
27.998062 -18.673214 -8.548148 -0.414705 0.855259 0.310728 -0.909956 -0.389777 -0.141611 -0.000000 -0.341475 0.939891 B 2.000000 4.000000 18.000000 C[purple]
28.040032 -24.833273 8.508508 -0.208206 0.919293 0.333992 -0.978085 -0.195691 -0.071097 -0.000000 -0.341475 0.939891 B 2.000000 4.000000 18.000000 C[purple]
28.372355 -31.156608 25.927655 -0.050915 0.938672 0.341033 -0.998703 -0.047854 -0.017386 -0.000000 -0.341475 0.939891 B 2.000000 4.000000 18.000000 C[purple]
28.660305 25.234800 43.005798 -0.024335 0.939612 0.341374 -0.999704 -0.022872 -0.008310 0.000000 -0.341475 0.939891 B 2.000000 4.000000 18.000000 C[purple]
28.972043 19.047631 60.088084 0.057093 0.938358 0.340918 -0.998369 0.053662 0.019496 -0.000000 -0.341475 0.939891 B 2.000000 4.000000 18.000000 C[purple]
38.168294 23.925119 77.572127 0.709999 0.661874 0.240468 -0.704203 0.667322 0.242447 0.000000 -0.341475 0.939891 B 2.000000 4.000000 18.000000 C[purple]
38.180156 17.640363 -77.290439 0.742367 0.629721 0.228786 -0.669994 0.697744 0.253500 -0.000000 -0.341475 0.939891 B 2.000000 4.000000 18.000000 C[purple]
38.395709 11.373224 -59.962321 0.591691 0.757707 0.275285 -0.806165 0.556125 0.202048 -0.000000 -0.341475 0.939891 B 2.000000 4.000000 18.000000 C[purple]
38.483866 5.355349 -42.839160 0.733528 0.638806 0.232087 -0.679660 0.689436 0.250482 -0.000000 -0.341475 0.939891 B 2.000000 4.000000 18.000000 C[purple]
38.430122 -1.019105 -25.305535 0.875726 0.453787 0.164867 -0.482808 0.823087 0.299039 -0.000000 -0.341475 0.939891 B 2.000000 4.000000 18.000000 C[purple]
38.418167 -7.116525 -8.140544 0.941272 0.317354 0.115299 -0.337650 0.884693 0.321421 0.000000 -0.341475 0.939891 B 2.000000 4.000000 18.000000 C[purple]
38.550755 -13.211505 8.861780 0.909547 0.390619 0.141917 -0.415600 0.854875 0.310588 -0.000000 -0.341475 0.939891 B 2.000000 4.000000 18.000000 C[purple]
38.472261 -19.603946 25.796157 0.865824 0.470272 0.170856 -0.500348 0.813780 0.295658 -0.000000 -0.341475 0.939891 B 2.000000 4.000000 18.000000 C[purple]
38.621496 -25.912027 42.985283 0.827569 0.527621 0.191692 -0.561364 0.777824 0.282594 -0.000000 -0.341475 0.939891 B 2.000000 4.000000 18.000000 C[purple]
38.401950 30.266107 60.406209 0.719568 0.652680 0.237128 -0.694422 0.676316 0.245715 0.000000 -0.341475 0.939891 B 2.000000 4.000000 18.000000 C[purple]
-28.692872 16.227559 -77.368958 0.448309 0.840148 0.305238 -0.893878 0.421362 0.153087 -0.000000 -0.341475 0.939891 B 2.000000 4.000000 18.000000 C[purple]
-28.980971 10.058128 -60.299945 0.312021 0.892967 0.324427 -0.950075 0.293266 0.106548 -0.000000 -0.341475 0.939891 B 2.000000 4.000000 18.000000 C[purple]
-29.107250 3.452378 -43.109368 0.215021 0.917906 0.333488 -0.976609 0.202096 0.073424 -0.000000 -0.341475 0.939891 B 2.000000 4.000000 18.000000 C[purple]
-28.967730 -2.604030 -25.804828 0.359125 0.877190 0.318695 -0.933289 0.337538 0.122632 0.000000 -0.341475 0.939891 B 2.000000 4.000000 18.000000 C[purple]
-29.347042 -8.840237 -8.341956 0.420999 0.852538 0.309739 -0.907061 0.395693 0.143761 0.000000 -0.341475 0.939891 B 2.000000 4.000000 18.000000 C[purple]
-29.088547 -15.133879 8.607551 0.319237 0.890711 0.323608 -0.947675 0.300048 0.109012 0.000000 -0.341475 0.939891 B 2.000000 4.000000 18.000000 C[purple]
-28.807999 -21.172601 25.641798 0.351048 0.880074 0.319743 -0.936357 0.329947 0.119874 0.000000 -0.341475 0.939891 B 2.000000 4.000000 18.000000 C[purple]
-29.146685 -27.381912 42.717039 0.230869 0.914499 0.332250 -0.972985 0.216991 0.078836 -0.000000 -0.341475 0.939891 B 2.000000 4.000000 18.000000 C[purple]
-28.865564 28.770537 59.631893 0.371055 0.872793 0.317098 -0.928611 0.348751 0.126706 0.000000 -0.341475 0.939891 B 2.000000 4.000000 18.000000 C[purple]
-28.641711 22.616214 77.003344 0.519617 0.803042 0.291756 -0.854399 0.488383 0.177436 -0.000000 -0.341475 0.939891 B 2.000000 4.000000 18.000000 C[purple]
-38.108051 17.810539 77.538326 0.818564 0.539888 0.196149 -0.574415 0.769361 0.279519 -0.000000 -0.341475 0.939891 B 2.000000 4.000000 18.000000 C[purple]
-38.235394 11.616402 -77.278533 0.660120 0.706008 0.256503 -0.751160 0.620441 0.225415 0.000000 -0.341475 0.939891 B 2.000000 4.000000 18.000000 C[purple]
-38.046412 5.069646 -59.853805 0.706928 0.664771 0.241521 -0.707286 0.664435 0.241398 0.000000 -0.341475 0.939891 B 2.000000 4.000000 18.000000 C[purple]
-37.971028 -1.351163 -42.713376 0.421742 0.852214 0.309621 -0.906716 0.396392 0.144015 0.000000 -0.341475 0.939891 B 2.000000 4.000000 18.000000 C[purple]
-38.049362 -7.803262 -25.418256 0.627380 0.731906 0.265912 -0.778713 0.589668 0.214235 -0.000000 -0.341475 0.939891 B 2.000000 4.000000 18.000000 C[purple]
-37.971222 -14.035302 -8.190451 0.817011 0.541962 0.196902 -0.576623 0.767901 0.278989 0.000000 -0.341475 0.939891 B 2.000000 4.000000 18.000000 C[purple]
-38.217854 -20.057100 8.980065 0.900185 0.409329 0.148715 -0.435507 0.846076 0.307391 0.000000 -0.341475 0.939891 B 2.000000 4.000000 18.000000 C[purple]
-38.211115 -26.011837 25.998232 0.843090 0.505447 0.183636 -0.537772 0.792413 0.287895 0.000000 -0.341475 0.939891 B 2.000000 4.000000 18.000000 C[purple]
-38.492610 30.246627 43.023177 0.776344 0.592422 0.215235 -0.630309 0.729679 0.265102 -0.000000 -0.341475 0.939891 B 2.000000 4.000000 18.000000 C[purple]
-38.290474 24.032817 60.046556 0.880912 0.444832 0.161614 -0.473281 0.827961 0.300810 0.000000 -0.341475 0.939891 B 2.000000 4.000000 18.000000 C[purple]
-9.306921 13.505547 77.402537 0.928058 -0.350050 -0.127178 0.372437 0.872273 0.316909 -0.000000 -0.341475 0.939891 B 2.000000 4.000000 18.000000 C[purple]
-9.394673 7.511414 -77.155496 0.952290 -0.286849 -0.104216 0.305194 0.895049 0.325184 0.000000 -0.341475 0.939891 B 2.000000 4.000000 18.000000 C[purple]
-9.634128 1.103936 -60.075823 0.954521 -0.280222 -0.101809 0.298143 0.897145 0.325945 0.000000 -0.341475 0.939891 B 2.000000 4.000000 18.000000 C[purple]
-9.504336 -4.864028 -42.854635 0.956233 -0.275019 -0.099918 0.292608 0.898754 0.326530 0.000000 -0.341475 0.939891 B 2.000000 4.000000 18.000000 C[purple]
-9.308792 -10.896951 -25.648321 0.959309 -0.265387 -0.096419 0.282359 0.901645 0.327580 -0.000000 -0.341475 0.939891 B 2.000000 4.000000 18.000000 C[purple]
-9.620780 -17.366573 -8.544149 0.924835 -0.357504 -0.129886 0.380368 0.869244 0.315809 0.000000 -0.341475 0.939891 B 2.000000 4.000000 18.000000 C[purple]
-9.601952 -23.342847 8.759454 0.968568 -0.233797 -0.084942 0.248749 0.910348 0.330742 0.000000 -0.341475 0.939891 B 2.000000 4.000000 18.000000 C[purple]
-9.363231 -29.830701 25.750935 0.972791 -0.217757 -0.079114 0.231684 0.914317 0.332184 0.000000 -0.341475 0.939891 B 2.000000 4.000000 18.000000 C[purple]
-9.699409 26.235275 42.719398 0.968306 -0.234752 -0.085289 0.249765 0.910102 0.330653 0.000000 -0.341475 0.939891 B 2.000000 4.000000 18.000000 C[purple]
-9.479360 19.908629 59.821383 0.963751 -0.250765 -0.091106 0.266802 0.905821 0.329097 0.000000 -0.341475 0.939891 B 2.000000 4.000000 18.000000 C[purple]
18.641862 -15.456087 77.582915 0.519833 -0.802919 -0.291712 0.854268 0.488586 0.177510 -0.000000 -0.341475 0.939891 B 2.000000 4.000000 18.000000 C[purple]
18.850367 -21.984193 -77.350290 0.537856 -0.792362 -0.287876 0.843037 0.505526 0.183665 0.000000 -0.341475 0.939891 B 2.000000 4.000000 18.000000 C[purple]
19.006572 -28.267458 -60.438182 0.658298 -0.707510 -0.257048 0.752758 0.618728 0.224792 -0.000000 -0.341475 0.939891 B 2.000000 4.000000 18.000000 C[purple]
19.158326 28.058519 -43.275264 0.822603 -0.534436 -0.194168 0.568615 0.773157 0.280899 -0.000000 -0.341475 0.939891 B 2.000000 4.000000 18.000000 C[purple]
19.133991 21.691269 -26.059283 0.980557 -0.184439 -0.067009 0.196234 0.921616 0.334836 0.000000 -0.341475 0.939891 B 2.000000 4.000000 18.000000 C[purple]
18.974460 15.645957 -8.753086 0.920219 -0.367877 -0.133655 0.391404 0.864905 0.314232 0.000000 -0.341475 0.939891 B 2.000000 4.000000 18.000000 C[purple]
19.000618 9.242820 8.671379 0.823703 -0.532938 -0.193624 0.567021 0.774191 0.281274 -0.000000 -0.341475 0.939891 B 2.000000 4.000000 18.000000 C[purple]
18.831100 3.122127 25.719106 0.644235 -0.718854 -0.261170 0.764828 0.605510 0.219990 -0.000000 -0.341475 0.939891 B 2.000000 4.000000 18.000000 C[purple]
18.629291 -3.126817 42.928243 0.376092 -0.870886 -0.316405 0.926582 0.353486 0.128426 -0.000000 -0.341475 0.939891 B 2.000000 4.000000 18.000000 C[purple]
18.418912 -9.506217 60.193597 0.611127 -0.743954 -0.270289 0.791532 0.574393 0.208685 0.000000 -0.341475 0.939891 B 2.000000 4.000000 18.000000 C[purple]
12.347480 24.143279 -77.814424 0.851999 -0.492073 -0.178777 0.523543 0.800786 0.290937 0.000000 -0.341475 0.939891 B 2.000000 4.000000 18.000000 C[purple]
12.399503 17.728117 -60.284710 0.822516 -0.534556 -0.194212 0.568743 0.773075 0.280869 0.000000 -0.341475 0.939891 B 2.000000 4.000000 18.000000 C[purple]
12.245892 11.504049 -43.301200 0.871408 -0.461072 -0.167514 0.490559 0.819028 0.297564 0.000000 -0.341475 0.939891 B 2.000000 4.000000 18.000000 C[purple]
12.076166 5.431202 -26.085919 0.927562 -0.351208 -0.127599 0.373668 0.871807 0.316740 0.000000 -0.341475 0.939891 B 2.000000 4.000000 18.000000 C[purple]
12.461983 -0.923427 -8.650095 0.942588 -0.313884 -0.114039 0.333958 0.885930 0.321871 -0.000000 -0.341475 0.939891 B 2.000000 4.000000 18.000000 C[purple]
12.399715 -6.931809 8.889682 0.909215 -0.391301 -0.142165 0.416326 0.854563 0.310475 0.000000 -0.341475 0.939891 B 2.000000 4.000000 18.000000 C[purple]
12.318040 -13.219121 25.817478 0.831933 -0.521523 -0.189477 0.554876 0.781926 0.284085 0.000000 -0.341475 0.939891 B 2.000000 4.000000 18.000000 C[purple]
11.991054 -19.485237 43.042892 0.708252 -0.663525 -0.241068 0.705959 0.665680 0.241851 0.000000 -0.341475 0.939891 B 2.000000 4.000000 18.000000 C[purple]
12.102572 -26.053455 60.063055 0.702448 -0.668953 -0.243040 0.711735 0.660225 0.239869 -0.000000 -0.341475 0.939891 B 2.000000 4.000000 18.000000 C[purple]
12.211198 30.306009 77.143625 0.734241 -0.638082 -0.231824 0.678889 0.690106 0.250725 0.000000 -0.341475 0.939891 B 2.000000 4.000000 18.000000 C[purple]
41.811731 24.339469 77.119630 0.990864 0.126757 0.046053 -0.134864 0.931304 0.338356 0.000000 -0.341475 0.939891 B 2.000000 4.000000 18.000000 C[purple]
41.665006 17.838386 -77.827627 0.985503 0.159461 0.057934 -0.169659 0.926265 0.336525 0.000000 -0.341475 0.939891 B 2.000000 4.000000 18.000000 C[purple]
41.799224 11.412501 -60.429103 0.999777 -0.019846 -0.007211 0.021116 0.939681 0.341399 0.000000 -0.341475 0.939891 B 2.000000 4.000000 18.000000 C[purple]
41.811157 5.594471 -43.361742 0.989137 0.138161 0.050196 -0.146997 0.929681 0.337766 0.000000 -0.341475 0.939891 B 2.000000 4.000000 18.000000 C[purple]
42.063282 -0.700114 -25.972231 0.996797 0.075165 0.027309 -0.079972 0.936880 0.340382 0.000000 -0.341475 0.939891 B 2.000000 4.000000 18.000000 C[purple]
41.888192 -6.727198 -8.715501 0.998790 -0.046231 -0.016796 0.049188 0.938753 0.341062 0.000000 -0.341475 0.939891 B 2.000000 4.000000 18.000000 C[purple]
42.217397 -12.654936 8.416957 0.998568 -0.050283 -0.018269 0.053499 0.938545 0.340986 -0.000000 -0.341475 0.939891 B 2.000000 4.000000 18.000000 C[purple]
41.997483 -19.006879 25.840135 0.979451 -0.189558 -0.068869 0.201681 0.920577 0.334459 0.000000 -0.341475 0.939891 B 2.000000 4.000000 18.000000 C[purple]
42.077279 -25.240321 43.218409 0.998826 0.045539 0.016545 -0.048451 0.938787 0.341074 0.000000 -0.341475 0.939891 B 2.000000 4.000000 18.000000 C[purple]
42.066037 30.782404 60.097053 0.999952 -0.009194 -0.003340 0.009782 0.939846 0.341459 0.000000 -0.341475 0.939891 B 2.000000 4.000000 18.000000 C[purple]
41.423967 -27.844861 -77.394518 -0.436754 -0.845508 -0.307185 0.899581 -0.410501 -0.149141 -0.000000 -0.341475 0.939891 B 2.000000 4.000000 18.000000 C[purple]
41.207737 28.425016 -59.851536 -0.328888 -0.887603 -0.322479 0.944369 -0.309119 -0.112307 -0.000000 -0.341475 0.939891 B 2.000000 4.000000 18.000000 C[purple]
41.477509 22.343755 -42.655629 -0.340712 -0.883655 -0.321044 0.940168 -0.320232 -0.116345 -0.000000 -0.341475 0.939891 B 2.000000 4.000000 18.000000 C[purple]
41.182770 16.269064 -25.515063 -0.123806 -0.932660 -0.338848 0.992306 -0.116364 -0.042277 0.000000 -0.341475 0.939891 B 2.000000 4.000000 18.000000 C[purple]
41.419446 10.048427 -8.541486 -0.119395 -0.933168 -0.339033 0.992847 -0.112218 -0.040770 0.000000 -0.341475 0.939891 B 2.000000 4.000000 18.000000 C[purple]
41.169986 3.847528 8.515372 0.027800 -0.939527 -0.341343 0.999613 0.026129 0.009493 -0.000000 -0.341475 0.939891 B 2.000000 4.000000 18.000000 C[purple]
41.434527 -2.446186 25.847775 -0.258993 -0.907821 -0.329824 0.965879 -0.243425 -0.088440 -0.000000 -0.341475 0.939891 B 2.000000 4.000000 18.000000 C[purple]
41.179529 -8.874331 43.155853 -0.444749 -0.841818 -0.305844 0.895655 -0.418015 -0.151871 -0.000000 -0.341475 0.939891 B 2.000000 4.000000 18.000000 C[purple]
41.243100 -14.959513 60.471116 -0.472115 -0.828548 -0.301023 0.881537 -0.443737 -0.161216 0.000000 -0.341475 0.939891 B 2.000000 4.000000 18.000000 C[purple]
41.200308 -21.408282 77.304219 -0.404453 -0.859585 -0.312299 0.914559 -0.380142 -0.138111 0.000000 -0.341475 0.939891 B 2.000000 4.000000 18.000000 C[purple]
24.554601 17.664496 -77.272940 0.119497 0.933156 0.339029 -0.992835 0.112314 0.040805 -0.000000 -0.341475 0.939891 B 2.000000 4.000000 18.000000 C[purple]
24.662031 11.524763 -59.692087 0.165928 0.926862 0.336742 -0.986138 0.155954 0.056660 -0.000000 -0.341475 0.939891 B 2.000000 4.000000 18.000000 C[purple]
24.615583 5.301435 -42.622113 0.177373 0.924988 0.336061 -0.984144 0.166711 0.060568 -0.000000 -0.341475 0.939891 B 2.000000 4.000000 18.000000 C[purple]
24.668395 -1.189884 -25.631725 0.346898 0.881526 0.320271 -0.937903 0.326046 0.118457 0.000000 -0.341475 0.939891 B 2.000000 4.000000 18.000000 C[purple]
24.559470 -7.256917 -8.663689 0.178200 0.924847 0.336010 -0.983994 0.167489 0.060851 0.000000 -0.341475 0.939891 B 2.000000 4.000000 18.000000 C[purple]
24.228916 -13.507777 8.710787 0.090848 0.936004 0.340063 -0.995865 0.085388 0.031023 -0.000000 -0.341475 0.939891 B 2.000000 4.000000 18.000000 C[purple]
24.233092 -19.786424 25.999499 0.220925 0.916667 0.333038 -0.975291 0.207645 0.075440 -0.000000 -0.341475 0.939891 B 2.000000 4.000000 18.000000 C[purple]
24.234369 -25.934220 43.271884 0.277380 0.903010 0.328076 -0.960760 0.260707 0.094718 0.000000 -0.341475 0.939891 B 2.000000 4.000000 18.000000 C[purple]
24.496611 30.347166 60.288669 0.362225 0.876063 0.318286 -0.932091 0.340452 0.123691 0.000000 -0.341475 0.939891 B 2.000000 4.000000 18.000000 C[purple]
24.318926 23.993988 77.799551 0.325796 0.888611 0.322845 -0.945440 0.306212 0.111251 0.000000 -0.341475 0.939891 B 2.000000 4.000000 18.000000 C[purple]
-29.543515 29.380411 -77.032070 0.143171 0.930208 0.337958 -0.989698 0.134565 0.048889 -0.000000 -0.341475 0.939891 B 2.000000 4.000000 18.000000 C[purple]
-29.375269 23.144917 -60.082163 0.223966 0.916015 0.332801 -0.974597 0.210503 0.076479 -0.000000 -0.341475 0.939891 B 2.000000 4.000000 18.000000 C[purple]
-29.296261 16.793815 -42.868062 0.052863 0.938577 0.340998 -0.998602 0.049685 0.018051 -0.000000 -0.341475 0.939891 B 2.000000 4.000000 18.000000 C[purple]
-29.010524 10.606418 -25.765447 0.223946 0.916019 0.332802 -0.974602 0.210485 0.076472 -0.000000 -0.341475 0.939891 B 2.000000 4.000000 18.000000 C[purple]
-29.167626 4.058301 -8.852242 0.191686 0.922462 0.335143 -0.981456 0.180164 0.065456 0.000000 -0.341475 0.939891 B 2.000000 4.000000 18.000000 C[purple]
-29.068716 -2.415074 8.616778 0.068809 0.937663 0.340666 -0.997630 0.064672 0.023496 -0.000000 -0.341475 0.939891 B 2.000000 4.000000 18.000000 C[purple]
-28.739822 -8.513327 25.969843 0.075052 0.937240 0.340512 -0.997180 0.070541 0.025628 0.000000 -0.341475 0.939891 B 2.000000 4.000000 18.000000 C[purple]
-28.717305 -14.578086 43.034472 -0.091757 0.935926 0.340035 -0.995781 -0.086241 -0.031333 0.000000 -0.341475 0.939891 B 2.000000 4.000000 18.000000 C[purple]
-28.856413 -20.753528 60.482771 0.122611 0.932799 0.338899 -0.992455 0.115241 0.041869 -0.000000 -0.341475 0.939891 B 2.000000 4.000000 18.000000 C[purple]
-29.274452 -26.977944 77.700695 0.239555 0.912524 0.331533 -0.970883 0.225156 0.081802 0.000000 -0.341475 0.939891 B 2.000000 4.000000 18.000000 C[purple]
30.408367 -18.704970 77.837122 0.966548 0.241070 0.087584 -0.256487 0.908449 0.330052 0.000000 -0.341475 0.939891 B 2.000000 4.000000 18.000000 C[purple]
30.109352 -24.825757 -77.030224 0.996431 0.079335 0.028824 -0.084409 0.936536 0.340257 0.000000 -0.341475 0.939891 B 2.000000 4.000000 18.000000 C[purple]
30.055188 -31.088228 -59.986083 0.996363 -0.080091 -0.029098 0.085213 0.936472 0.340233 0.000000 -0.341475 0.939891 B 2.000000 4.000000 18.000000 C[purple]
30.103981 24.844505 -43.059249 0.999768 -0.020225 -0.007348 0.021518 0.939673 0.341396 0.000000 -0.341475 0.939891 B 2.000000 4.000000 18.000000 C[purple]
29.810954 18.683926 -25.806353 0.997381 0.067977 0.024697 -0.072324 0.937429 0.340581 0.000000 -0.341475 0.939891 B 2.000000 4.000000 18.000000 C[purple]
29.810446 12.248532 -8.213884 0.970943 0.224924 0.081718 -0.239309 0.912581 0.331553 -0.000000 -0.341475 0.939891 B 2.000000 4.000000 18.000000 C[purple]
29.681431 6.327004 9.077916 0.914437 0.380401 0.138205 -0.404729 0.859470 0.312258 0.000000 -0.341475 0.939891 B 2.000000 4.000000 18.000000 C[purple]
29.611894 0.239823 26.144523 0.999918 0.012004 0.004361 -0.012771 0.939814 0.341448 -0.000000 -0.341475 0.939891 B 2.000000 4.000000 18.000000 C[purple]
29.918670 -5.878775 43.279523 0.984271 0.166044 0.060326 -0.176663 0.925108 0.336104 -0.000000 -0.341475 0.939891 B 2.000000 4.000000 18.000000 C[purple]
29.984199 -12.584525 60.619718 0.975021 0.208763 0.075846 -0.222114 0.916413 0.332946 -0.000000 -0.341475 0.939891 B 2.000000 4.000000 18.000000 C[purple]
-24.291102 13.304511 77.856341 -0.942147 0.315051 0.114462 -0.335200 -0.885515 -0.321720 -0.000000 -0.341475 0.939891 B 2.000000 4.000000 18.000000 C[purple]
-24.332467 6.971721 -76.898417 -0.999943 -0.010051 -0.003652 0.010694 -0.939837 -0.341456 0.000000 -0.341475 0.939891 B 2.000000 4.000000 18.000000 C[purple]
-24.317578 1.020120 -59.611548 -0.966598 0.240891 0.087519 -0.256297 -0.908497 -0.330069 -0.000000 -0.341475 0.939891 B 2.000000 4.000000 18.000000 C[purple]
-24.164370 -5.578070 -42.449518 -0.956555 0.274027 0.099558 -0.291552 -0.899057 -0.326640 0.000000 -0.341475 0.939891 B 2.000000 4.000000 18.000000 C[purple]
-23.918874 -11.858716 -25.190076 -0.997442 0.067179 0.024407 -0.071475 -0.937487 -0.340602 -0.000000 -0.341475 0.939891 B 2.000000 4.000000 18.000000 C[purple]
-24.237220 -18.052027 -8.126853 -0.998083 -0.058172 -0.021135 0.061893 -0.938089 -0.340821 -0.000000 -0.341475 0.939891 B 2.000000 4.000000 18.000000 C[purple]
-24.325907 -24.351676 8.818436 -0.997606 0.064998 0.023615 -0.069155 -0.937641 -0.340658 -0.000000 -0.341475 0.939891 B 2.000000 4.000000 18.000000 C[purple]
-24.122870 -30.743377 25.790519 -0.985604 0.158905 0.057732 -0.169067 -0.926361 -0.336560 0.000000 -0.341475 0.939891 B 2.000000 4.000000 18.000000 C[purple]
-24.330969 25.655432 42.920516 -0.970033 0.228370 0.082970 -0.242975 -0.911725 -0.331242 0.000000 -0.341475 0.939891 B 2.000000 4.000000 18.000000 C[purple]
-24.321667 19.456125 60.398202 -0.997840 -0.061742 -0.022432 0.065691 -0.937861 -0.340738 0.000000 -0.341475 0.939891 B 2.000000 4.000000 18.000000 C[purple]
23.684967 14.479975 -76.983171 -0.399105 -0.861791 -0.313101 0.916905 -0.375115 -0.136284 0.000000 -0.341475 0.939891 B 2.000000 4.000000 18.000000 C[purple]
23.630555 8.031814 -60.144734 -0.417729 -0.853958 -0.310255 0.908572 -0.392620 -0.142644 0.000000 -0.341475 0.939891 B 2.000000 4.000000 18.000000 C[purple]
23.754916 2.137565 -42.954931 -0.491903 -0.818316 -0.297305 0.870650 -0.462335 -0.167973 -0.000000 -0.341475 0.939891 B 2.000000 4.000000 18.000000 C[purple]
23.633666 -3.859488 -25.852562 -0.402450 -0.860415 -0.312601 0.915442 -0.378259 -0.137427 -0.000000 -0.341475 0.939891 B 2.000000 4.000000 18.000000 C[purple]
23.250974 -10.096753 -8.933148 -0.428623 -0.849175 -0.308517 0.903483 -0.402859 -0.146364 -0.000000 -0.341475 0.939891 B 2.000000 4.000000 18.000000 C[purple]
23.529071 -16.281587 8.440372 -0.451593 -0.838593 -0.304673 0.892224 -0.424448 -0.154208 -0.000000 -0.341475 0.939891 B 2.000000 4.000000 18.000000 C[purple]
23.850430 -22.344253 25.583241 -0.396933 -0.862676 -0.313422 0.917848 -0.373074 -0.135543 0.000000 -0.341475 0.939891 B 2.000000 4.000000 18.000000 C[purple]
23.911046 -28.905332 42.946148 -0.406373 -0.858785 -0.312009 0.913707 -0.381946 -0.138766 0.000000 -0.341475 0.939891 B 2.000000 4.000000 18.000000 C[purple]
23.812282 27.149356 60.433255 -0.370700 -0.872926 -0.317146 0.928753 -0.348418 -0.126585 -0.000000 -0.341475 0.939891 B 2.000000 4.000000 18.000000 C[purple]
23.973428 20.663331 77.491140 -0.399851 -0.861485 -0.312990 0.916580 -0.375816 -0.136539 -0.000000 -0.341475 0.939891 B 2.000000 4.000000 18.000000 C[purple]
29.702850 -13.602761 77.197761 0.956822 0.273202 0.099258 -0.290674 0.899308 0.326731 -0.000000 -0.341475 0.939891 B 2.000000 4.000000 18.000000 C[purple]
29.832059 -19.591397 -77.393388 0.898176 0.413211 0.150125 -0.439637 0.844187 0.306705 0.000000 -0.341475 0.939891 B 2.000000 4.000000 18.000000 C[purple]
29.638227 -25.495005 -60.298969 0.963367 0.252067 0.091579 -0.268187 0.905460 0.328966 -0.000000 -0.341475 0.939891 B 2.000000 4.000000 18.000000 C[purple]
29.436221 30.956570 -42.977610 0.988690 0.140959 0.051212 -0.149974 0.929260 0.337613 0.000000 -0.341475 0.939891 B 2.000000 4.000000 18.000000 C[purple]
29.704916 24.526875 -25.782050 0.964021 0.249846 0.090773 -0.265825 0.906075 0.329190 0.000000 -0.341475 0.939891 B 2.000000 4.000000 18.000000 C[purple]
29.794332 18.157072 -8.770325 0.993788 0.104604 0.038004 -0.111294 0.934052 0.339354 0.000000 -0.341475 0.939891 B 2.000000 4.000000 18.000000 C[purple]
29.747683 11.907149 8.197047 0.944884 0.307725 0.111801 -0.327405 0.888088 0.322655 -0.000000 -0.341475 0.939891 B 2.000000 4.000000 18.000000 C[purple]
29.915375 5.331085 25.466955 0.975158 0.208196 0.075640 -0.221511 0.916542 0.332992 0.000000 -0.341475 0.939891 B 2.000000 4.000000 18.000000 C[purple]
30.030131 -0.793189 42.831954 0.974122 0.212436 0.077181 -0.226022 0.915568 0.332639 -0.000000 -0.341475 0.939891 B 2.000000 4.000000 18.000000 C[purple]
29.713662 -6.916602 59.831238 0.949583 0.294670 0.107058 -0.313515 0.892504 0.324259 -0.000000 -0.341475 0.939891 B 2.000000 4.000000 18.000000 C[purple]
20.465868 12.118622 77.325996 0.299209 0.896832 0.325832 -0.954188 0.281224 0.102172 -0.000000 -0.341475 0.939891 B 2.000000 4.000000 18.000000 C[purple]
20.166401 6.001567 -77.488133 0.522530 0.801370 0.291149 -0.852621 0.491122 0.178431 -0.000000 -0.341475 0.939891 B 2.000000 4.000000 18.000000 C[purple]
20.153931 -0.373018 -60.389368 0.302951 0.895722 0.325428 -0.953006 0.284741 0.103450 0.000000 -0.341475 0.939891 B 2.000000 4.000000 18.000000 C[purple]
19.922426 -6.647084 -42.942633 0.534969 0.794087 0.288503 -0.844872 0.502812 0.182679 -0.000000 -0.341475 0.939891 B 2.000000 4.000000 18.000000 C[purple]
20.009740 -13.148726 -25.866369 0.641890 0.720705 0.261842 -0.766797 0.603306 0.219190 0.000000 -0.341475 0.939891 B 2.000000 4.000000 18.000000 C[purple]
19.875010 -19.599611 -8.412920 0.775419 0.593491 0.215623 -0.631447 0.728809 0.264787 -0.000000 -0.341475 0.939891 B 2.000000 4.000000 18.000000 C[purple]
20.200819 -25.892726 8.644920 0.762155 0.608480 0.221069 -0.647394 0.716343 0.260257 0.000000 -0.341475 0.939891 B 2.000000 4.000000 18.000000 C[purple]
20.454336 30.599507 25.709516 0.688038 0.682055 0.247800 -0.725674 0.646681 0.234948 -0.000000 -0.341475 0.939891 B 2.000000 4.000000 18.000000 C[purple]
20.572232 24.511232 42.824565 0.460074 0.834511 0.303189 -0.887881 0.432419 0.157104 -0.000000 -0.341475 0.939891 B 2.000000 4.000000 18.000000 C[purple]
20.373485 18.522281 59.938781 0.623584 0.734765 0.266950 -0.781756 0.586101 0.212939 0.000000 -0.341475 0.939891 B 2.000000 4.000000 18.000000 C[purple]
-22.730910 6.146404 77.031604 -0.815209 0.544354 0.197771 -0.579167 -0.766207 -0.278374 0.000000 -0.341475 0.939891 B 2.000000 4.000000 18.000000 C[purple]
-23.154071 -0.009621 -77.876101 -0.824679 0.531603 0.193139 -0.565601 -0.775108 -0.281608 -0.000000 -0.341475 0.939891 B 2.000000 4.000000 18.000000 C[purple]
-23.079616 -6.232769 -60.754799 -0.570388 0.772003 0.280480 -0.821376 -0.536102 -0.194773 -0.000000 -0.341475 0.939891 B 2.000000 4.000000 18.000000 C[purple]
-23.035497 -12.560977 -43.469654 -0.793083 0.572500 0.207997 -0.609113 -0.745411 -0.270818 0.000000 -0.341475 0.939891 B 2.000000 4.000000 18.000000 C[purple]
-22.833726 -18.690195 -26.468217 -0.907832 0.394127 0.143192 -0.419333 -0.853263 -0.310002 0.000000 -0.341475 0.939891 B 2.000000 4.000000 18.000000 C[purple]
-22.863146 -25.304820 -9.104714 -0.870460 0.462651 0.168088 -0.492239 -0.818137 -0.297241 -0.000000 -0.341475 0.939891 B 2.000000 4.000000 18.000000 C[purple]
-22.953089 31.135086 8.281202 -0.968453 0.234217 0.085094 -0.249196 -0.910240 -0.330703 0.000000 -0.341475 0.939891 B 2.000000 4.000000 18.000000 C[purple]
-22.670127 24.825779 25.816284 -0.957883 0.269897 0.098057 -0.287158 -0.900306 -0.327094 0.000000 -0.341475 0.939891 B 2.000000 4.000000 18.000000 C[purple]
-22.907965 18.670998 42.787464 -0.918415 0.371839 0.135094 -0.395619 -0.863210 -0.313616 0.000000 -0.341475 0.939891 B 2.000000 4.000000 18.000000 C[purple]
-22.689749 12.569249 60.127716 -0.919399 0.369683 0.134311 -0.393326 -0.864135 -0.313952 0.000000 -0.341475 0.939891 B 2.000000 4.000000 18.000000 C[purple]
29.444157 29.590661 77.721140 0.999176 0.038151 0.013861 -0.040591 0.939116 0.341194 0.000000 -0.341475 0.939891 B 2.000000 4.000000 18.000000 C[purple]
29.494857 23.058905 -77.330079 0.996081 0.083133 0.030203 -0.088449 0.936207 0.340137 -0.000000 -0.341475 0.939891 B 2.000000 4.000000 18.000000 C[purple]
29.501221 16.795199 -60.363859 0.974302 0.211706 0.076916 -0.225246 0.915737 0.332700 0.000000 -0.341475 0.939891 B 2.000000 4.000000 18.000000 C[purple]
29.602449 10.327584 -43.255504 0.977444 0.198500 0.072118 -0.211195 0.918690 0.333773 0.000000 -0.341475 0.939891 B 2.000000 4.000000 18.000000 C[purple]
29.488580 3.912457 -26.216673 0.999084 -0.040224 -0.014614 0.042796 0.939030 0.341163 -0.000000 -0.341475 0.939891 B 2.000000 4.000000 18.000000 C[purple]
29.418616 -2.092044 -8.998794 0.990457 0.129540 0.047064 -0.137825 0.930921 0.338217 -0.000000 -0.341475 0.939891 B 2.000000 4.000000 18.000000 C[purple]
29.606786 -8.314933 8.372502 0.960862 0.260376 0.094598 -0.277028 0.903105 0.328111 -0.000000 -0.341475 0.939891 B 2.000000 4.000000 18.000000 C[purple]
29.534250 -14.191600 25.580878 0.940693 0.318865 0.115848 -0.339258 0.884149 0.321224 0.000000 -0.341475 0.939891 B 2.000000 4.000000 18.000000 C[purple]
29.525793 -20.332557 43.181201 0.989582 0.135316 0.049162 -0.143970 0.930099 0.337918 0.000000 -0.341475 0.939891 B 2.000000 4.000000 18.000000 C[purple]
29.633425 -26.538552 60.765953 0.993309 0.108543 0.039435 -0.115485 0.933602 0.339191 0.000000 -0.341475 0.939891 B 2.000000 4.000000 18.000000 C[purple]
22.643786 22.382735 -77.460287 0.996892 -0.074047 -0.026902 0.078783 0.936969 0.340414 -0.000000 -0.341475 0.939891 B 2.000000 4.000000 18.000000 C[purple]
22.584669 16.020241 -59.891921 0.999853 -0.016114 -0.005855 0.017145 0.939753 0.341425 -0.000000 -0.341475 0.939891 B 2.000000 4.000000 18.000000 C[purple]
22.376977 9.918653 -42.797706 0.999043 0.041116 0.014938 -0.043746 0.938991 0.341149 0.000000 -0.341475 0.939891 B 2.000000 4.000000 18.000000 C[purple]
22.032018 3.451762 -25.586002 0.992689 0.113447 0.041217 -0.120702 0.933019 0.338979 0.000000 -0.341475 0.939891 B 2.000000 4.000000 18.000000 C[purple]
21.944698 -2.519564 -8.312044 0.999933 0.010877 0.003952 -0.011572 0.939828 0.341453 0.000000 -0.341475 0.939891 B 2.000000 4.000000 18.000000 C[purple]
22.072088 -8.906294 8.911965 0.950530 0.291961 0.106074 -0.310633 0.893394 0.324583 -0.000000 -0.341475 0.939891 B 2.000000 4.000000 18.000000 C[purple]
22.136817 -15.176885 26.191413 0.955463 0.277371 0.100773 -0.295110 0.898031 0.326267 -0.000000 -0.341475 0.939891 B 2.000000 4.000000 18.000000 C[purple]
22.495985 -21.670640 43.474147 0.929831 0.345868 0.125659 -0.367988 0.873939 0.317514 -0.000000 -0.341475 0.939891 B 2.000000 4.000000 18.000000 C[purple]
22.522934 -27.997037 60.359523 0.992924 0.111614 0.040551 -0.118752 0.933240 0.339059 -0.000000 -0.341475 0.939891 B 2.000000 4.000000 18.000000 C[purple]
22.443237 28.304054 77.297597 0.996421 -0.079447 -0.028864 0.084528 0.936527 0.340253 -0.000000 -0.341475 0.939891 B 2.000000 4.000000 18.000000 C[purple]
46.396220 28.526503 -77.553953 -0.281721 0.901822 0.327644 -0.959496 -0.264787 -0.096201 -0.000000 -0.341475 0.939891 B 2.000000 4.000000 18.000000 C[purple]
46.349039 22.224737 -60.112130 -0.496795 0.815701 0.296355 -0.867868 -0.466933 -0.169643 0.000000 -0.341475 0.939891 B 2.000000 4.000000 18.000000 C[purple]
46.215450 15.828711 -43.100783 -0.425243 0.850676 0.309062 -0.905079 -0.399682 -0.145210 -0.000000 -0.341475 0.939891 B 2.000000 4.000000 18.000000 C[purple]
46.191724 9.516215 -25.850627 -0.379264 0.869670 0.315963 -0.925289 -0.356466 -0.129509 -0.000000 -0.341475 0.939891 B 2.000000 4.000000 18.000000 C[purple]
46.048427 3.281896 -8.863907 -0.127198 0.932256 0.338702 -0.991877 -0.119552 -0.043435 0.000000 -0.341475 0.939891 B 2.000000 4.000000 18.000000 C[purple]
46.000015 -2.961355 8.591101 -0.113554 0.933811 0.339267 -0.993532 -0.106728 -0.038776 0.000000 -0.341475 0.939891 B 2.000000 4.000000 18.000000 C[purple]
46.090864 -9.283385 25.729534 -0.169094 0.926356 0.336558 -0.985600 -0.158930 -0.057742 0.000000 -0.341475 0.939891 B 2.000000 4.000000 18.000000 C[purple]
