-22.199724 -30.052216 77.829201 -0.011981 -0.939823 -0.341451 0.999928 -0.011261 -0.004091 0.000000 -0.341475 0.939891 B 2.000000 4.000000 18.000000 C[purple]
-21.852577 26.235870 -76.772432 0.028675 -0.939504 -0.341335 0.999589 0.026951 0.009792 0.000000 -0.341475 0.939891 B 2.000000 4.000000 18.000000 C[purple]
-21.604536 19.840314 -59.841439 -0.083360 -0.936619 -0.340287 0.996520 -0.078349 -0.028465 -0.000000 -0.341475 0.939891 B 2.000000 4.000000 18.000000 C[purple]
-21.682160 13.393228 -42.391060 0.084955 -0.936493 -0.340241 0.996385 0.079848 0.029010 -0.000000 -0.341475 0.939891 B 2.000000 4.000000 18.000000 C[purple]
-21.825444 7.432649 -25.294557 0.257686 -0.908149 -0.329943 0.966229 0.242197 0.087993 -0.000000 -0.341475 0.939891 B 2.000000 4.000000 18.000000 C[purple]
-21.916988 1.197269 -7.873679 0.102971 -0.934895 -0.339660 0.994684 0.096782 0.035162 0.000000 -0.341475 0.939891 B 2.000000 4.000000 18.000000 C[purple]
-21.944701 -5.135821 9.319156 -0.101458 -0.935041 -0.339713 0.994840 -0.095359 -0.034645 0.000000 -0.341475 0.939891 B 2.000000 4.000000 18.000000 C[purple]
-21.973070 -11.586817 26.426603 -0.054642 -0.938487 -0.340965 0.998506 -0.051357 -0.018659 -0.000000 -0.341475 0.939891 B 2.000000 4.000000 18.000000 C[purple]
-21.964660 -17.645834 43.480758 0.036550 -0.939263 -0.341247 0.999332 0.034353 0.012481 -0.000000 -0.341475 0.939891 B 2.000000 4.000000 18.000000 C[purple]
-22.143171 -23.939739 60.739920 0.312228 -0.892903 -0.324404 0.950007 0.293461 0.106618 0.000000 -0.341475 0.939891 B 2.000000 4.000000 18.000000 C[purple]
0.408844 -26.751118 77.374599 0.751624 -0.619945 -0.225235 0.659592 0.706444 0.256661 -0.000000 -0.341475 0.939891 B 2.000000 4.000000 18.000000 C[purple]
0.205908 29.745203 -77.469950 0.733519 -0.638815 -0.232090 0.679669 0.689427 0.250479 -0.000000 -0.341475 0.939891 B 2.000000 4.000000 18.000000 C[purple]
0.277565 23.481586 -60.292390 0.890337 -0.427935 -0.155475 0.455303 0.836819 0.304028 -0.000000 -0.341475 0.939891 B 2.000000 4.000000 18.000000 C[purple]
0.181069 17.202529 -43.049795 0.855226 -0.487103 -0.176971 0.518255 0.803819 0.292039 0.000000 -0.341475 0.939891 B 2.000000 4.000000 18.000000 C[purple]
0.252439 11.265010 -25.844281 0.706336 -0.665327 -0.241723 0.707877 0.663878 0.241196 0.000000 -0.341475 0.939891 B 2.000000 4.000000 18.000000 C[purple]
0.257726 4.719013 -8.502841 0.743968 -0.628049 -0.228179 0.668215 0.699249 0.254047 -0.000000 -0.341475 0.939891 B 2.000000 4.000000 18.000000 C[purple]
0.266509 -1.715380 8.428968 0.776291 -0.592483 -0.215257 0.630375 0.729629 0.265084 0.000000 -0.341475 0.939891 B 2.000000 4.000000 18.000000 C[purple]
0.304062 -8.094354 25.460588 0.895468 -0.418370 -0.152000 0.445126 0.841642 0.305780 0.000000 -0.341475 0.939891 B 2.000000 4.000000 18.000000 C[purple]
0.268765 -14.298730 42.884284 0.899257 -0.411127 -0.149368 0.437420 0.845204 0.307074 -0.000000 -0.341475 0.939891 B 2.000000 4.000000 18.000000 C[purple]
0.254681 -20.310662 59.925359 0.790751 -0.575343 -0.209030 0.612138 0.743219 0.270022 -0.000000 -0.341475 0.939891 B 2.000000 4.000000 18.000000 C[purple]
40.550079 12.577353 77.248460 0.839734 0.510359 0.185421 -0.542998 0.789258 0.286748 -0.000000 -0.341475 0.939891 B 2.000000 4.000000 18.000000 C[purple]
40.508911 6.231451 -77.720451 0.725436 0.646917 0.235034 -0.688290 0.681831 0.247719 0.000000 -0.341475 0.939891 B 2.000000 4.000000 18.000000 C[purple]
40.573040 0.246165 -60.452172 0.807271 0.554705 0.201532 -0.590181 0.758747 0.275663 -0.000000 -0.341475 0.939891 B 2.000000 4.000000 18.000000 C[purple]
40.282284 -6.371056 -43.148605 0.813155 0.547060 0.198755 -0.582047 0.764277 0.277673 0.000000 -0.341475 0.939891 B 2.000000 4.000000 18.000000 C[purple]
40.460547 -12.933846 -25.758991 0.771724 0.597730 0.217164 -0.635957 0.725337 0.263525 0.000000 -0.341475 0.939891 B 2.000000 4.000000 18.000000 C[purple]
40.591162 -19.226576 -8.286267 0.700981 0.670311 0.243533 -0.713180 0.658846 0.239368 0.000000 -0.341475 0.939891 B 2.000000 4.000000 18.000000 C[purple]
40.285679 -25.333491 8.739665 0.625317 0.733463 0.266477 -0.780371 0.587730 0.213530 -0.000000 -0.341475 0.939891 B 2.000000 4.000000 18.000000 C[purple]
40.094237 31.140846 26.036823 0.629487 0.730305 0.265330 -0.777011 0.591649 0.214954 0.000000 -0.341475 0.939891 B 2.000000 4.000000 18.000000 C[purple]
40.060684 24.743403 43.094748 0.749533 0.622177 0.226046 -0.661967 0.704479 0.255947 0.000000 -0.341475 0.939891 B 2.000000 4.000000 18.000000 C[purple]
40.320621 18.541212 60.165527 0.864669 0.472147 0.171538 -0.502343 0.812694 0.295263 0.000000 -0.341475 0.939891 B 2.000000 4.000000 18.000000 C[purple]
23.863810 -19.460636 -77.127489 0.750946 0.620670 0.225498 -0.660364 0.705807 0.256429 0.000000 -0.341475 0.939891 B 2.000000 4.000000 18.000000 C[purple]
23.660379 -25.610276 -60.024084 0.603876 0.749167 0.272183 -0.797078 0.567577 0.206209 -0.000000 -0.341475 0.939891 B 2.000000 4.000000 18.000000 C[purple]
23.910838 30.412642 -42.903024 0.795114 0.570006 0.207091 -0.606460 0.747320 0.271512 0.000000 -0.341475 0.939891 B 2.000000 4.000000 18.000000 C[purple]
23.947882 24.045451 -25.843495 0.781127 0.586842 0.213208 -0.624372 0.734174 0.266736 -0.000000 -0.341475 0.939891 B 2.000000 4.000000 18.000000 C[purple]
23.910429 17.538010 -8.830511 0.676757 0.691953 0.251396 -0.736206 0.636078 0.231096 0.000000 -0.341475 0.939891 B 2.000000 4.000000 18.000000 C[purple]
23.789201 11.274382 8.505411 0.864406 0.472572 0.171692 -0.502795 0.812447 0.295173 0.000000 -0.341475 0.939891 B 2.000000 4.000000 18.000000 C[purple]
23.949669 5.235905 25.928476 0.852077 0.491954 0.178734 -0.523417 0.800859 0.290963 0.000000 -0.341475 0.939891 B 2.000000 4.000000 18.000000 C[purple]
23.893209 -0.763006 43.391194 0.912031 0.385469 0.140046 -0.410121 0.857209 0.311436 0.000000 -0.341475 0.939891 B 2.000000 4.000000 18.000000 C[purple]
24.064725 -6.956994 60.459886 0.878445 0.449121 0.163172 -0.477844 0.825642 0.299967 0.000000 -0.341475 0.939891 B 2.000000 4.000000 18.000000 C[purple]
23.940715 -13.391936 77.768732 0.737630 0.634619 0.230566 -0.675206 0.693291 0.251882 -0.000000 -0.341475 0.939891 B 2.000000 4.000000 18.000000 C[purple]
-25.205403 -13.885379 -77.348299 -0.303423 0.895581 0.325377 -0.952856 -0.285184 -0.103611 0.000000 -0.341475 0.939891 B 2.000000 4.000000 18.000000 C[purple]
-25.616717 -20.235548 -60.040889 -0.369551 0.873356 0.317302 -0.929210 -0.347338 -0.126193 0.000000 -0.341475 0.939891 B 2.000000 4.000000 18.000000 C[purple]
-25.438655 -26.508532 -42.906262 -0.227776 0.915184 0.332499 -0.973713 -0.214085 -0.077780 0.000000 -0.341475 0.939891 B 2.000000 4.000000 18.000000 C[purple]
-25.486323 29.540699 -25.651089 -0.040109 0.939134 0.341201 -0.999195 -0.037698 -0.013696 -0.000000 -0.341475 0.939891 B 2.000000 4.000000 18.000000 C[purple]
-25.135194 23.449159 -8.606945 -0.132724 0.931576 0.338454 -0.991153 -0.124746 -0.045322 -0.000000 -0.341475 0.939891 B 2.000000 4.000000 18.000000 C[purple]
-25.548125 17.337822 8.732799 -0.185893 0.923508 0.335523 -0.982570 -0.174719 -0.063478 -0.000000 -0.341475 0.939891 B 2.000000 4.000000 18.000000 C[purple]
-25.179947 11.146536 26.051044 -0.187108 0.923292 0.335445 -0.982339 -0.175861 -0.063893 0.000000 -0.341475 0.939891 B 2.000000 4.000000 18.000000 C[purple]
-24.973142 5.135360 43.091673 -0.271745 0.904522 0.328625 -0.962369 -0.255411 -0.092794 0.000000 -0.341475 0.939891 B 2.000000 4.000000 18.000000 C[purple]
-24.954004 -1.333802 60.622329 -0.360241 0.876786 0.318549 -0.932859 -0.338587 -0.123013 0.000000 -0.341475 0.939891 B 2.000000 4.000000 18.000000 C[purple]
-25.333003 -7.487985 77.782062 -0.435946 0.845876 0.307319 -0.899973 -0.409741 -0.148865 0.000000 -0.341475 0.939891 B 2.000000 4.000000 18.000000 C[purple]
-6.864611 -11.587798 -77.761277 -0.143095 -0.930218 -0.337961 0.989709 -0.134493 -0.048863 0.000000 -0.341475 0.939891 B 2.000000 4.000000 18.000000 C[purple]
-6.849422 -17.808660 -60.620313 0.016379 -0.939765 -0.341430 0.999866 0.015395 0.005593 0.000000 -0.341475 0.939891 B 2.000000 4.000000 18.000000 C[purple]
-6.994891 -24.164219 -43.233280 0.309421 -0.893766 -0.324718 0.950925 0.290822 0.105660 0.000000 -0.341475 0.939891 B 2.000000 4.000000 18.000000 C[purple]
-7.129286 -30.253642 -26.122301 0.326024 -0.888536 -0.322818 0.945361 0.306427 0.111329 0.000000 -0.341475 0.939891 B 2.000000 4.000000 18.000000 C[purple]
-7.132165 25.979585 -8.721985 0.208964 -0.919141 -0.333937 0.977923 0.196403 0.071356 -0.000000 -0.341475 0.939891 B 2.000000 4.000000 18.000000 C[purple]
-7.222220 19.877818 8.338896 0.432602 -0.847392 -0.307869 0.901585 0.406598 0.147723 0.000000 -0.341475 0.939891 B 2.000000 4.000000 18.000000 C[purple]
-7.061383 13.623342 25.481373 0.079047 -0.936950 -0.340407 0.996871 0.074296 0.026993 0.000000 -0.341475 0.939891 B 2.000000 4.000000 18.000000 C[purple]
-7.333274 7.459400 42.662851 0.025898 -0.939575 -0.341361 0.999665 0.024341 0.008843 0.000000 -0.341475 0.939891 B 2.000000 4.000000 18.000000 C[purple]
-7.246033 0.975507 59.855753 0.216837 -0.917529 -0.333351 0.976208 0.203803 0.074044 0.000000 -0.341475 0.939891 B 2.000000 4.000000 18.000000 C[purple]
-7.058133 -5.358863 76.856668 0.073970 -0.937316 -0.340540 0.997260 0.069523 0.025259 0.000000 -0.341475 0.939891 B 2.000000 4.000000 18.000000 C[purple]
33.930350 -1.744936 77.783003 0.041125 0.939096 0.341187 -0.999154 0.038653 0.014043 0.000000 -0.341475 0.939891 B 2.000000 4.000000 18.000000 C[purple]
34.317484 -8.151250 -76.948245 0.069318 0.937630 0.340654 -0.997595 0.065151 0.023670 0.000000 -0.341475 0.939891 B 2.000000 4.000000 18.000000 C[purple]
34.491312 -14.312363 -59.793986 0.063065 0.938020 0.340796 -0.998009 0.059275 0.021535 0.000000 -0.341475 0.939891 B 2.000000 4.000000 18.000000 C[purple]
34.346612 -20.670286 -42.517529 -0.050517 0.938691 0.341039 -0.998723 -0.047480 -0.017250 -0.000000 -0.341475 0.939891 B 2.000000 4.000000 18.000000 C[purple]
33.908585 -27.069757 -25.328979 -0.085265 0.936468 0.340232 -0.996358 -0.080139 -0.029116 0.000000 -0.341475 0.939891 B 2.000000 4.000000 18.000000 C[purple]
34.068866 29.259477 -8.295579 0.149677 0.929303 0.337629 -0.988735 0.140680 0.051111 0.000000 -0.341475 0.939891 B 2.000000 4.000000 18.000000 C[purple]
33.713097 23.300495 8.865406 0.086457 0.936371 0.340197 -0.996256 0.081260 0.029523 0.000000 -0.341475 0.939891 B 2.000000 4.000000 18.000000 C[purple]
34.003153 16.924420 26.399470 0.101251 0.935061 0.339721 -0.994861 0.095165 0.034575 0.000000 -0.341475 0.939891 B 2.000000 4.000000 18.000000 C[purple]
33.798277 10.939538 43.535258 0.156645 0.928288 0.337260 -0.987655 0.147229 0.053490 -0.000000 -0.341475 0.939891 B 2.000000 4.000000 18.000000 C[purple]
33.971592 4.634189 60.815049 0.213160 0.918289 0.333627 -0.977017 0.200347 0.072789 -0.000000 -0.341475 0.939891 B 2.000000 4.000000 18.000000 C[purple]
23.884610 7.133750 -77.534940 0.997222 -0.070009 -0.025435 0.074486 0.937280 0.340527 -0.000000 -0.341475 0.939891 B 2.000000 4.000000 18.000000 C[purple]
23.884225 1.244675 -60.327360 0.999590 0.026898 0.009773 -0.028619 0.939506 0.341336 -0.000000 -0.341475 0.939891 B 2.000000 4.000000 18.000000 C[purple]
24.192818 -5.226186 -43.136603 0.999598 -0.026640 -0.009679 0.028344 0.939513 0.341338 -0.000000 -0.341475 0.939891 B 2.000000 4.000000 18.000000 C[purple]
24.164167 -11.578797 -26.213269 0.998055 0.058596 0.021289 -0.062344 0.938062 0.340811 -0.000000 -0.341475 0.939891 B 2.000000 4.000000 18.000000 C[purple]
23.828477 -18.146859 -9.039669 0.995731 0.086752 0.031518 -0.092300 0.935879 0.340018 -0.000000 -0.341475 0.939891 B 2.000000 4.000000 18.000000 C[purple]
23.618947 -24.151356 8.299823 0.989959 0.132859 0.048269 -0.141355 0.930453 0.338047 0.000000 -0.341475 0.939891 B 2.000000 4.000000 18.000000 C[purple]
23.767991 -30.431688 25.870442 0.999836 0.017046 0.006193 -0.018136 0.939736 0.341419 0.000000 -0.341475 0.939891 B 2.000000 4.000000 18.000000 C[purple]
23.761462 26.012327 43.207423 0.974657 0.210256 0.076389 -0.223702 0.916072 0.332822 -0.000000 -0.341475 0.939891 B 2.000000 4.000000 18.000000 C[purple]
23.662808 19.928619 60.209310 0.946401 0.303578 0.110294 -0.322993 0.889514 0.323173 0.000000 -0.341475 0.939891 B 2.000000 4.000000 18.000000 C[purple]
23.725925 13.699683 77.114850 0.997681 0.063972 0.023242 -0.068064 0.937711 0.340684 -0.000000 -0.341475 0.939891 B 2.000000 4.000000 18.000000 C[purple]
31.992391 -11.219113 77.439927 0.798182 0.566206 0.205710 -0.602416 0.750204 0.272560 0.000000 -0.341475 0.939891 B 2.000000 4.000000 18.000000 C[purple]
32.239923 -17.594387 -77.213215 0.739266 0.632935 0.229954 -0.673414 0.694829 0.252441 0.000000 -0.341475 0.939891 B 2.000000 4.000000 18.000000 C[purple]
32.387712 -23.799940 -60.176134 0.439685 0.844165 0.306697 -0.898152 0.413256 0.150142 0.000000 -0.341475 0.939891 B 2.000000 4.000000 18.000000 C[purple]
32.623858 -30.260709 -42.959690 0.557630 0.780193 0.283455 -0.830089 0.524111 0.190417 0.000000 -0.341475 0.939891 B 2.000000 4.000000 18.000000 C[purple]
32.724391 26.196158 -25.794352 0.659447 0.706563 0.256704 -0.751751 0.619809 0.225185 -0.000000 -0.341475 0.939891 B 2.000000 4.000000 18.000000 C[purple]
32.954285 20.031522 -8.528798 0.532189 0.795736 0.289102 -0.846626 0.500199 0.181729 -0.000000 -0.341475 0.939891 B 2.000000 4.000000 18.000000 C[purple]
32.959255 14.054787 8.628759 0.397085 0.862615 0.313400 -0.917782 0.373216 0.135595 -0.000000 -0.341475 0.939891 B 2.000000 4.000000 18.000000 C[purple]
32.667601 7.731807 25.718691 0.284931 0.900930 0.327321 -0.958548 0.267804 0.097297 0.000000 -0.341475 0.939891 B 2.000000 4.000000 18.000000 C[purple]
32.441372 1.361335 43.085270 0.488406 0.820164 0.297977 -0.872616 0.459048 0.166779 0.000000 -0.341475 0.939891 B 2.000000 4.000000 18.000000 C[purple]
32.203592 -5.045278 60.032735 0.597740 0.753501 0.273757 -0.801690 0.561810 0.204114 0.000000 -0.341475 0.939891 B 2.000000 4.000000 18.000000 C[purple]
48.101389 9.470619 77.069052 -0.585214 0.762138 0.276895 -0.810879 -0.550037 -0.199836 -0.000000 -0.341475 0.939891 B 2.000000 4.000000 18.000000 C[purple]
48.468737 3.296868 -77.757853 -0.419755 0.853080 0.309936 -0.907637 -0.394524 -0.143336 -0.000000 -0.341475 0.939891 B 2.000000 4.000000 18.000000 C[purple]
48.685281 -2.713016 -60.588537 -0.173433 0.925647 0.336301 -0.984846 -0.163008 -0.059223 0.000000 -0.341475 0.939891 B 2.000000 4.000000 18.000000 C[purple]
48.441072 -8.924408 -43.631245 -0.040716 0.939111 0.341192 -0.999171 -0.038268 -0.013903 -0.000000 -0.341475 0.939891 B 2.000000 4.000000 18.000000 C[purple]
48.307142 -15.195588 -26.459489 -0.358205 0.877522 0.318816 -0.933643 -0.336674 -0.122318 0.000000 -0.341475 0.939891 B 2.000000 4.000000 18.000000 C[purple]
48.230955 -21.640697 -9.269870 -0.580245 0.765486 0.278112 -0.814442 -0.545367 -0.198139 0.000000 -0.341475 0.939891 B 2.000000 4.000000 18.000000 C[purple]
47.965898 -27.858751 8.072641 -0.598658 0.752857 0.273523 -0.801005 -0.562673 -0.204427 0.000000 -0.341475 0.939891 B 2.000000 4.000000 18.000000 C[purple]
48.318356 28.359614 25.463694 -0.717429 0.654757 0.237882 -0.696631 -0.674305 -0.244984 0.000000 -0.341475 0.939891 B 2.000000 4.000000 18.000000 C[purple]
48.215357 21.979411 42.444384 -0.639490 0.722588 0.262526 -0.768800 -0.601050 -0.218370 -0.000000 -0.341475 0.939891 B 2.000000 4.000000 18.000000 C[purple]
48.280025 15.813170 59.848196 -0.734068 0.638257 0.231888 -0.679076 -0.689944 -0.250666 0.000000 -0.341475 0.939891 B 2.000000 4.000000 18.000000 C[purple]
1.917223 21.830433 -77.041573 -0.084361 -0.936540 -0.340258 0.996435 -0.079290 -0.028807 -0.000000 -0.341475 0.939891 B 2.000000 4.000000 18.000000 C[purple]
1.854968 15.520219 -60.059899 -0.370029 -0.873177 -0.317238 0.929020 -0.347787 -0.126356 -0.000000 -0.341475 0.939891 B 2.000000 4.000000 18.000000 C[purple]
1.672548 9.089985 -43.012426 -0.460522 -0.834292 -0.303110 0.887648 -0.432840 -0.157257 0.000000 -0.341475 0.939891 B 2.000000 4.000000 18.000000 C[purple]
1.729877 2.836690 -25.401802 -0.358989 -0.877239 -0.318713 0.933342 -0.337410 -0.122586 0.000000 -0.341475 0.939891 B 2.000000 4.000000 18.000000 C[purple]
1.838727 -3.394615 -7.836739 -0.216177 -0.917666 -0.333401 0.976354 -0.203183 -0.073819 -0.000000 -0.341475 0.939891 B 2.000000 4.000000 18.000000 C[purple]
2.102080 -9.580194 9.197299 -0.142172 -0.930343 -0.338007 0.989842 -0.133626 -0.048548 -0.000000 -0.341475 0.939891 B 2.000000 4.000000 18.000000 C[purple]
2.055449 -15.572076 26.656423 -0.171005 -0.926046 -0.336446 0.985270 -0.160726 -0.058394 -0.000000 -0.341475 0.939891 B 2.000000 4.000000 18.000000 C[purple]
2.274540 -22.011196 43.665874 0.023203 -0.939638 -0.341383 0.999731 0.021809 0.007923 0.000000 -0.341475 0.939891 B 2.000000 4.000000 18.000000 C[purple]
2.216757 -28.184953 60.731368 -0.122441 -0.932819 -0.338906 0.992476 -0.115081 -0.041811 0.000000 -0.341475 0.939891 B 2.000000 4.000000 18.000000 C[purple]
1.956360 27.764008 77.864335 -0.174601 -0.925453 -0.336230 0.984639 -0.164105 -0.059622 -0.000000 -0.341475 0.939891 B 2.000000 4.000000 18.000000 C[purple]
41.979817 -17.843733 -77.195069 0.974808 0.209638 0.076165 -0.223046 0.916213 0.332873 -0.000000 -0.341475 0.939891 B 2.000000 4.000000 18.000000 C[purple]
42.128276 -23.953977 -59.938941 0.978231 0.195047 0.070863 -0.207521 0.919430 0.334042 0.000000 -0.341475 0.939891 B 2.000000 4.000000 18.000000 C[purple]
42.376284 -30.078861 -42.846291 0.999889 0.014027 0.005096 -0.014924 0.939786 0.341437 0.000000 -0.341475 0.939891 B 2.000000 4.000000 18.000000 C[purple]
42.155692 25.881053 -25.695976 0.994089 0.102038 0.037072 -0.108564 0.934335 0.339457 0.000000 -0.341475 0.939891 B 2.000000 4.000000 18.000000 C[purple]
42.075764 19.369249 -8.800966 0.999851 -0.016215 -0.005891 0.017252 0.939751 0.341425 -0.000000 -0.341475 0.939891 B 2.000000 4.000000 18.000000 C[purple]
41.963557 13.186733 8.274744 0.999101 -0.039841 -0.014475 0.042389 0.939046 0.341168 -0.000000 -0.341475 0.939891 B 2.000000 4.000000 18.000000 C[purple]
41.946543 6.930487 25.731704 0.999504 0.029587 0.010750 -0.031480 0.939425 0.341306 -0.000000 -0.341475 0.939891 B 2.000000 4.000000 18.000000 C[purple]
41.763396 0.945050 43.040596 0.989897 -0.133266 -0.048418 0.141789 0.930395 0.338025 0.000000 -0.341475 0.939891 B 2.000000 4.000000 18.000000 C[purple]
41.925060 -5.496722 60.323745 0.992341 0.116104 0.042182 -0.123529 0.932692 0.338860 0.000000 -0.341475 0.939891 B 2.000000 4.000000 18.000000 C[purple]
41.970972 -11.403444 77.383245 0.981235 0.181227 0.065842 -0.192817 0.922253 0.335068 0.000000 -0.341475 0.939891 B 2.000000 4.000000 18.000000 C[purple]
-48.068980 -0.220942 -77.038993 0.577315 0.767441 0.278822 -0.816522 0.542613 0.197139 0.000000 -0.341475 0.939891 B 2.000000 4.000000 18.000000 C[purple]
-47.827288 -6.457454 -60.082427 0.389462 0.865679 0.314513 -0.921042 0.366052 0.132992 0.000000 -0.341475 0.939891 B 2.000000 4.000000 18.000000 C[purple]
-47.837550 -12.897491 -42.818389 0.408782 0.857774 0.311641 -0.912632 0.384211 0.139589 0.000000 -0.341475 0.939891 B 2.000000 4.000000 18.000000 C[purple]
-48.152689 -18.942729 -25.454614 0.531701 0.796024 0.289206 -0.846932 0.499741 0.181563 0.000000 -0.341475 0.939891 B 2.000000 4.000000 18.000000 C[purple]
-48.145383 -24.933469 -8.111867 0.429236 0.848902 0.308418 -0.903192 0.403435 0.146574 0.000000 -0.341475 0.939891 B 2.000000 4.000000 18.000000 C[purple]
-47.858137 -31.211384 9.427020 0.504043 0.811763 0.294925 -0.863678 0.473746 0.172118 0.000000 -0.341475 0.939891 B 2.000000 4.000000 18.000000 C[purple]
-48.012684 24.900768 26.425587 0.485573 0.821649 0.298517 -0.874196 0.456385 0.165811 -0.000000 -0.341475 0.939891 B 2.000000 4.000000 18.000000 C[purple]
-48.172035 18.504513 43.771715 0.407021 0.858514 0.311910 -0.913419 0.382556 0.138988 0.000000 -0.341475 0.939891 B 2.000000 4.000000 18.000000 C[purple]
-47.986712 12.219786 60.922892 0.672298 0.695783 0.252788 -0.740281 0.631886 0.229573 0.000000 -0.341475 0.939891 B 2.000000 4.000000 18.000000 C[purple]
-47.903962 6.022960 78.034718 0.619527 0.737791 0.268050 -0.784976 0.582287 0.211553 0.000000 -0.341475 0.939891 B 2.000000 4.000000 18.000000 C[purple]
-22.072836 5.476440 77.455499 -0.307921 -0.894223 -0.324884 0.951412 -0.289412 -0.105147 -0.000000 -0.341475 0.939891 B 2.000000 4.000000 18.000000 C[purple]
-22.033117 -0.787048 -77.492232 -0.085997 -0.936409 -0.340210 0.996295 -0.080828 -0.029366 -0.000000 -0.341475 0.939891 B 2.000000 4.000000 18.000000 C[purple]
-22.026424 -6.746194 -60.099808 -0.046915 -0.938856 -0.341099 0.998899 -0.044095 -0.016020 0.000000 -0.341475 0.939891 B 2.000000 4.000000 18.000000 C[purple]
-21.726916 -12.915733 -43.023467 0.299860 -0.896640 -0.325762 0.953983 0.281836 0.102395 0.000000 -0.341475 0.939891 B 2.000000 4.000000 18.000000 C[purple]
-21.909683 -19.195709 -25.663233 0.439189 -0.844393 -0.306780 0.898395 0.412789 0.149972 0.000000 -0.341475 0.939891 B 2.000000 4.000000 18.000000 C[purple]
-22.176310 -25.462680 -8.492350 0.221121 -0.916625 -0.333023 0.975246 0.207830 0.075508 -0.000000 -0.341475 0.939891 B 2.000000 4.000000 18.000000 C[purple]
-22.224883 30.641243 8.703576 0.062264 -0.938067 -0.340813 0.998060 0.058522 0.021262 -0.000000 -0.341475 0.939891 B 2.000000 4.000000 18.000000 C[purple]
-22.277027 24.349741 26.300188 0.269832 -0.905028 -0.328809 0.962907 0.253613 0.092141 -0.000000 -0.341475 0.939891 B 2.000000 4.000000 18.000000 C[purple]
-22.005411 18.091461 43.279102 0.133599 -0.931465 -0.338414 0.991035 0.125569 0.045621 0.000000 -0.341475 0.939891 B 2.000000 4.000000 18.000000 C[purple]
-22.170458 11.797206 60.539494 -0.088142 -0.936233 -0.340146 0.996108 -0.082844 -0.030098 0.000000 -0.341475 0.939891 B 2.000000 4.000000 18.000000 C[purple]
-30.890865 12.971212 77.498698 0.835245 -0.516825 -0.187770 0.549877 0.785039 0.285216 0.000000 -0.341475 0.939891 B 2.000000 4.000000 18.000000 C[purple]
-31.065246 6.555615 -77.096677 0.846072 -0.501027 -0.182030 0.533069 0.795215 0.288913 0.000000 -0.341475 0.939891 B 2.000000 4.000000 18.000000 C[purple]
-30.928706 0.253308 -59.577069 0.928672 -0.348608 -0.126654 0.370903 0.872850 0.317119 0.000000 -0.341475 0.939891 B 2.000000 4.000000 18.000000 C[purple]
-30.705268 -6.106707 -42.407098 0.976042 -0.204503 -0.074299 0.217581 0.917373 0.333294 0.000000 -0.341475 0.939891 B 2.000000 4.000000 18.000000 C[purple]
-30.662852 -12.571484 -25.194985 0.901415 -0.406931 -0.147844 0.432956 0.847232 0.307811 -0.000000 -0.341475 0.939891 B 2.000000 4.000000 18.000000 C[purple]
-30.720317 -18.719422 -8.193553 0.922977 -0.361721 -0.131418 0.384854 0.867498 0.315174 -0.000000 -0.341475 0.939891 B 2.000000 4.000000 18.000000 C[purple]
-30.969172 -24.677866 9.061387 0.944850 -0.307817 -0.111834 0.327503 0.888056 0.322643 0.000000 -0.341475 0.939891 B 2.000000 4.000000 18.000000 C[purple]
-30.780791 -31.039763 26.012460 0.951891 -0.288016 -0.104640 0.306436 0.894674 0.325047 -0.000000 -0.341475 0.939891 B 2.000000 4.000000 18.000000 C[purple]
-30.764439 25.643841 43.269060 0.975593 -0.206386 -0.074983 0.219586 0.916951 0.333141 0.000000 -0.341475 0.939891 B 2.000000 4.000000 18.000000 C[purple]
-30.926543 18.989981 60.417581 0.977684 -0.197452 -0.071737 0.210080 0.918916 0.333855 0.000000 -0.341475 0.939891 B 2.000000 4.000000 18.000000 C[purple]
-0.691987 -23.249516 77.365187 0.845871 -0.501327 -0.182139 0.533388 0.795026 0.288844 0.000000 -0.341475 0.939891 B 2.000000 4.000000 18.000000 C[purple]
-0.523547 -29.355538 -77.494770 0.896959 -0.415538 -0.150971 0.442114 0.843044 0.306289 -0.000000 -0.341475 0.939891 B 2.000000 4.000000 18.000000 C[purple]
-0.576085 27.042486 -60.359946 0.678971 -0.690035 -0.250699 0.734165 0.638159 0.231852 -0.000000 -0.341475 0.939891 B 2.000000 4.000000 18.000000 C[purple]
-0.787824 20.723892 -42.975259 0.576476 -0.767998 -0.279024 0.817114 0.541824 0.196852 0.000000 -0.341475 0.939891 B 2.000000 4.000000 18.000000 C[purple]
-1.149120 14.569709 -25.869329 0.462302 -0.833422 -0.302794 0.886722 0.434514 0.157865 0.000000 -0.341475 0.939891 B 2.000000 4.000000 18.000000 C[purple]
-1.012800 8.277237 -8.513337 0.666709 -0.700517 -0.254508 0.745318 0.626634 0.227665 -0.000000 -0.341475 0.939891 B 2.000000 4.000000 18.000000 C[purple]
-0.744624 1.973493 8.860715 0.530181 -0.796919 -0.289532 0.847885 0.498312 0.181044 0.000000 -0.341475 0.939891 B 2.000000 4.000000 18.000000 C[purple]
-0.749790 -4.099705 26.113451 0.780172 -0.587963 -0.213615 0.625566 0.733276 0.266409 -0.000000 -0.341475 0.939891 B 2.000000 4.000000 18.000000 C[purple]
-0.874985 -10.583583 42.955630 0.854704 -0.487912 -0.177265 0.519116 0.803328 0.291860 0.000000 -0.341475 0.939891 B 2.000000 4.000000 18.000000 C[purple]
-0.869790 -16.721767 60.209191 0.778818 -0.589547 -0.214190 0.627250 0.732004 0.265947 -0.000000 -0.341475 0.939891 B 2.000000 4.000000 18.000000 C[purple]
-37.132210 -24.345046 77.127714 -0.871293 0.461264 0.167584 -0.490764 -0.818920 -0.297525 -0.000000 -0.341475 0.939891 B 2.000000 4.000000 18.000000 C[purple]
-36.849552 -30.532920 -77.371798 -0.827405 0.527848 0.191775 -0.561606 -0.777670 -0.282538 0.000000 -0.341475 0.939891 B 2.000000 4.000000 18.000000 C[purple]
-36.974748 25.851987 -60.170227 -0.802287 0.561057 0.203840 -0.596938 -0.754062 -0.273961 0.000000 -0.341475 0.939891 B 2.000000 4.000000 18.000000 C[purple]
-37.096567 19.489927 -43.327031 -0.862642 0.475411 0.172723 -0.505815 -0.810789 -0.294571 0.000000 -0.341475 0.939891 B 2.000000 4.000000 18.000000 C[purple]
-37.099023 13.200314 -25.938745 -0.773620 0.595562 0.216376 -0.633650 -0.727118 -0.264172 -0.000000 -0.341475 0.939891 B 2.000000 4.000000 18.000000 C[purple]
-37.013223 7.090666 -8.610757 -0.880135 0.446188 0.162106 -0.474723 -0.827231 -0.300545 0.000000 -0.341475 0.939891 B 2.000000 4.000000 18.000000 C[purple]
-37.041224 0.905737 8.517483 -0.823366 0.533398 0.193791 -0.567511 -0.773874 -0.281159 0.000000 -0.341475 0.939891 B 2.000000 4.000000 18.000000 C[purple]
-36.941555 -5.007438 25.749832 -0.908222 0.393334 0.142904 -0.418489 -0.853629 -0.310135 0.000000 -0.341475 0.939891 B 2.000000 4.000000 18.000000 C[purple]
-37.125248 -11.261597 42.867574 -0.843929 0.504209 0.183186 -0.536455 -0.793201 -0.288181 -0.000000 -0.341475 0.939891 B 2.000000 4.000000 18.000000 C[purple]
-37.076940 -17.729762 59.856497 -0.775343 0.593579 0.215656 -0.631540 -0.728738 -0.264761 -0.000000 -0.341475 0.939891 B 2.000000 4.000000 18.000000 C[purple]
8.245128 10.882058 -77.424597 0.850744 0.493988 0.179473 -0.525580 0.799607 0.290508 0.000000 -0.341475 0.939891 B 2.000000 4.000000 18.000000 C[purple]
8.312769 4.295926 -59.995275 0.913237 0.382938 0.139127 -0.407429 0.858343 0.311848 0.000000 -0.341475 0.939891 B 2.000000 4.000000 18.000000 C[purple]
8.052599 -2.238553 -42.819342 0.921570 0.364878 0.132565 -0.388213 0.866175 0.314693 0.000000 -0.341475 0.939891 B 2.000000 4.000000 18.000000 C[purple]
8.031782 -8.247678 -25.653118 0.856965 0.484395 0.175987 -0.515374 0.805454 0.292633 0.000000 -0.341475 0.939891 B 2.000000 4.000000 18.000000 C[purple]
8.040360 -14.470686 -8.563169 0.806312 0.555937 0.201980 -0.591491 0.757845 0.275336 -0.000000 -0.341475 0.939891 B 2.000000 4.000000 18.000000 C[purple]
8.240662 -20.756968 8.698679 0.672588 0.695535 0.252698 -0.740017 0.632160 0.229672 0.000000 -0.341475 0.939891 B 2.000000 4.000000 18.000000 C[purple]
8.166847 -26.819240 25.717875 0.803062 0.560076 0.203484 -0.595895 0.754791 0.274226 -0.000000 -0.341475 0.939891 B 2.000000 4.000000 18.000000 C[purple]
8.175395 29.856728 42.818357 0.781493 0.586411 0.213051 -0.623914 0.734518 0.266861 0.000000 -0.341475 0.939891 B 2.000000 4.000000 18.000000 C[purple]
8.369774 23.352564 59.906388 0.912129 0.385264 0.139972 -0.409903 0.857302 0.311470 -0.000000 -0.341475 0.939891 B 2.000000 4.000000 18.000000 C[purple]
8.552509 17.030724 77.091838 0.803196 0.559907 0.203422 -0.595715 0.754917 0.274272 0.000000 -0.341475 0.939891 B 2.000000 4.000000 18.000000 C[purple]
-2.407977 -9.367783 -77.542086 0.999305 0.035026 0.012725 -0.037266 0.939238 0.341238 -0.000000 -0.341475 0.939891 B 2.000000 4.000000 18.000000 C[purple]
-2.331125 -15.877933 -60.600596 0.991405 -0.122967 -0.044676 0.130832 0.931812 0.338540 0.000000 -0.341475 0.939891 B 2.000000 4.000000 18.000000 C[purple]
-2.528082 -22.359831 -43.551475 0.999381 -0.033069 -0.012014 0.035183 0.939309 0.341264 0.000000 -0.341475 0.939891 B 2.000000 4.000000 18.000000 C[purple]
-2.662576 -28.997442 -26.190164 0.999893 -0.013744 -0.004994 0.014623 0.939790 0.341439 -0.000000 -0.341475 0.939891 B 2.000000 4.000000 18.000000 C[purple]
-2.507465 27.193138 -8.604236 0.998144 0.057242 0.020797 -0.060903 0.938146 0.340842 -0.000000 -0.341475 0.939891 B 2.000000 4.000000 18.000000 C[purple]
-2.244410 21.242113 8.708082 0.995261 0.091392 0.033204 -0.097236 0.935437 0.339857 -0.000000 -0.341475 0.939891 B 2.000000 4.000000 18.000000 C[purple]
-2.136505 15.192668 25.850310 0.986498 0.153928 0.055924 -0.163772 0.927200 0.336865 0.000000 -0.341475 0.939891 B 2.000000 4.000000 18.000000 C[purple]
-2.325192 9.074182 42.920167 0.975151 0.208225 0.075651 -0.221542 0.916535 0.332990 0.000000 -0.341475 0.939891 B 2.000000 4.000000 18.000000 C[purple]
-2.346537 2.839257 60.045145 0.998689 -0.048107 -0.017478 0.051184 0.938659 0.341028 0.000000 -0.341475 0.939891 B 2.000000 4.000000 18.000000 C[purple]
-2.372760 -3.400840 77.372995 0.934999 0.333332 0.121104 -0.354649 0.878797 0.319279 0.000000 -0.341475 0.939891 B 2.000000 4.000000 18.000000 C[purple]
48.217553 -13.445734 -77.603193 0.180739 0.924412 0.335852 -0.983531 0.169874 0.061718 0.000000 -0.341475 0.939891 B 2.000000 4.000000 18.000000 C[purple]
48.106548 -19.752866 -60.154525 0.261918 0.907079 0.329555 -0.965090 0.246174 0.089438 0.000000 -0.341475 0.939891 B 2.000000 4.000000 18.000000 C[purple]
48.352724 -26.330161 -42.996233 0.338471 0.884415 0.321320 -0.940977 0.318126 0.115580 -0.000000 -0.341475 0.939891 B 2.000000 4.000000 18.000000 C[purple]
48.376974 29.598997 -25.704253 0.322565 0.889651 0.323223 -0.946547 0.303176 0.110148 0.000000 -0.341475 0.939891 B 2.000000 4.000000 18.000000 C[purple]
48.474283 23.435532 -8.368485 0.562467 0.777120 0.282339 -0.826820 0.528657 0.192069 0.000000 -0.341475 0.939891 B 2.000000 4.000000 18.000000 C[purple]
48.200868 17.033776 8.549644 0.527516 0.798480 0.290099 -0.849545 0.495807 0.180134 -0.000000 -0.341475 0.939891 B 2.000000 4.000000 18.000000 C[purple]
48.218427 10.440026 25.860944 0.376021 0.870913 0.316415 -0.926611 0.353419 0.128402 -0.000000 -0.341475 0.939891 B 2.000000 4.000000 18.000000 C[purple]
48.293576 4.340698 42.829954 0.374102 0.871643 0.316680 -0.927387 0.351615 0.127747 0.000000 -0.341475 0.939891 B 2.000000 4.000000 18.000000 C[purple]
48.375141 -1.700281 59.978726 0.257471 0.908203 0.329963 -0.966286 0.241995 0.087920 0.000000 -0.341475 0.939891 B 2.000000 4.000000 18.000000 C[purple]
48.256452 -7.566709 77.084619 0.150606 0.929170 0.337580 -0.988594 0.141554 0.051428 0.000000 -0.341475 0.939891 B 2.000000 4.000000 18.000000 C[purple]
-6.082142 -26.017708 -77.411251 -0.139118 0.930751 0.338155 -0.990276 -0.130756 -0.047505 -0.000000 -0.341475 0.939891 B 2.000000 4.000000 18.000000 C[purple]
-5.833172 30.509138 -60.058008 -0.210736 0.918784 0.333807 -0.977543 -0.198068 -0.071961 0.000000 -0.341475 0.939891 B 2.000000 4.000000 18.000000 C[purple]
-5.768709 24.298731 -42.919716 -0.299640 0.896705 0.325785 -0.954052 -0.281629 -0.102320 -0.000000 -0.341475 0.939891 B 2.000000 4.000000 18.000000 C[purple]
-5.838122 18.238338 -25.776648 -0.522790 0.801221 0.291095 -0.852461 -0.491366 -0.178520 -0.000000 -0.341475 0.939891 B 2.000000 4.000000 18.000000 C[purple]
-5.782081 11.730969 -8.373406 -0.448335 0.840136 0.305233 -0.893865 -0.421386 -0.153096 -0.000000 -0.341475 0.939891 B 2.000000 4.000000 18.000000 C[purple]
-5.525054 5.708598 9.124261 -0.377887 0.870199 0.316156 -0.925852 -0.355173 -0.129039 0.000000 -0.341475 0.939891 B 2.000000 4.000000 18.000000 C[purple]
-5.820233 -0.827097 26.134088 -0.380109 0.869344 0.315845 -0.924942 -0.357261 -0.129798 0.000000 -0.341475 0.939891 B 2.000000 4.000000 18.000000 C[purple]
-5.912193 -7.098662 43.020936 -0.247086 0.910748 0.330887 -0.968994 -0.232234 -0.084374 0.000000 -0.341475 0.939891 B 2.000000 4.000000 18.000000 C[purple]
-5.904313 -13.362897 60.159745 -0.156837 0.928259 0.337249 -0.987624 -0.147410 -0.053556 0.000000 -0.341475 0.939891 B 2.000000 4.000000 18.000000 C[purple]
-5.803268 -19.614866 77.316063 -0.137872 0.930915 0.338214 -0.990450 -0.129585 -0.047080 0.000000 -0.341475 0.939891 B 2.000000 4.000000 18.000000 C[purple]
5.264266 17.390210 -77.167158 0.697892 0.673153 0.244566 -0.716203 0.655942 0.238313 0.000000 -0.341475 0.939891 B 2.000000 4.000000 18.000000 C[purple]
5.311796 11.239792 -59.676352 0.848646 0.497165 0.180627 -0.528961 0.797635 0.289792 0.000000 -0.341475 0.939891 B 2.000000 4.000000 18.000000 C[purple]
5.426373 4.937425 -42.482126 0.959018 0.266313 0.096755 -0.283344 0.901372 0.327481 0.000000 -0.341475 0.939891 B 2.000000 4.000000 18.000000 C[purple]
5.476058 -1.490067 -25.463837 0.927052 0.352395 0.128030 -0.374932 0.871328 0.316566 0.000000 -0.341475 0.939891 B 2.000000 4.000000 18.000000 C[purple]
5.291009 -7.523459 -8.361370 0.982679 0.174176 0.063281 -0.185315 0.923611 0.335561 0.000000 -0.341475 0.939891 B 2.000000 4.000000 18.000000 C[purple]
5.326556 -13.766890 9.041537 0.945023 0.307347 0.111664 -0.327003 0.888219 0.322702 -0.000000 -0.341475 0.939891 B 2.000000 4.000000 18.000000 C[purple]
5.072997 -19.835621 26.191548 0.993567 0.106436 0.038670 -0.113243 0.933845 0.339279 -0.000000 -0.341475 0.939891 B 2.000000 4.000000 18.000000 C[purple]
4.956527 -25.904237 43.251966 0.972154 0.220256 0.080022 -0.234342 0.913719 0.331967 -0.000000 -0.341475 0.939891 B 2.000000 4.000000 18.000000 C[purple]
5.076998 29.989513 60.267571 0.933483 0.337065 0.122460 -0.358622 0.877372 0.318761 -0.000000 -0.341475 0.939891 B 2.000000 4.000000 18.000000 C[purple]
5.149374 23.849108 77.713576 0.874522 0.455834 0.165611 -0.484986 0.821955 0.298628 -0.000000 -0.341475 0.939891 B 2.000000 4.000000 18.000000 C[purple]
-12.916683 -9.172698 77.538268 0.738852 -0.633362 -0.230109 0.673868 0.694440 0.252300 -0.000000 -0.341475 0.939891 B 2.000000 4.000000 18.000000 C[purple]
-12.988936 -15.837200 -77.312471 0.725972 -0.646386 -0.234841 0.687724 0.682334 0.247902 -0.000000 -0.341475 0.939891 B 2.000000 4.000000 18.000000 C[purple]
-12.982357 -22.005690 -60.184093 0.714316 -0.657757 -0.238972 0.699823 0.671379 0.243922 0.000000 -0.341475 0.939891 B 2.000000 4.000000 18.000000 C[purple]
-12.959297 -28.128194 -43.086922 0.928033 -0.350108 -0.127199 0.372498 0.872249 0.316900 0.000000 -0.341475 0.939891 B 2.000000 4.000000 18.000000 C[purple]
-12.569341 28.010904 -25.954176 0.957976 -0.269606 -0.097952 0.286848 0.900393 0.327125 0.000000 -0.341475 0.939891 B 2.000000 4.000000 18.000000 C[purple]
-12.597279 21.874005 -8.807425 0.885682 -0.436384 -0.158545 0.464293 0.832444 0.302439 -0.000000 -0.341475 0.939891 B 2.000000 4.000000 18.000000 C[purple]
-12.838859 15.745389 8.417690 0.879913 -0.446575 -0.162247 0.475135 0.827022 0.300469 0.000000 -0.341475 0.939891 B 2.000000 4.000000 18.000000 C[purple]
-12.460256 9.503571 25.733317 0.886204 -0.435448 -0.158204 0.463296 0.832935 0.302617 0.000000 -0.341475 0.939891 B 2.000000 4.000000 18.000000 C[purple]
-12.813216 3.369724 43.001697 0.865304 -0.471118 -0.171164 0.501248 0.813291 0.295480 -0.000000 -0.341475 0.939891 B 2.000000 4.000000 18.000000 C[purple]
-12.875811 -2.660928 59.989064 0.764380 -0.606010 -0.220172 0.644766 0.718433 0.261017 -0.000000 -0.341475 0.939891 B 2.000000 4.000000 18.000000 C[purple]
-43.040666 17.267518 77.370642 0.293501 -0.898497 -0.326436 0.955959 0.275858 0.100223 0.000000 -0.341475 0.939891 B 2.000000 4.000000 18.000000 C[purple]
-42.961178 11.142017 -77.336989 0.292555 -0.898769 -0.326535 0.956249 0.274970 0.099900 -0.000000 -0.341475 0.939891 B 2.000000 4.000000 18.000000 C[purple]
-42.571907 5.131637 -60.185898 0.361281 -0.876407 -0.318411 0.932457 0.339565 0.123369 -0.000000 -0.341475 0.939891 B 2.000000 4.000000 18.000000 C[purple]
-42.581799 -1.387860 -42.780542 0.414306 -0.855430 -0.310790 0.910138 0.389403 0.141475 -0.000000 -0.341475 0.939891 B 2.000000 4.000000 18.000000 C[purple]
-43.038496 -7.797358 -25.666395 0.393931 -0.863891 -0.313864 0.919140 0.370252 0.134518 -0.000000 -0.341475 0.939891 B 2.000000 4.000000 18.000000 C[purple]
-42.941878 -13.866334 -8.642409 0.194821 -0.921881 -0.334932 0.980839 0.183110 0.066526 0.000000 -0.341475 0.939891 B 2.000000 4.000000 18.000000 C[purple]
-43.282468 -20.069172 8.586567 -0.031809 -0.939415 -0.341303 0.999494 -0.029897 -0.010862 -0.000000 -0.341475 0.939891 B 2.000000 4.000000 18.000000 C[purple]
-43.265750 -26.523981 25.519762 0.051843 -0.938627 -0.341016 0.998655 0.048727 0.017703 0.000000 -0.341475 0.939891 B 2.000000 4.000000 18.000000 C[purple]
-43.360355 29.700606 42.992497 0.220168 -0.916828 -0.333096 0.975462 0.206934 0.075182 -0.000000 -0.341475 0.939891 B 2.000000 4.000000 18.000000 C[purple]
-43.443465 23.582725 60.275105 0.185276 -0.923618 -0.335563 0.982687 0.174139 0.063267 0.000000 -0.341475 0.939891 B 2.000000 4.000000 18.000000 C[purple]
-14.644598 -4.197125 -77.520149 0.655749 -0.709597 -0.257807 0.754979 0.616333 0.223922 -0.000000 -0.341475 0.939891 B 2.000000 4.000000 18.000000 C[purple]
-14.966142 -10.404891 -60.183493 0.732627 -0.639718 -0.232418 0.680630 0.688590 0.250174 -0.000000 -0.341475 0.939891 B 2.000000 4.000000 18.000000 C[purple]
-14.640284 -16.396142 -42.873180 0.770727 -0.598866 -0.217577 0.637166 0.724399 0.263184 0.000000 -0.341475 0.939891 B 2.000000 4.000000 18.000000 C[purple]
-14.473587 -22.851209 -25.691546 0.886044 -0.435735 -0.158309 0.463602 0.832784 0.302562 -0.000000 -0.341475 0.939891 B 2.000000 4.000000 18.000000 C[purple]
-14.398043 -29.222896 -8.678174 0.987957 -0.145426 -0.052835 0.154726 0.928572 0.337363 -0.000000 -0.341475 0.939891 B 2.000000 4.000000 18.000000 C[purple]
-14.487816 27.215230 8.741912 0.959042 -0.266239 -0.096728 0.283266 0.901394 0.327489 -0.000000 -0.341475 0.939891 B 2.000000 4.000000 18.000000 C[purple]
-14.530445 20.947008 25.881020 0.952062 -0.287517 -0.104459 0.305905 0.894834 0.325106 0.000000 -0.341475 0.939891 B 2.000000 4.000000 18.000000 C[purple]
-14.638074 14.801334 43.105610 0.922622 -0.362521 -0.131709 0.385706 0.867164 0.315053 0.000000 -0.341475 0.939891 B 2.000000 4.000000 18.000000 C[purple]
-14.434100 8.448507 60.099177 0.925517 -0.355942 -0.129319 0.378706 0.869885 0.316041 0.000000 -0.341475 0.939891 B 2.000000 4.000000 18.000000 C[purple]
-14.565619 1.966587 77.229900 0.820482 -0.537310 -0.195212 0.571673 0.771163 0.280174 0.000000 -0.341475 0.939891 B 2.000000 4.000000 18.000000 C[purple]
16.579919 -8.585467 -77.340687 0.244592 0.911343 0.331103 -0.969626 0.229890 0.083522 0.000000 -0.341475 0.939891 B 2.000000 4.000000 18.000000 C[purple]
16.772148 -14.537642 -60.194792 0.116800 0.933458 0.339138 -0.993155 0.109779 0.039884 0.000000 -0.341475 0.939891 B 2.000000 4.000000 18.000000 C[purple]
16.953075 -20.961242 -43.067239 0.405151 0.859295 0.312194 -0.914250 0.380798 0.138349 0.000000 -0.341475 0.939891 B 2.000000 4.000000 18.000000 C[purple]
17.017766 -27.162108 -26.094983 0.394188 0.863788 0.313826 -0.919030 0.370494 0.134605 0.000000 -0.341475 0.939891 B 2.000000 4.000000 18.000000 C[purple]
17.108463 29.532748 -8.947036 0.411382 0.856675 0.311242 -0.911463 0.386655 0.140477 -0.000000 -0.341475 0.939891 B 2.000000 4.000000 18.000000 C[purple]
17.341213 23.024105 8.546525 0.419220 0.853312 0.310020 -0.907885 0.394021 0.143153 -0.000000 -0.341475 0.939891 B 2.000000 4.000000 18.000000 C[purple]
16.978933 16.844007 25.959994 0.429212 0.848913 0.308422 -0.903204 0.403412 0.146565 -0.000000 -0.341475 0.939891 B 2.000000 4.000000 18.000000 C[purple]
