16.766308 -11.412378 77.558611 0.732509 -0.639837 -0.232462 0.680757 0.688479 0.250134 0.000000 -0.341475 0.939891 B 2.000000 4.000000 18.000000 C[purple]
16.949357 -17.467742 -77.237820 0.697135 -0.673845 -0.244817 0.716940 0.655230 0.238054 0.000000 -0.341475 0.939891 B 2.000000 4.000000 18.000000 C[purple]
16.897567 -23.899666 -60.009285 0.816351 -0.542840 -0.197221 0.577557 0.767280 0.278764 0.000000 -0.341475 0.939891 B 2.000000 4.000000 18.000000 C[purple]
16.955745 -30.086654 -42.697426 0.760878 -0.609891 -0.221582 0.648895 0.715142 0.259821 0.000000 -0.341475 0.939891 B 2.000000 4.000000 18.000000 C[purple]
16.947667 26.053522 -25.474678 0.777242 -0.591381 -0.214857 0.629201 0.730523 0.265409 0.000000 -0.341475 0.939891 B 2.000000 4.000000 18.000000 C[purple]
16.840714 19.663787 -8.013760 0.798680 -0.565585 -0.205485 0.601756 0.750672 0.272729 -0.000000 -0.341475 0.939891 B 2.000000 4.000000 18.000000 C[purple]
16.900727 13.463718 8.885983 0.813567 -0.546520 -0.198558 0.581472 0.764664 0.277813 0.000000 -0.341475 0.939891 B 2.000000 4.000000 18.000000 C[purple]
16.751793 7.323209 26.200522 0.901229 -0.407295 -0.147976 0.433343 0.847057 0.307748 -0.000000 -0.341475 0.939891 B 2.000000 4.000000 18.000000 C[purple]
16.782117 0.732100 43.223823 0.860453 -0.478902 -0.173992 0.509529 0.808732 0.293824 0.000000 -0.341475 0.939891 B 2.000000 4.000000 18.000000 C[purple]
16.699673 -5.135019 60.604143 0.905908 -0.398019 -0.144606 0.423474 0.851455 0.309345 0.000000 -0.341475 0.939891 B 2.000000 4.000000 18.000000 C[purple]
3.209994 10.441492 -77.872494 0.765759 0.604470 0.219612 -0.643128 0.719730 0.261488 -0.000000 -0.341475 0.939891 B 2.000000 4.000000 18.000000 C[purple]
3.484895 4.090340 -60.673252 0.899469 0.410718 0.149220 -0.436985 0.845402 0.307146 -0.000000 -0.341475 0.939891 B 2.000000 4.000000 18.000000 C[purple]
3.727557 -2.257739 -43.702351 0.914171 0.380965 0.138410 -0.405329 0.859221 0.312167 0.000000 -0.341475 0.939891 B 2.000000 4.000000 18.000000 C[purple]
3.706897 -8.345088 -26.663836 0.854983 0.487481 0.177109 -0.518657 0.803590 0.291956 -0.000000 -0.341475 0.939891 B 2.000000 4.000000 18.000000 C[purple]
3.725151 -14.868874 -9.325607 0.834301 0.518171 0.188259 -0.551310 0.784152 0.284893 -0.000000 -0.341475 0.939891 B 2.000000 4.000000 18.000000 C[purple]
3.400229 -20.956527 7.870992 0.790825 0.575253 0.208998 -0.612043 0.743289 0.270047 0.000000 -0.341475 0.939891 B 2.000000 4.000000 18.000000 C[purple]
3.353858 -27.029298 25.133922 0.788603 0.577942 0.209974 -0.614903 0.741200 0.269288 0.000000 -0.341475 0.939891 B 2.000000 4.000000 18.000000 C[purple]
3.173694 29.114045 42.571428 0.748919 0.622830 0.226283 -0.662662 0.703902 0.255737 0.000000 -0.341475 0.939891 B 2.000000 4.000000 18.000000 C[purple]
3.421566 22.783274 59.823736 0.822561 0.534494 0.194189 -0.568677 0.773117 0.280884 0.000000 -0.341475 0.939891 B 2.000000 4.000000 18.000000 C[purple]
3.390240 16.816444 77.264824 0.828890 0.525785 0.191025 -0.559411 0.779066 0.283046 -0.000000 -0.341475 0.939891 B 2.000000 4.000000 18.000000 C[purple]
-39.361130 23.758459 -77.488749 -0.169857 0.926233 0.336513 -0.985469 -0.159647 -0.058002 -0.000000 -0.341475 0.939891 B 2.000000 4.000000 18.000000 C[purple]
-39.113772 17.581425 -60.351436 -0.399515 0.861623 0.313040 -0.916727 -0.375500 -0.136425 0.000000 -0.341475 0.939891 B 2.000000 4.000000 18.000000 C[purple]
-39.147503 11.181664 -42.885472 -0.057747 0.938322 0.340906 -0.998331 -0.054276 -0.019719 0.000000 -0.341475 0.939891 B 2.000000 4.000000 18.000000 C[purple]
-39.341509 5.049423 -25.924042 -0.123975 0.932640 0.338841 -0.992285 -0.116523 -0.042335 -0.000000 -0.341475 0.939891 B 2.000000 4.000000 18.000000 C[purple]
-39.562263 -0.888874 -8.819907 -0.206242 0.919684 0.334134 -0.978501 -0.193845 -0.070426 0.000000 -0.341475 0.939891 B 2.000000 4.000000 18.000000 C[purple]
-39.234717 -7.349236 8.303455 -0.093434 0.935779 0.339982 -0.995626 -0.087817 -0.031905 0.000000 -0.341475 0.939891 B 2.000000 4.000000 18.000000 C[purple]
-39.312802 -13.486331 25.858232 0.008009 0.939861 0.341464 -0.999968 0.007528 0.002735 -0.000000 -0.341475 0.939891 B 2.000000 4.000000 18.000000 C[purple]
-39.008018 -19.781872 42.876866 0.106514 0.934544 0.339533 -0.994311 0.100112 0.036372 0.000000 -0.341475 0.939891 B 2.000000 4.000000 18.000000 C[purple]
-39.063383 -26.092954 59.824998 -0.099015 0.935272 0.339797 -0.995086 -0.093063 -0.033811 0.000000 -0.341475 0.939891 B 2.000000 4.000000 18.000000 C[purple]
-39.208629 29.863378 77.315038 0.011428 0.939829 0.341453 -0.999935 0.010741 0.003902 -0.000000 -0.341475 0.939891 B 2.000000 4.000000 18.000000 C[purple]
37.642565 -12.428232 -77.438037 0.989036 0.138801 0.050428 -0.147678 0.929585 0.337731 0.000000 -0.341475 0.939891 B 2.000000 4.000000 18.000000 C[purple]
37.613329 -18.817464 -59.997827 0.972701 -0.218111 -0.079243 0.232060 0.914233 0.332154 0.000000 -0.341475 0.939891 B 2.000000 4.000000 18.000000 C[purple]
37.499779 -24.986671 -42.852150 0.954545 -0.280150 -0.101783 0.298067 0.897168 0.325954 -0.000000 -0.341475 0.939891 B 2.000000 4.000000 18.000000 C[purple]
37.314793 31.137050 -25.599384 0.994450 -0.098882 -0.035925 0.105206 0.934675 0.339580 0.000000 -0.341475 0.939891 B 2.000000 4.000000 18.000000 C[purple]
37.574317 24.961254 -8.621419 0.999033 -0.041324 -0.015014 0.043967 0.938982 0.341145 0.000000 -0.341475 0.939891 B 2.000000 4.000000 18.000000 C[purple]
37.460636 18.611950 8.303938 0.985854 0.157530 0.057233 -0.167605 0.926595 0.336645 0.000000 -0.341475 0.939891 B 2.000000 4.000000 18.000000 C[purple]
37.186813 12.605919 25.624441 0.997795 0.062386 0.022666 -0.066376 0.937818 0.340722 -0.000000 -0.341475 0.939891 B 2.000000 4.000000 18.000000 C[purple]
37.187114 6.297364 42.533927 0.999976 0.006564 0.002385 -0.006984 0.939868 0.341467 0.000000 -0.341475 0.939891 B 2.000000 4.000000 18.000000 C[purple]
37.575621 -0.116578 59.693028 0.998649 -0.048848 -0.017747 0.051972 0.938621 0.341014 -0.000000 -0.341475 0.939891 B 2.000000 4.000000 18.000000 C[purple]
37.781645 -6.500494 77.074719 0.999237 0.036698 0.013333 -0.039045 0.939174 0.341215 -0.000000 -0.341475 0.939891 B 2.000000 4.000000 18.000000 C[purple]
47.151779 9.088042 77.066449 -0.285463 -0.900781 -0.327266 0.958390 -0.268304 -0.097479 -0.000000 -0.341475 0.939891 B 2.000000 4.000000 18.000000 C[purple]
47.376725 2.597348 -77.731771 -0.496563 -0.815826 -0.296401 0.868001 -0.466715 -0.169564 -0.000000 -0.341475 0.939891 B 2.000000 4.000000 18.000000 C[purple]
46.970049 -3.764135 -60.431195 -0.518327 -0.803778 -0.292024 0.855183 -0.487170 -0.176996 -0.000000 -0.341475 0.939891 B 2.000000 4.000000 18.000000 C[purple]
47.127134 -10.061006 -42.971732 -0.539010 -0.791669 -0.287624 0.842299 -0.506611 -0.184059 0.000000 -0.341475 0.939891 B 2.000000 4.000000 18.000000 C[purple]
46.905878 -16.362789 -25.713345 -0.609252 -0.745311 -0.270782 0.792976 -0.572631 -0.208045 -0.000000 -0.341475 0.939891 B 2.000000 4.000000 18.000000 C[purple]
46.603695 -22.511118 -8.472989 -0.357467 -0.877788 -0.318913 0.933926 -0.335980 -0.122066 -0.000000 -0.341475 0.939891 B 2.000000 4.000000 18.000000 C[purple]
46.691695 -28.682287 8.521162 -0.138617 -0.930817 -0.338179 0.990346 -0.130285 -0.047334 0.000000 -0.341475 0.939891 B 2.000000 4.000000 18.000000 C[purple]
46.597832 27.449712 25.724245 0.230905 -0.914491 -0.332247 0.972976 0.217026 0.078849 0.000000 -0.341475 0.939891 B 2.000000 4.000000 18.000000 C[purple]
46.948607 21.239182 42.903470 0.165584 -0.926916 -0.336762 0.986196 0.155631 0.056543 0.000000 -0.341475 0.939891 B 2.000000 4.000000 18.000000 C[purple]
47.167852 15.224587 59.998689 0.061915 -0.938087 -0.340820 0.998081 0.058193 0.021143 -0.000000 -0.341475 0.939891 B 2.000000 4.000000 18.000000 C[purple]
-37.892719 -25.860334 77.865055 0.177295 -0.925001 -0.336066 0.984158 0.166638 0.060542 -0.000000 -0.341475 0.939891 B 2.000000 4.000000 18.000000 C[purple]
-37.915669 30.048197 -76.826268 0.185608 -0.923559 -0.335542 0.982624 0.174451 0.063381 0.000000 -0.341475 0.939891 B 2.000000 4.000000 18.000000 C[purple]
-37.938253 23.990879 -59.753693 0.008486 -0.939857 -0.341463 0.999964 0.007976 0.002898 0.000000 -0.341475 0.939891 B 2.000000 4.000000 18.000000 C[purple]
-37.818702 17.656998 -42.392722 0.049850 -0.938722 -0.341051 0.998757 0.046853 0.017022 -0.000000 -0.341475 0.939891 B 2.000000 4.000000 18.000000 C[purple]
-37.777776 11.435809 -25.138730 0.171311 -0.925996 -0.336427 0.985217 0.161013 0.058498 0.000000 -0.341475 0.939891 B 2.000000 4.000000 18.000000 C[purple]
-38.132445 5.301079 -8.038552 0.213420 -0.918236 -0.333608 0.976961 0.200591 0.072878 -0.000000 -0.341475 0.939891 B 2.000000 4.000000 18.000000 C[purple]
-38.263095 -0.792358 9.075196 0.433181 -0.847130 -0.307774 0.901307 0.407143 0.147921 0.000000 -0.341475 0.939891 B 2.000000 4.000000 18.000000 C[purple]
-37.931150 -7.017649 26.112086 0.321784 -0.889901 -0.323313 0.946813 0.302442 0.109881 -0.000000 -0.341475 0.939891 B 2.000000 4.000000 18.000000 C[purple]
-37.993021 -13.106819 43.426677 0.411187 -0.856758 -0.311272 0.911551 0.386471 0.140410 -0.000000 -0.341475 0.939891 B 2.000000 4.000000 18.000000 C[purple]
-37.913718 -19.588024 60.739308 0.327678 -0.887999 -0.322622 0.944790 0.307981 0.111894 0.000000 -0.341475 0.939891 B 2.000000 4.000000 18.000000 C[purple]
6.851183 -17.195053 -77.531073 -0.105959 -0.934600 -0.339553 0.994370 -0.099590 -0.036182 0.000000 -0.341475 0.939891 B 2.000000 4.000000 18.000000 C[purple]
7.029839 -23.560616 -60.615930 -0.179195 -0.924677 -0.335948 0.983814 -0.168424 -0.061191 -0.000000 -0.341475 0.939891 B 2.000000 4.000000 18.000000 C[purple]
6.837205 -29.787589 -43.099772 -0.016912 -0.939756 -0.341427 0.999857 -0.015896 -0.005775 0.000000 -0.341475 0.939891 B 2.000000 4.000000 18.000000 C[purple]
6.641891 26.490816 -25.603910 -0.135898 -0.931171 -0.338307 0.990723 -0.127729 -0.046406 0.000000 -0.341475 0.939891 B 2.000000 4.000000 18.000000 C[purple]
6.944494 20.214757 -8.387798 -0.063171 -0.938013 -0.340793 0.998003 -0.059374 -0.021572 0.000000 -0.341475 0.939891 B 2.000000 4.000000 18.000000 C[purple]
7.335765 14.101135 8.702881 -0.001334 -0.939890 -0.341475 0.999999 -0.001254 -0.000456 0.000000 -0.341475 0.939891 B 2.000000 4.000000 18.000000 C[purple]
7.201406 7.571260 25.840317 0.135969 -0.931162 -0.338304 0.990713 0.127796 0.046430 -0.000000 -0.341475 0.939891 B 2.000000 4.000000 18.000000 C[purple]
7.236472 1.217731 43.292005 0.015570 -0.939777 -0.341434 0.999879 0.014634 0.005317 -0.000000 -0.341475 0.939891 B 2.000000 4.000000 18.000000 C[purple]
7.166187 -5.167458 60.263111 -0.021182 -0.939680 -0.341399 0.999776 -0.019909 -0.007233 -0.000000 -0.341475 0.939891 B 2.000000 4.000000 18.000000 C[purple]
7.088498 -10.970536 77.335531 -0.051198 -0.938658 -0.341028 0.998689 -0.048121 -0.017483 0.000000 -0.341475 0.939891 B 2.000000 4.000000 18.000000 C[purple]
-24.042276 -28.184501 77.117746 0.924806 0.357571 0.129910 -0.380439 0.869217 0.315799 0.000000 -0.341475 0.939891 B 2.000000 4.000000 18.000000 C[purple]
-23.744878 28.125834 -77.554662 0.874271 0.456259 0.165765 -0.485438 0.821719 0.298542 0.000000 -0.341475 0.939891 B 2.000000 4.000000 18.000000 C[purple]
-23.588105 21.750846 -60.190281 0.676950 0.691787 0.251336 -0.736029 0.636259 0.231162 0.000000 -0.341475 0.939891 B 2.000000 4.000000 18.000000 C[purple]
-23.947498 15.267496 -42.810514 0.702806 0.668620 0.242919 -0.711381 0.660561 0.239991 0.000000 -0.341475 0.939891 B 2.000000 4.000000 18.000000 C[purple]
-23.888077 9.011210 -25.558311 0.796674 0.568078 0.206391 -0.604409 0.748787 0.272045 -0.000000 -0.341475 0.939891 B 2.000000 4.000000 18.000000 C[purple]
-23.754339 2.553379 -8.148603 0.939110 0.322963 0.117337 -0.343617 0.882660 0.320683 0.000000 -0.341475 0.939891 B 2.000000 4.000000 18.000000 C[purple]
-23.607016 -3.804353 8.744878 0.882639 0.441798 0.160511 -0.470052 0.829584 0.301399 -0.000000 -0.341475 0.939891 B 2.000000 4.000000 18.000000 C[purple]
-23.876011 -9.974251 25.858332 0.930108 0.345210 0.125419 -0.367287 0.874200 0.317609 -0.000000 -0.341475 0.939891 B 2.000000 4.000000 18.000000 C[purple]
-24.037712 -16.021273 42.870128 0.877258 0.451166 0.163915 -0.480019 0.824527 0.299562 0.000000 -0.341475 0.939891 B 2.000000 4.000000 18.000000 C[purple]
-24.064168 -22.084338 59.961036 0.789953 0.576310 0.209382 -0.613167 0.742470 0.269750 0.000000 -0.341475 0.939891 B 2.000000 4.000000 18.000000 C[purple]
-14.444533 -2.218188 77.155276 0.712783 0.659225 0.239506 -0.701385 0.669938 0.243398 0.000000 -0.341475 0.939891 B 2.000000 4.000000 18.000000 C[purple]
-14.345067 -8.416754 -77.632131 0.780010 0.588153 0.213684 -0.625767 0.733124 0.266354 0.000000 -0.341475 0.939891 B 2.000000 4.000000 18.000000 C[purple]
-14.475164 -15.008115 -60.593913 0.750181 0.621486 0.225795 -0.661232 0.705088 0.256168 -0.000000 -0.341475 0.939891 B 2.000000 4.000000 18.000000 C[purple]
-14.081048 -21.499182 -43.370977 0.767259 0.602787 0.219001 -0.641338 0.721139 0.262000 -0.000000 -0.341475 0.939891 B 2.000000 4.000000 18.000000 C[purple]
-14.035539 -27.855721 -26.086536 0.709530 0.662318 0.240629 -0.704676 0.666880 0.242287 -0.000000 -0.341475 0.939891 B 2.000000 4.000000 18.000000 C[purple]
-14.035286 28.425292 -8.940062 0.917575 0.373665 0.135758 -0.397562 0.862421 0.313329 -0.000000 -0.341475 0.939891 B 2.000000 4.000000 18.000000 C[purple]
-14.205782 22.349688 8.352264 0.824745 0.531512 0.193106 -0.565504 0.775170 0.281630 0.000000 -0.341475 0.939891 B 2.000000 4.000000 18.000000 C[purple]
-14.325313 16.434667 25.502453 0.821758 0.535584 0.194585 -0.569837 0.772363 0.280610 0.000000 -0.341475 0.939891 B 2.000000 4.000000 18.000000 C[purple]
-14.181228 10.352581 42.615743 0.744618 0.627369 0.227932 -0.667491 0.699859 0.254269 0.000000 -0.341475 0.939891 B 2.000000 4.000000 18.000000 C[purple]
-14.003257 3.992144 59.776337 0.723543 0.648787 0.235713 -0.690279 0.680051 0.247072 0.000000 -0.341475 0.939891 B 2.000000 4.000000 18.000000 C[purple]
43.227482 -29.236707 -77.862099 0.975465 0.206920 0.075177 -0.220153 0.916831 0.333097 -0.000000 -0.341475 0.939891 B 2.000000 4.000000 18.000000 C[purple]
43.107653 27.085163 -60.417574 0.973019 0.216855 0.078786 -0.230724 0.914532 0.332262 0.000000 -0.341475 0.939891 B 2.000000 4.000000 18.000000 C[purple]
42.935972 21.060427 -43.105544 0.999355 0.033761 0.012266 -0.035920 0.939284 0.341255 0.000000 -0.341475 0.939891 B 2.000000 4.000000 18.000000 C[purple]
43.171180 14.444353 -25.795830 0.992007 0.118601 0.043089 -0.126186 0.932378 0.338746 -0.000000 -0.341475 0.939891 B 2.000000 4.000000 18.000000 C[purple]
43.165795 8.191435 -8.654402 0.995341 0.090621 0.032924 -0.096416 0.935512 0.339885 0.000000 -0.341475 0.939891 B 2.000000 4.000000 18.000000 C[purple]
43.063349 1.892019 8.854678 0.989696 0.134576 0.048893 -0.143183 0.930206 0.337957 0.000000 -0.341475 0.939891 B 2.000000 4.000000 18.000000 C[purple]
42.926301 -4.131719 25.914804 0.999862 0.015619 0.005675 -0.016618 0.939761 0.341428 -0.000000 -0.341475 0.939891 B 2.000000 4.000000 18.000000 C[purple]
42.917284 -10.340902 42.941922 0.978778 0.192605 0.069976 -0.204923 0.919945 0.334229 0.000000 -0.341475 0.939891 B 2.000000 4.000000 18.000000 C[purple]
42.592762 -16.778226 60.039108 0.963928 0.250165 0.090889 -0.266164 0.905987 0.329158 -0.000000 -0.341475 0.939891 B 2.000000 4.000000 18.000000 C[purple]
42.854485 -23.003771 77.009409 0.981637 0.179293 0.065140 -0.190759 0.922631 0.335205 0.000000 -0.341475 0.939891 B 2.000000 4.000000 18.000000 C[purple]
-48.240988 -22.909209 77.785701 0.946792 0.302500 0.109903 -0.321846 0.889881 0.323306 0.000000 -0.341475 0.939891 B 2.000000 4.000000 18.000000 C[purple]
-48.210493 -29.021392 -77.228495 0.854286 0.488558 0.177500 -0.519803 0.802936 0.291718 -0.000000 -0.341475 0.939891 B 2.000000 4.000000 18.000000 C[purple]
-48.176815 27.417267 -60.154748 0.952887 0.285094 0.103579 -0.303327 0.895609 0.325387 0.000000 -0.341475 0.939891 B 2.000000 4.000000 18.000000 C[purple]
-48.127609 21.163850 -42.979461 0.972134 0.220333 0.080050 -0.234424 0.913700 0.331960 0.000000 -0.341475 0.939891 B 2.000000 4.000000 18.000000 C[purple]
-48.024095 14.729562 -25.823848 0.881220 0.444293 0.161418 -0.472707 0.828250 0.300915 0.000000 -0.341475 0.939891 B 2.000000 4.000000 18.000000 C[purple]
-47.930373 8.523481 -8.725115 0.875757 0.453734 0.164848 -0.482752 0.823116 0.299050 0.000000 -0.341475 0.939891 B 2.000000 4.000000 18.000000 C[purple]
-47.839048 2.411278 8.570728 0.920595 0.367044 0.133352 -0.390518 0.865259 0.314361 0.000000 -0.341475 0.939891 B 2.000000 4.000000 18.000000 C[purple]
-47.996445 -4.108580 25.748409 0.950930 0.290807 0.105654 -0.309405 0.893771 0.324719 -0.000000 -0.341475 0.939891 B 2.000000 4.000000 18.000000 C[purple]
-48.081472 -10.406118 43.220333 0.977246 0.199359 0.072430 -0.212109 0.918504 0.333705 -0.000000 -0.341475 0.939891 B 2.000000 4.000000 18.000000 C[purple]
-48.072633 -16.363855 60.466917 0.949489 0.294938 0.107155 -0.313801 0.892416 0.324227 -0.000000 -0.341475 0.939891 B 2.000000 4.000000 18.000000 C[purple]
23.082113 14.333857 77.362058 0.777966 0.590539 0.214551 -0.628306 0.731203 0.265656 0.000000 -0.341475 0.939891 B 2.000000 4.000000 18.000000 C[purple]
22.975834 7.791652 -77.632390 0.864259 0.472809 0.171778 -0.503047 0.812309 0.295123 0.000000 -0.341475 0.939891 B 2.000000 4.000000 18.000000 C[purple]
22.696233 1.939061 -60.386127 0.836493 0.515039 0.187121 -0.547977 0.786212 0.285642 -0.000000 -0.341475 0.939891 B 2.000000 4.000000 18.000000 C[purple]
22.868283 -4.460801 -42.833769 0.788589 0.577958 0.209980 -0.614921 0.741187 0.269284 0.000000 -0.341475 0.939891 B 2.000000 4.000000 18.000000 C[purple]
23.181987 -10.555805 -25.387981 0.798131 0.566269 0.205734 -0.602484 0.750156 0.272542 0.000000 -0.341475 0.939891 B 2.000000 4.000000 18.000000 C[purple]
23.375623 -16.843080 -8.405805 0.687969 0.682116 0.247822 -0.725740 0.646616 0.234925 0.000000 -0.341475 0.939891 B 2.000000 4.000000 18.000000 C[purple]
23.125314 -22.893330 9.111222 0.715048 0.657054 0.238717 -0.699075 0.672067 0.244171 -0.000000 -0.341475 0.939891 B 2.000000 4.000000 18.000000 C[purple]
23.120511 -29.106057 26.118712 0.893374 0.422305 0.153429 -0.449313 0.839674 0.305065 -0.000000 -0.341475 0.939891 B 2.000000 4.000000 18.000000 C[purple]
23.300047 26.995813 43.476179 0.947690 0.300005 0.108996 -0.319192 0.890725 0.323613 0.000000 -0.341475 0.939891 B 2.000000 4.000000 18.000000 C[purple]
23.242754 20.772514 60.470467 0.786934 0.579947 0.210703 -0.617037 0.739632 0.268719 0.000000 -0.341475 0.939891 B 2.000000 4.000000 18.000000 C[purple]
-34.343821 -20.933980 -77.024997 0.999118 -0.039462 -0.014337 0.041985 0.939062 0.341174 0.000000 -0.341475 0.939891 B 2.000000 4.000000 18.000000 C[purple]
-34.408510 -27.191911 -59.857379 0.996335 -0.080396 -0.029209 0.085538 0.936446 0.340224 0.000000 -0.341475 0.939891 B 2.000000 4.000000 18.000000 C[purple]
-34.315190 28.970464 -42.761506 0.989205 0.137731 0.050040 -0.146540 0.929744 0.337789 0.000000 -0.341475 0.939891 B 2.000000 4.000000 18.000000 C[purple]
-34.418918 22.906814 -25.575724 0.977526 0.198141 0.071987 -0.210813 0.918768 0.333801 -0.000000 -0.341475 0.939891 B 2.000000 4.000000 18.000000 C[purple]
-34.669910 16.624414 -8.642108 0.995529 0.088781 0.032255 -0.094459 0.935688 0.339949 -0.000000 -0.341475 0.939891 B 2.000000 4.000000 18.000000 C[purple]
-34.776777 10.527039 8.669681 0.987379 0.148856 0.054081 -0.158375 0.928028 0.337166 0.000000 -0.341475 0.939891 B 2.000000 4.000000 18.000000 C[purple]
-34.676055 4.268011 26.138112 0.982386 0.175629 0.063809 -0.186861 0.923336 0.335461 0.000000 -0.341475 0.939891 B 2.000000 4.000000 18.000000 C[purple]
-34.502137 -2.137433 42.969636 0.980211 0.186055 0.067596 -0.197954 0.921292 0.334718 0.000000 -0.341475 0.939891 B 2.000000 4.000000 18.000000 C[purple]
-34.389890 -8.402811 59.889809 0.995050 -0.093406 -0.033936 0.099380 0.935238 0.339785 -0.000000 -0.341475 0.939891 B 2.000000 4.000000 18.000000 C[purple]
-34.417960 -14.816800 77.469289 0.976562 -0.202298 -0.073498 0.215236 0.917862 0.333472 0.000000 -0.341475 0.939891 B 2.000000 4.000000 18.000000 C[purple]
-14.454739 -14.158810 -77.579000 0.995043 -0.093466 -0.033957 0.099443 0.935232 0.339783 0.000000 -0.341475 0.939891 B 2.000000 4.000000 18.000000 C[purple]
-14.201047 -20.165126 -60.387000 0.995540 -0.088671 -0.032215 0.094341 0.935699 0.339952 -0.000000 -0.341475 0.939891 B 2.000000 4.000000 18.000000 C[purple]
-14.215021 -26.530071 -43.108997 0.999999 0.001368 0.000497 -0.001455 0.939890 0.341475 0.000000 -0.341475 0.939891 B 2.000000 4.000000 18.000000 C[purple]
-14.248773 29.873160 -25.613956 0.959631 -0.264356 -0.096044 0.281262 0.901948 0.327690 -0.000000 -0.341475 0.939891 B 2.000000 4.000000 18.000000 C[purple]
-14.089244 23.480287 -8.553452 0.966966 -0.239585 -0.087045 0.254907 0.908842 0.330195 0.000000 -0.341475 0.939891 B 2.000000 4.000000 18.000000 C[purple]
-13.994060 17.078038 8.709151 0.909245 -0.391241 -0.142143 0.416262 0.854591 0.310485 0.000000 -0.341475 0.939891 B 2.000000 4.000000 18.000000 C[purple]
-14.000655 10.924224 25.943770 0.890859 -0.426974 -0.155126 0.454281 0.837310 0.304206 0.000000 -0.341475 0.939891 B 2.000000 4.000000 18.000000 C[purple]
-14.217852 4.474595 43.114974 0.878433 -0.449141 -0.163179 0.477865 0.825631 0.299963 0.000000 -0.341475 0.939891 B 2.000000 4.000000 18.000000 C[purple]
-14.528509 -1.849539 60.291316 0.931797 -0.341163 -0.123949 0.362981 0.875787 0.318186 0.000000 -0.341475 0.939891 B 2.000000 4.000000 18.000000 C[purple]
-14.460784 -8.015278 77.232220 0.905703 -0.398431 -0.144756 0.423912 0.851262 0.309275 -0.000000 -0.341475 0.939891 B 2.000000 4.000000 18.000000 C[purple]
37.498389 22.182628 77.297559 0.711513 -0.660436 -0.239946 0.702673 0.668744 0.242964 0.000000 -0.341475 0.939891 B 2.000000 4.000000 18.000000 C[purple]
37.282724 16.091334 -77.613331 0.660295 -0.705864 -0.256450 0.751006 0.620606 0.225475 -0.000000 -0.341475 0.939891 B 2.000000 4.000000 18.000000 C[purple]
37.305967 9.627213 -60.424801 0.792099 -0.573702 -0.208434 0.610392 0.744487 0.270482 0.000000 -0.341475 0.939891 B 2.000000 4.000000 18.000000 C[purple]
37.179122 3.105680 -43.068904 0.625211 -0.733543 -0.266507 0.780456 0.587630 0.213494 0.000000 -0.341475 0.939891 B 2.000000 4.000000 18.000000 C[purple]
37.478344 -2.908244 -25.721739 0.475453 -0.826860 -0.300410 0.879741 0.446874 0.162356 0.000000 -0.341475 0.939891 B 2.000000 4.000000 18.000000 C[purple]
37.480361 -9.474138 -8.627587 0.611399 -0.743756 -0.270217 0.791322 0.574649 0.208778 0.000000 -0.341475 0.939891 B 2.000000 4.000000 18.000000 C[purple]
37.223534 -15.588448 8.454841 0.754121 -0.617259 -0.224259 0.656735 0.708792 0.257514 0.000000 -0.341475 0.939891 B 2.000000 4.000000 18.000000 C[purple]
37.363842 -21.613370 25.777442 0.606467 -0.747316 -0.271510 0.795109 0.570012 0.207093 -0.000000 -0.341475 0.939891 B 2.000000 4.000000 18.000000 C[purple]
37.323396 -28.125330 42.959804 0.506631 -0.810339 -0.294407 0.862163 0.476178 0.173002 -0.000000 -0.341475 0.939891 B 2.000000 4.000000 18.000000 C[purple]
37.302534 28.267020 60.101979 0.468647 -0.830286 -0.301655 0.883386 0.440477 0.160031 -0.000000 -0.341475 0.939891 B 2.000000 4.000000 18.000000 C[purple]
39.531375 -1.326101 77.604270 0.985040 -0.161967 -0.058845 0.172325 0.925830 0.336367 0.000000 -0.341475 0.939891 B 2.000000 4.000000 18.000000 C[purple]
39.320649 -7.841894 -76.989638 0.945513 -0.306014 -0.111179 0.325584 0.888679 0.322869 0.000000 -0.341475 0.939891 B 2.000000 4.000000 18.000000 C[purple]
39.381206 -13.812165 -59.692821 0.903891 -0.402051 -0.146071 0.427764 0.849558 0.308656 0.000000 -0.341475 0.939891 B 2.000000 4.000000 18.000000 C[purple]
39.379765 -20.313794 -42.264724 0.928555 -0.348882 -0.126754 0.371195 0.872740 0.317079 -0.000000 -0.341475 0.939891 B 2.000000 4.000000 18.000000 C[purple]
39.316885 -26.343143 -25.128497 0.888303 -0.431652 -0.156825 0.459257 0.834908 0.303334 -0.000000 -0.341475 0.939891 B 2.000000 4.000000 18.000000 C[purple]
39.375238 29.638560 -7.654361 0.968842 -0.232792 -0.084577 0.247680 0.910605 0.330836 0.000000 -0.341475 0.939891 B 2.000000 4.000000 18.000000 C[purple]
39.406060 23.191947 9.488449 0.999598 0.026645 0.009681 -0.028350 0.939513 0.341338 0.000000 -0.341475 0.939891 B 2.000000 4.000000 18.000000 C[purple]
39.492826 16.967709 26.399106 0.978695 -0.192977 -0.070111 0.205319 0.919866 0.334200 0.000000 -0.341475 0.939891 B 2.000000 4.000000 18.000000 C[purple]
39.394516 10.484652 43.474026 0.883949 -0.439477 -0.159668 0.467583 0.830816 0.301847 -0.000000 -0.341475 0.939891 B 2.000000 4.000000 18.000000 C[purple]
39.497770 4.629244 60.532887 0.944934 -0.307591 -0.111752 0.327262 0.888134 0.322672 -0.000000 -0.341475 0.939891 B 2.000000 4.000000 18.000000 C[purple]
-37.634756 -20.206176 -77.665059 0.991656 -0.121163 -0.044020 0.128912 0.932048 0.338626 0.000000 -0.341475 0.939891 B 2.000000 4.000000 18.000000 C[purple]
-37.676053 -26.285861 -60.504126 0.997158 -0.070813 -0.025727 0.075342 0.937219 0.340505 0.000000 -0.341475 0.939891 B 2.000000 4.000000 18.000000 C[purple]
-37.399047 30.078184 -43.207031 0.965605 -0.244386 -0.088789 0.260015 0.907563 0.329730 -0.000000 -0.341475 0.939891 B 2.000000 4.000000 18.000000 C[purple]
-37.751155 23.842172 -26.250444 0.951476 -0.289227 -0.105080 0.307724 0.894283 0.324905 0.000000 -0.341475 0.939891 B 2.000000 4.000000 18.000000 C[purple]
-38.043107 17.450390 -8.924636 0.964004 -0.249905 -0.090794 0.265887 0.906059 0.329184 0.000000 -0.341475 0.939891 B 2.000000 4.000000 18.000000 C[purple]
-38.279180 11.079133 7.992194 0.913222 -0.382971 -0.139139 0.407463 0.858329 0.311843 -0.000000 -0.341475 0.939891 B 2.000000 4.000000 18.000000 C[purple]
-38.206861 4.623308 25.215794 0.960738 -0.260780 -0.094745 0.277458 0.902989 0.328068 0.000000 -0.341475 0.939891 B 2.000000 4.000000 18.000000 C[purple]
-38.379544 -1.500211 42.604491 0.953857 -0.282212 -0.102532 0.300261 0.896521 0.325719 -0.000000 -0.341475 0.939891 B 2.000000 4.000000 18.000000 C[purple]
-38.101177 -7.661939 59.802266 0.941103 -0.317796 -0.115460 0.338120 0.884534 0.321364 0.000000 -0.341475 0.939891 B 2.000000 4.000000 18.000000 C[purple]
-37.945612 -14.120909 77.061166 0.957765 -0.270268 -0.098192 0.287552 0.900194 0.327053 0.000000 -0.341475 0.939891 B 2.000000 4.000000 18.000000 C[purple]
7.252893 8.212981 77.211730 0.336830 -0.884969 -0.321521 0.941566 0.316583 0.115019 0.000000 -0.341475 0.939891 B 2.000000 4.000000 18.000000 C[purple]
7.738391 1.961941 -77.547496 0.357402 -0.877811 -0.318921 0.933951 0.335919 0.122044 0.000000 -0.341475 0.939891 B 2.000000 4.000000 18.000000 C[purple]
7.564508 -4.352046 -60.454071 0.418651 -0.853559 -0.310110 0.908147 0.393486 0.142959 -0.000000 -0.341475 0.939891 B 2.000000 4.000000 18.000000 C[purple]
7.583314 -11.080452 -43.144377 0.421161 -0.852467 -0.309713 0.906986 0.395846 0.143816 0.000000 -0.341475 0.939891 B 2.000000 4.000000 18.000000 C[purple]
7.752012 -17.020047 -25.883836 0.554981 -0.781861 -0.284061 0.831863 0.521621 0.189512 0.000000 -0.341475 0.939891 B 2.000000 4.000000 18.000000 C[purple]
7.281165 -23.359667 -8.583294 0.545164 -0.787938 -0.286269 0.838329 0.512395 0.186160 0.000000 -0.341475 0.939891 B 2.000000 4.000000 18.000000 C[purple]
7.121711 -29.844955 8.554089 0.471039 -0.829089 -0.301220 0.882112 0.442725 0.160848 0.000000 -0.341475 0.939891 B 2.000000 4.000000 18.000000 C[purple]
6.950288 26.428119 25.687758 0.591930 -0.757542 -0.275226 0.805990 0.556349 0.202129 0.000000 -0.341475 0.939891 B 2.000000 4.000000 18.000000 C[purple]
7.178854 20.293050 43.149446 0.719244 -0.652997 -0.237243 0.694758 0.676010 0.245604 0.000000 -0.341475 0.939891 B 2.000000 4.000000 18.000000 C[purple]
7.325998 14.321114 60.272419 0.611844 -0.743433 -0.270100 0.790979 0.575066 0.208930 -0.000000 -0.341475 0.939891 B 2.000000 4.000000 18.000000 C[purple]
35.963571 10.637197 -77.858927 0.461745 -0.833695 -0.302893 0.887013 0.433990 0.157675 -0.000000 -0.341475 0.939891 B 2.000000 4.000000 18.000000 C[purple]
36.180487 4.209038 -60.518991 0.635814 -0.725448 -0.263565 0.771842 0.597595 0.217115 -0.000000 -0.341475 0.939891 B 2.000000 4.000000 18.000000 C[purple]
36.467035 -2.233137 -43.058760 0.560303 -0.778500 -0.282840 0.828288 0.526624 0.191330 -0.000000 -0.341475 0.939891 B 2.000000 4.000000 18.000000 C[purple]
36.393123 -8.606666 -25.818230 0.656978 -0.708593 -0.257442 0.753910 0.617487 0.224342 0.000000 -0.341475 0.939891 B 2.000000 4.000000 18.000000 C[purple]
36.659837 -14.570848 -8.762253 0.460074 -0.834511 -0.303189 0.887880 0.432420 0.157104 0.000000 -0.341475 0.939891 B 2.000000 4.000000 18.000000 C[purple]
36.721914 -20.822947 8.619954 0.682678 -0.686797 -0.249523 0.730720 0.641642 0.233118 -0.000000 -0.341475 0.939891 B 2.000000 4.000000 18.000000 C[purple]
36.378671 -27.176737 25.594929 0.758825 -0.612145 -0.222401 0.651294 0.713213 0.259120 0.000000 -0.341475 0.939891 B 2.000000 4.000000 18.000000 C[purple]
36.359005 29.110780 42.619735 0.620769 -0.736868 -0.267714 0.783993 0.583455 0.211978 0.000000 -0.341475 0.939891 B 2.000000 4.000000 18.000000 C[purple]
36.084598 23.019295 59.798744 0.463413 -0.832877 -0.302596 0.886143 0.435557 0.158244 0.000000 -0.341475 0.939891 B 2.000000 4.000000 18.000000 C[purple]
35.883002 16.751169 76.985563 0.704463 -0.667079 -0.242359 0.709741 0.662118 0.240557 0.000000 -0.341475 0.939891 B 2.000000 4.000000 18.000000 C[purple]
43.113583 -19.274081 -77.355271 0.197508 0.921376 0.334749 -0.980301 0.185636 0.067444 0.000000 -0.341475 0.939891 B 2.000000 4.000000 18.000000 C[purple]
43.441455 -25.588944 -60.063444 0.401076 0.860982 0.312807 -0.916045 0.376968 0.136958 -0.000000 -0.341475 0.939891 B 2.000000 4.000000 18.000000 C[purple]
43.678265 30.826895 -42.900572 0.235516 0.913452 0.331870 -0.971871 0.221359 0.080423 -0.000000 -0.341475 0.939891 B 2.000000 4.000000 18.000000 C[purple]
43.915763 24.641892 -25.920380 0.327517 0.888051 0.322641 -0.944845 0.307831 0.111839 0.000000 -0.341475 0.939891 B 2.000000 4.000000 18.000000 C[purple]
43.668674 18.278612 -8.813097 0.426234 0.850237 0.308903 -0.904613 0.400613 0.145548 -0.000000 -0.341475 0.939891 B 2.000000 4.000000 18.000000 C[purple]
43.440022 12.146606 8.365816 0.435267 0.846185 0.307431 -0.900301 0.409104 0.148633 -0.000000 -0.341475 0.939891 B 2.000000 4.000000 18.000000 C[purple]
43.602230 5.825461 25.474009 0.455086 0.836923 0.304066 -0.890447 0.427731 0.155401 0.000000 -0.341475 0.939891 B 2.000000 4.000000 18.000000 C[purple]
43.692335 -0.635711 42.949659 0.340215 0.883824 0.321106 -0.940348 0.319765 0.116175 0.000000 -0.341475 0.939891 B 2.000000 4.000000 18.000000 C[purple]
43.318987 -6.691616 60.103719 0.184385 0.923775 0.335620 -0.982854 0.173302 0.062963 -0.000000 -0.341475 0.939891 B 2.000000 4.000000 18.000000 C[purple]
43.405145 -13.062002 77.679703 0.140582 0.930557 0.338084 -0.990069 0.132132 0.048005 0.000000 -0.341475 0.939891 B 2.000000 4.000000 18.000000 C[purple]
-48.534459 -17.891459 78.155633 0.990367 -0.130141 -0.047282 0.138464 0.930837 0.338186 0.000000 -0.341475 0.939891 B 2.000000 4.000000 18.000000 C[purple]
-48.667168 -24.125411 -76.769070 0.997339 0.068518 0.024893 -0.072900 0.937390 0.340567 -0.000000 -0.341475 0.939891 B 2.000000 4.000000 18.000000 C[purple]
-48.539236 -30.301937 -59.714389 0.999992 0.003677 0.001336 -0.003912 0.939884 0.341473 0.000000 -0.341475 0.939891 B 2.000000 4.000000 18.000000 C[purple]
-48.566675 25.889473 -42.237198 0.964500 -0.248210 -0.090178 0.264084 0.906524 0.329353 -0.000000 -0.341475 0.939891 B 2.000000 4.000000 18.000000 C[purple]
-48.239488 19.606362 -25.162958 0.919863 -0.368664 -0.133941 0.392241 0.864570 0.314110 0.000000 -0.341475 0.939891 B 2.000000 4.000000 18.000000 C[purple]
-48.156334 13.259087 -7.919387 0.999234 -0.036774 -0.013360 0.039125 0.939171 0.341214 0.000000 -0.341475 0.939891 B 2.000000 4.000000 18.000000 C[purple]
-48.092157 6.928629 9.734489 0.998480 0.051803 0.018821 -0.055116 0.938462 0.340956 -0.000000 -0.341475 0.939891 B 2.000000 4.000000 18.000000 C[purple]
-48.056391 0.988763 26.805374 0.991198 -0.124427 -0.045206 0.132384 0.931618 0.338470 -0.000000 -0.341475 0.939891 B 2.000000 4.000000 18.000000 C[purple]
-48.266484 -5.154959 43.912104 0.994491 0.098524 0.035795 -0.104825 0.934713 0.339594 0.000000 -0.341475 0.939891 B 2.000000 4.000000 18.000000 C[purple]
-48.350235 -11.548704 60.782769 0.998143 -0.057255 -0.020802 0.060917 0.938145 0.340841 0.000000 -0.341475 0.939891 B 2.000000 4.000000 18.000000 C[purple]
5.090071 15.802920 -77.188144 -0.559385 0.779083 0.283052 -0.828908 -0.525761 -0.191016 -0.000000 -0.341475 0.939891 B 2.000000 4.000000 18.000000 C[purple]
5.141384 9.559823 -60.257203 -0.530462 0.796754 0.289472 -0.847709 -0.498576 -0.181140 -0.000000 -0.341475 0.939891 B 2.000000 4.000000 18.000000 C[purple]
4.924580 3.289430 -43.221788 -0.434196 0.846671 0.307607 -0.900818 -0.408097 -0.148267 0.000000 -0.341475 0.939891 B 2.000000 4.000000 18.000000 C[purple]
5.164069 -2.907788 -25.974969 -0.358090 0.877564 0.318831 -0.933687 -0.336566 -0.122279 -0.000000 -0.341475 0.939891 B 2.000000 4.000000 18.000000 C[purple]
5.552453 -9.038957 -8.829589 -0.417553 0.854034 0.310283 -0.908653 -0.392454 -0.142584 0.000000 -0.341475 0.939891 B 2.000000 4.000000 18.000000 C[purple]
5.347406 -15.382000 8.269659 -0.561524 0.777722 0.282557 -0.827460 -0.527772 -0.191747 0.000000 -0.341475 0.939891 B 2.000000 4.000000 18.000000 C[purple]
5.307546 -21.570137 25.446953 -0.557673 0.780166 0.283445 -0.830061 -0.524152 -0.190432 0.000000 -0.341475 0.939891 B 2.000000 4.000000 18.000000 C[purple]
5.402125 -27.834666 43.053529 -0.606453 0.747325 0.271514 -0.795120 -0.569999 -0.207089 -0.000000 -0.341475 0.939891 B 2.000000 4.000000 18.000000 C[purple]
5.564810 28.759628 60.333778 -0.583713 0.763154 0.277264 -0.811960 -0.548626 -0.199324 0.000000 -0.341475 0.939891 B 2.000000 4.000000 18.000000 C[purple]
5.444889 22.271326 77.781671 -0.436798 0.845488 0.307177 -0.899560 -0.410543 -0.149156 -0.000000 -0.341475 0.939891 B 2.000000 4.000000 18.000000 C[purple]
-31.647727 29.949559 -77.416186 -0.993928 -0.103418 -0.037573 0.110032 -0.934184 -0.339402 0.000000 -0.341475 0.939891 B 2.000000 4.000000 18.000000 C[purple]
-31.594003 23.540448 -60.230844 -0.960797 0.260586 0.094674 -0.277251 -0.903045 -0.328089 -0.000000 -0.341475 0.939891 B 2.000000 4.000000 18.000000 C[purple]
-31.328338 17.360903 -42.856069 -0.963371 0.252051 0.091574 -0.268171 -0.905464 -0.328968 0.000000 -0.341475 0.939891 B 2.000000 4.000000 18.000000 C[purple]
-31.264514 11.188945 -25.810519 -0.984047 0.167213 0.060751 -0.177906 -0.924897 -0.336028 -0.000000 -0.341475 0.939891 B 2.000000 4.000000 18.000000 C[purple]
-31.339145 4.839455 -8.152033 -0.967289 0.238428 0.086624 -0.253677 -0.909146 -0.330305 -0.000000 -0.341475 0.939891 B 2.000000 4.000000 18.000000 C[purple]
-31.167057 -1.085088 8.928106 -0.960746 0.260755 0.094736 -0.277431 -0.902996 -0.328071 0.000000 -0.341475 0.939891 B 2.000000 4.000000 18.000000 C[purple]
-31.319021 -7.708628 26.307583 -0.980728 0.183636 0.066717 -0.195380 -0.921777 -0.334894 -0.000000 -0.341475 0.939891 B 2.000000 4.000000 18.000000 C[purple]
-31.268054 -13.708743 43.565572 -0.999407 -0.032376 -0.011763 0.034447 -0.939333 -0.341273 -0.000000 -0.341475 0.939891 B 2.000000 4.000000 18.000000 C[purple]
-31.564325 -19.952008 60.486198 -0.997514 -0.066238 -0.024065 0.070474 -0.937554 -0.340626 0.000000 -0.341475 0.939891 B 2.000000 4.000000 18.000000 C[purple]
-31.728590 -26.370430 77.465738 -0.997410 0.067600 0.024560 -0.071924 -0.937457 -0.340591 -0.000000 -0.341475 0.939891 B 2.000000 4.000000 18.000000 C[purple]
39.302409 13.124675 77.736911 0.908149 0.393482 0.142957 -0.418646 0.853561 0.310111 0.000000 -0.341475 0.939891 B 2.000000 4.000000 18.000000 C[purple]
39.585609 7.104283 -76.957983 0.905417 0.399005 0.144964 -0.424523 0.850993 0.309178 0.000000 -0.341475 0.939891 B 2.000000 4.000000 18.000000 C[purple]
39.444550 0.520406 -59.691609 0.903008 0.403800 0.146706 -0.429625 0.848728 0.308355 0.000000 -0.341475 0.939891 B 2.000000 4.000000 18.000000 C[purple]
39.646236 -5.958538 -42.812701 0.898237 0.413093 0.150082 -0.439512 0.844245 0.306726 -0.000000 -0.341475 0.939891 B 2.000000 4.000000 18.000000 C[purple]
39.673821 -12.097449 -25.881860 0.851392 0.493001 0.179114 -0.524530 0.800215 0.290729 -0.000000 -0.341475 0.939891 B 2.000000 4.000000 18.000000 C[purple]
39.312897 -18.326494 -8.773898 0.806954 0.555112 0.201680 -0.590614 0.758449 0.275555 0.000000 -0.341475 0.939891 B 2.000000 4.000000 18.000000 C[purple]
39.698311 -24.508676 8.469313 0.793647 0.571809 0.207746 -0.608378 0.745942 0.271011 0.000000 -0.341475 0.939891 B 2.000000 4.000000 18.000000 C[purple]
39.618452 -30.725262 25.807768 0.735828 0.636464 0.231236 -0.677168 0.691598 0.251267 0.000000 -0.341475 0.939891 B 2.000000 4.000000 18.000000 C[purple]
39.373207 25.826675 43.065587 0.643735 0.719250 0.261313 -0.765248 0.605041 0.219820 0.000000 -0.341475 0.939891 B 2.000000 4.000000 18.000000 C[purple]
39.193538 19.665954 60.244240 0.862193 0.476130 0.172985 -0.506581 0.810367 0.294418 -0.000000 -0.341475 0.939891 B 2.000000 4.000000 18.000000 C[purple]
-10.791307 -9.450463 77.593440 0.935673 -0.331658 -0.120496 0.352868 0.879430 0.319509 -0.000000 -0.341475 0.939891 B 2.000000 4.000000 18.000000 C[purple]
-10.944202 -15.755778 -77.161415 0.950446 -0.292204 -0.106162 0.310891 0.893315 0.324554 -0.000000 -0.341475 0.939891 B 2.000000 4.000000 18.000000 C[purple]
-10.640321 -21.875573 -60.147656 0.975018 -0.208774 -0.075851 0.222126 0.916410 0.332945 0.000000 -0.341475 0.939891 B 2.000000 4.000000 18.000000 C[purple]
-10.722564 -28.287388 -43.005281 0.996564 0.077853 0.028285 -0.082832 0.936661 0.340302 -0.000000 -0.341475 0.939891 B 2.000000 4.000000 18.000000 C[purple]
-10.614702 28.302028 -25.740073 0.978060 0.195799 0.071137 -0.208321 0.919270 0.333984 0.000000 -0.341475 0.939891 B 2.000000 4.000000 18.000000 C[purple]
-10.638230 21.901026 -8.592694 0.999303 -0.035075 -0.012743 0.037318 0.939236 0.341238 -0.000000 -0.341475 0.939891 B 2.000000 4.000000 18.000000 C[purple]
-10.462370 15.320474 8.786798 0.986981 -0.151171 -0.054922 0.160838 0.927654 0.337030 -0.000000 -0.341475 0.939891 B 2.000000 4.000000 18.000000 C[purple]
-10.706182 8.826545 25.951198 0.942553 -0.313976 -0.114072 0.334056 0.885897 0.321859 -0.000000 -0.341475 0.939891 B 2.000000 4.000000 18.000000 C[purple]
-11.023151 2.611268 42.874059 0.959748 -0.263981 -0.095908 0.280864 0.902058 0.327730 -0.000000 -0.341475 0.939891 B 2.000000 4.000000 18.000000 C[purple]
-10.857827 -3.288351 59.995076 0.988664 -0.141117 -0.051270 0.150142 0.929236 0.337605 0.000000 -0.341475 0.939891 B 2.000000 4.000000 18.000000 C[purple]
-42.971444 12.177907 -77.109407 0.968195 0.235158 0.085436 -0.250197 0.909997 0.330615 -0.000000 -0.341475 0.939891 B 2.000000 4.000000 18.000000 C[purple]
-42.885451 5.958129 -59.967923 0.994449 0.098893 0.035929 -0.105218 0.934674 0.339580 -0.000000 -0.341475 0.939891 B 2.000000 4.000000 18.000000 C[purple]
-42.899782 -0.267100 -43.025443 0.999464 0.030760 0.011176 -0.032728 0.939387 0.341292 -0.000000 -0.341475 0.939891 B 2.000000 4.000000 18.000000 C[purple]
-42.945572 -6.801328 -25.749328 0.983602 0.169512 0.061586 -0.180353 0.924478 0.335876 0.000000 -0.341475 0.939891 B 2.000000 4.000000 18.000000 C[purple]
-42.664780 -13.116232 -8.566510 0.989410 0.136423 0.049564 -0.145147 0.929937 0.337859 0.000000 -0.341475 0.939891 B 2.000000 4.000000 18.000000 C[purple]
-42.775109 -19.326709 8.993927 0.971711 0.221975 0.080647 -0.236171 0.913303 0.331816 -0.000000 -0.341475 0.939891 B 2.000000 4.000000 18.000000 C[purple]
-43.056830 -25.380604 26.341036 0.956639 0.273767 0.099463 -0.291275 0.899136 0.326669 0.000000 -0.341475 0.939891 B 2.000000 4.000000 18.000000 C[purple]
