-44.854000 -7.783739 77.524462 -0.836066 0.515651 0.187343 -0.548629 -0.785811 -0.285496 -0.000000 -0.341475 0.939891 B 2.000000 4.000000 18.000000 C[purple]
-44.810135 -13.737893 -77.291075 -0.724303 0.648038 0.235441 -0.689482 -0.680765 -0.247332 0.000000 -0.341475 0.939891 B 2.000000 4.000000 18.000000 C[purple]
-45.032627 -19.834401 -60.082857 -0.760320 0.610505 0.221805 -0.649548 -0.714618 -0.259631 0.000000 -0.341475 0.939891 B 2.000000 4.000000 18.000000 C[purple]
-45.286730 -26.185398 -43.065553 -0.725088 0.647261 0.235159 -0.688656 -0.681504 -0.247600 0.000000 -0.341475 0.939891 B 2.000000 4.000000 18.000000 C[purple]
-45.205026 30.084838 -25.505847 -0.773098 0.596160 0.216593 -0.634286 -0.726628 -0.263994 0.000000 -0.341475 0.939891 B 2.000000 4.000000 18.000000 C[purple]
-45.199372 23.841252 -8.619330 -0.734495 0.637823 0.231730 -0.678614 -0.690345 -0.250812 -0.000000 -0.341475 0.939891 B 2.000000 4.000000 18.000000 C[purple]
-45.112980 17.784543 8.412929 -0.895502 0.418304 0.151976 -0.445056 -0.841674 -0.305792 -0.000000 -0.341475 0.939891 B 2.000000 4.000000 18.000000 C[purple]
-45.029221 11.323429 25.656225 -0.969647 0.229810 0.083493 -0.244507 -0.911363 -0.331111 -0.000000 -0.341475 0.939891 B 2.000000 4.000000 18.000000 C[purple]
-44.987151 4.891063 42.765995 -0.902549 0.404706 0.147035 -0.430588 -0.848297 -0.308198 0.000000 -0.341475 0.939891 B 2.000000 4.000000 18.000000 C[purple]
-44.865909 -1.276904 60.360635 -0.897665 0.414190 0.150481 -0.440679 -0.843707 -0.306530 0.000000 -0.341475 0.939891 B 2.000000 4.000000 18.000000 C[purple]
-40.319782 30.784149 -77.427869 -0.164035 0.927159 0.336850 -0.986455 -0.154175 -0.056014 0.000000 -0.341475 0.939891 B 2.000000 4.000000 18.000000 C[purple]
-40.320137 24.721485 -60.205997 -0.117839 0.933342 0.339096 -0.993033 -0.110756 -0.040239 0.000000 -0.341475 0.939891 B 2.000000 4.000000 18.000000 C[purple]
-40.514449 18.278356 -42.889680 0.095405 0.935603 0.339918 -0.995439 0.089670 0.032578 0.000000 -0.341475 0.939891 B 2.000000 4.000000 18.000000 C[purple]
-40.197054 12.092956 -25.405558 -0.032701 0.939388 0.341293 -0.999465 -0.030735 -0.011167 -0.000000 -0.341475 0.939891 B 2.000000 4.000000 18.000000 C[purple]
-40.385764 5.745850 -8.478724 -0.047377 0.938835 0.341092 -0.998877 -0.044529 -0.016178 -0.000000 -0.341475 0.939891 B 2.000000 4.000000 18.000000 C[purple]
-40.316328 -0.702878 8.986090 0.078064 0.937022 0.340433 -0.996948 0.073372 0.026657 0.000000 -0.341475 0.939891 B 2.000000 4.000000 18.000000 C[purple]
-40.022160 -7.138301 26.296281 0.142988 0.930233 0.337967 -0.989724 0.134393 0.048827 0.000000 -0.341475 0.939891 B 2.000000 4.000000 18.000000 C[purple]
-40.238615 -13.261844 43.602783 0.231542 0.914349 0.332196 -0.972825 0.217624 0.079066 0.000000 -0.341475 0.939891 B 2.000000 4.000000 18.000000 C[purple]
-40.024920 -19.367475 60.569827 0.063817 0.937975 0.340779 -0.997962 0.059981 0.021792 0.000000 -0.341475 0.939891 B 2.000000 4.000000 18.000000 C[purple]
-40.190896 -25.567132 77.501880 0.088499 0.936203 0.340136 -0.996076 0.083179 0.030220 0.000000 -0.341475 0.939891 B 2.000000 4.000000 18.000000 C[purple]
4.152978 18.211841 77.059962 0.852130 -0.491872 -0.178704 0.523329 0.800910 0.290982 -0.000000 -0.341475 0.939891 B 2.000000 4.000000 18.000000 C[purple]
4.434054 12.100402 -77.602314 0.944821 -0.307895 -0.111862 0.327586 0.888029 0.322633 -0.000000 -0.341475 0.939891 B 2.000000 4.000000 18.000000 C[purple]
4.390922 5.625079 -60.234496 0.878192 -0.449557 -0.163330 0.478308 0.825405 0.299881 0.000000 -0.341475 0.939891 B 2.000000 4.000000 18.000000 C[purple]
4.151177 -0.849926 -42.878844 0.908668 -0.392423 -0.142573 0.417520 0.854048 0.310288 0.000000 -0.341475 0.939891 B 2.000000 4.000000 18.000000 C[purple]
3.922966 -7.310822 -26.007692 0.893528 -0.422018 -0.153325 0.449007 0.839819 0.305118 0.000000 -0.341475 0.939891 B 2.000000 4.000000 18.000000 C[purple]
3.823333 -13.309104 -9.028096 0.836984 -0.514334 -0.186865 0.547227 0.786673 0.285809 0.000000 -0.341475 0.939891 B 2.000000 4.000000 18.000000 C[purple]
3.755524 -19.791010 8.558667 0.779646 -0.588579 -0.213839 0.626221 0.732782 0.266230 0.000000 -0.341475 0.939891 B 2.000000 4.000000 18.000000 C[purple]
3.991036 -25.785233 25.633651 0.613992 -0.741868 -0.269531 0.789313 0.577085 0.209663 -0.000000 -0.341475 0.939891 B 2.000000 4.000000 18.000000 C[purple]
4.099120 30.618792 42.637630 0.819745 -0.538302 -0.195573 0.572729 0.770471 0.279923 0.000000 -0.341475 0.939891 B 2.000000 4.000000 18.000000 C[purple]
3.870499 24.726258 59.891161 0.819602 -0.538495 -0.195643 0.572934 0.770336 0.279874 -0.000000 -0.341475 0.939891 B 2.000000 4.000000 18.000000 C[purple]
-24.268652 13.009934 -77.789530 0.850084 -0.494991 -0.179837 0.526648 0.798986 0.290283 0.000000 -0.341475 0.939891 B 2.000000 4.000000 18.000000 C[purple]
-24.200990 6.682176 -60.398191 0.976243 -0.203653 -0.073990 0.216677 0.917562 0.333363 0.000000 -0.341475 0.939891 B 2.000000 4.000000 18.000000 C[purple]
-24.104107 0.752160 -42.960566 0.998503 -0.051415 -0.018680 0.054703 0.938483 0.340964 0.000000 -0.341475 0.939891 B 2.000000 4.000000 18.000000 C[purple]
-23.872966 -5.564512 -25.831175 0.987540 -0.147907 -0.053737 0.157366 0.928180 0.337221 0.000000 -0.341475 0.939891 B 2.000000 4.000000 18.000000 C[purple]
-23.614398 -11.723470 -8.584971 0.997020 -0.072506 -0.026343 0.077144 0.937090 0.340458 -0.000000 -0.341475 0.939891 B 2.000000 4.000000 18.000000 C[purple]
-23.798914 -17.981863 8.405502 0.992801 -0.112578 -0.040901 0.119777 0.933124 0.339017 0.000000 -0.341475 0.939891 B 2.000000 4.000000 18.000000 C[purple]
-23.855215 -24.031100 25.499090 0.953938 -0.281970 -0.102444 0.300003 0.896598 0.325746 -0.000000 -0.341475 0.939891 B 2.000000 4.000000 18.000000 C[purple]
-23.843915 -30.692126 42.765276 0.961916 -0.256915 -0.093341 0.273346 0.904096 0.328471 0.000000 -0.341475 0.939891 B 2.000000 4.000000 18.000000 C[purple]
-24.231802 25.653611 60.072966 0.954805 -0.279367 -0.101498 0.297233 0.897412 0.326042 -0.000000 -0.341475 0.939891 B 2.000000 4.000000 18.000000 C[purple]
-24.168844 19.155842 76.976986 0.965634 -0.244283 -0.088752 0.259906 0.907590 0.329740 -0.000000 -0.341475 0.939891 B 2.000000 4.000000 18.000000 C[purple]
21.302350 -10.718585 77.166743 0.529636 -0.797239 -0.289648 0.848225 0.497800 0.180858 -0.000000 -0.341475 0.939891 B 2.000000 4.000000 18.000000 C[purple]
21.042876 -17.001814 -77.783969 0.597799 -0.753460 -0.273742 0.801646 0.561866 0.204134 0.000000 -0.341475 0.939891 B 2.000000 4.000000 18.000000 C[purple]
21.164499 -23.315708 -60.141767 0.594967 -0.755437 -0.274461 0.803750 0.559204 0.203167 0.000000 -0.341475 0.939891 B 2.000000 4.000000 18.000000 C[purple]
21.018654 -29.879100 -43.039333 0.595420 -0.755122 -0.274346 0.803415 0.559629 0.203321 0.000000 -0.341475 0.939891 B 2.000000 4.000000 18.000000 C[purple]
21.055848 26.228673 -25.639944 0.541491 -0.790172 -0.287081 0.840707 0.508942 0.184906 -0.000000 -0.341475 0.939891 B 2.000000 4.000000 18.000000 C[purple]
21.048899 20.114336 -8.478060 0.466127 -0.831538 -0.302109 0.884718 0.438108 0.159171 0.000000 -0.341475 0.939891 B 2.000000 4.000000 18.000000 C[purple]
20.951591 14.018614 8.642934 0.308850 -0.893940 -0.324781 0.951111 0.290286 0.105465 0.000000 -0.341475 0.939891 B 2.000000 4.000000 18.000000 C[purple]
20.777822 7.718744 25.671401 0.380464 -0.869207 -0.315795 0.924796 0.357595 0.129919 0.000000 -0.341475 0.939891 B 2.000000 4.000000 18.000000 C[purple]
21.116881 1.677437 42.993837 0.258903 -0.907843 -0.329832 0.965903 0.243341 0.088409 0.000000 -0.341475 0.939891 B 2.000000 4.000000 18.000000 C[purple]
20.986741 -4.399290 59.955613 0.384302 -0.867714 -0.315253 0.923208 0.361202 0.131230 0.000000 -0.341475 0.939891 B 2.000000 4.000000 18.000000 C[purple]
48.364965 -14.551654 -77.580001 0.059884 0.938204 0.340863 -0.998205 0.056284 0.020449 -0.000000 -0.341475 0.939891 B 2.000000 4.000000 18.000000 C[purple]
48.236932 -21.015320 -60.405547 0.057058 0.938360 0.340919 -0.998371 0.053628 0.019484 -0.000000 -0.341475 0.939891 B 2.000000 4.000000 18.000000 C[purple]
48.415260 -27.252637 -43.496688 0.202830 0.920354 0.334378 -0.979214 0.190638 0.069261 -0.000000 -0.341475 0.939891 B 2.000000 4.000000 18.000000 C[purple]
48.444995 29.172590 -26.226018 0.258428 0.907963 0.329876 -0.966031 0.242894 0.088247 -0.000000 -0.341475 0.939891 B 2.000000 4.000000 18.000000 C[purple]
48.296072 22.634834 -8.749151 0.287440 0.900226 0.327065 -0.957799 0.270162 0.098154 -0.000000 -0.341475 0.939891 B 2.000000 4.000000 18.000000 C[purple]
48.220127 16.340833 8.746795 0.337937 0.884596 0.321386 -0.941169 0.317624 0.115397 -0.000000 -0.341475 0.939891 B 2.000000 4.000000 18.000000 C[purple]
48.009061 10.268769 25.900156 0.392412 0.864502 0.314086 -0.919790 0.368824 0.133999 -0.000000 -0.341475 0.939891 B 2.000000 4.000000 18.000000 C[purple]
48.224732 4.031370 42.984390 0.001755 0.939889 0.341475 -0.999998 0.001650 0.000599 -0.000000 -0.341475 0.939891 B 2.000000 4.000000 18.000000 C[purple]
48.629859 -2.107987 60.266267 -0.084584 0.936522 0.340252 -0.996416 -0.079500 -0.028883 0.000000 -0.341475 0.939891 B 2.000000 4.000000 18.000000 C[purple]
48.424882 -8.152750 77.398645 -0.121943 0.932876 0.338927 -0.992537 -0.114613 -0.041640 0.000000 -0.341475 0.939891 B 2.000000 4.000000 18.000000 C[purple]
-16.132974 -3.771293 77.693328 0.417053 0.854250 0.310361 -0.908882 0.391984 0.142413 0.000000 -0.341475 0.939891 B 2.000000 4.000000 18.000000 C[purple]
-16.129875 -10.117988 -77.363099 0.224989 0.915793 0.332720 -0.974361 0.211465 0.076828 -0.000000 -0.341475 0.939891 B 2.000000 4.000000 18.000000 C[purple]
-16.012872 -16.418957 -60.455612 0.143976 0.930098 0.337918 -0.989581 0.135322 0.049164 -0.000000 -0.341475 0.939891 B 2.000000 4.000000 18.000000 C[purple]
-15.958315 -22.592683 -43.229368 0.305589 0.894930 0.325140 -0.952163 0.287221 0.104351 0.000000 -0.341475 0.939891 B 2.000000 4.000000 18.000000 C[purple]
-15.750344 -28.619757 -25.967771 0.390948 0.865088 0.314298 -0.920413 0.367448 0.133499 0.000000 -0.341475 0.939891 B 2.000000 4.000000 18.000000 C[purple]
-15.569085 27.849126 -8.818206 0.213200 0.918281 0.333624 -0.977009 0.200384 0.072802 0.000000 -0.341475 0.939891 B 2.000000 4.000000 18.000000 C[purple]
-15.755310 21.674518 8.571537 0.066094 0.937836 0.340729 -0.997813 0.062121 0.022569 0.000000 -0.341475 0.939891 B 2.000000 4.000000 18.000000 C[purple]
-16.108133 15.408087 25.622245 0.270156 0.904942 0.328778 -0.962817 0.253917 0.092252 -0.000000 -0.341475 0.939891 B 2.000000 4.000000 18.000000 C[purple]
-16.194987 8.930939 42.845977 0.389278 0.865752 0.314540 -0.921120 0.365879 0.132929 0.000000 -0.341475 0.939891 B 2.000000 4.000000 18.000000 C[purple]
-16.371336 2.538705 60.407995 0.522939 0.801135 0.291063 -0.852370 0.491506 0.178571 -0.000000 -0.341475 0.939891 B 2.000000 4.000000 18.000000 C[purple]
-3.307880 -1.405591 -77.462751 0.418637 -0.853565 -0.310112 0.908154 0.393473 0.142954 -0.000000 -0.341475 0.939891 B 2.000000 4.000000 18.000000 C[purple]
-3.205175 -7.762636 -59.924902 0.264609 -0.906389 -0.329304 0.964356 0.248703 0.090357 0.000000 -0.341475 0.939891 B 2.000000 4.000000 18.000000 C[purple]
-3.082458 -14.056670 -42.968339 0.361227 -0.876427 -0.318418 0.932478 0.339514 0.123350 0.000000 -0.341475 0.939891 B 2.000000 4.000000 18.000000 C[purple]
-2.922753 -20.094914 -25.734787 0.296336 -0.897674 -0.326138 0.955084 0.278523 0.101191 -0.000000 -0.341475 0.939891 B 2.000000 4.000000 18.000000 C[purple]
-3.232893 -26.211043 -8.582833 0.215712 -0.917763 -0.333436 0.976457 0.202745 0.073660 -0.000000 -0.341475 0.939891 B 2.000000 4.000000 18.000000 C[purple]
-3.415609 29.957679 8.403976 0.471608 -0.828804 -0.301116 0.881809 0.443260 0.161042 0.000000 -0.341475 0.939891 B 2.000000 4.000000 18.000000 C[purple]
-3.281870 23.940303 25.374992 0.342236 -0.883134 -0.320855 0.939614 0.321665 0.116865 -0.000000 -0.341475 0.939891 B 2.000000 4.000000 18.000000 C[purple]
-3.151242 17.449150 42.894048 0.402868 -0.860243 -0.312538 0.915258 0.378652 0.137569 -0.000000 -0.341475 0.939891 B 2.000000 4.000000 18.000000 C[purple]
-3.283940 11.103032 60.143745 0.543104 -0.789194 -0.286725 0.839666 0.510458 0.185457 0.000000 -0.341475 0.939891 B 2.000000 4.000000 18.000000 C[purple]
-3.300327 4.804852 77.162307 0.500875 -0.813494 -0.295554 0.865520 0.470768 0.171036 -0.000000 -0.341475 0.939891 B 2.000000 4.000000 18.000000 C[purple]
-20.237559 3.160802 -76.471959 -0.339029 -0.884227 -0.321252 0.940776 -0.318650 -0.115770 0.000000 -0.341475 0.939891 B 2.000000 4.000000 18.000000 C[purple]
-20.063171 -3.155821 -59.392211 -0.148647 -0.929449 -0.337682 0.988890 -0.139712 -0.050759 0.000000 -0.341475 0.939891 B 2.000000 4.000000 18.000000 C[purple]
-19.810208 -9.549230 -42.181946 -0.068244 -0.937700 -0.340679 0.997669 -0.064142 -0.023304 -0.000000 -0.341475 0.939891 B 2.000000 4.000000 18.000000 C[purple]
-19.858010 -15.619752 -25.117108 -0.398946 -0.861856 -0.313124 0.916974 -0.374966 -0.136230 0.000000 -0.341475 0.939891 B 2.000000 4.000000 18.000000 C[purple]
-19.870827 -22.112281 -7.723699 -0.270071 -0.904965 -0.328786 0.962840 -0.253837 -0.092223 0.000000 -0.341475 0.939891 B 2.000000 4.000000 18.000000 C[purple]
-19.877319 -28.269028 9.445952 -0.099500 -0.935227 -0.339781 0.995038 -0.093519 -0.033977 0.000000 -0.341475 0.939891 B 2.000000 4.000000 18.000000 C[purple]
-19.803385 28.035722 26.436538 -0.373945 -0.871702 -0.316702 0.927451 -0.351467 -0.127693 -0.000000 -0.341475 0.939891 B 2.000000 4.000000 18.000000 C[purple]
-20.040774 21.679825 43.496156 -0.135772 -0.931187 -0.338313 0.990740 -0.127611 -0.046363 0.000000 -0.341475 0.939891 B 2.000000 4.000000 18.000000 C[purple]
-19.775451 15.624854 60.656668 -0.227666 -0.915208 -0.332508 0.973739 -0.213981 -0.077742 0.000000 -0.341475 0.939891 B 2.000000 4.000000 18.000000 C[purple]
-20.022703 9.529472 78.050706 -0.113287 -0.933840 -0.339277 0.993562 -0.106477 -0.038685 0.000000 -0.341475 0.939891 B 2.000000 4.000000 18.000000 C[purple]
11.719852 15.232078 77.814413 0.787760 -0.578956 -0.210343 0.615982 0.740408 0.269001 0.000000 -0.341475 0.939891 B 2.000000 4.000000 18.000000 C[purple]
11.731114 9.181819 -76.968399 0.577310 -0.767444 -0.278823 0.816525 0.542608 0.197137 0.000000 -0.341475 0.939891 B 2.000000 4.000000 18.000000 C[purple]
11.612564 2.772839 -59.738615 0.609088 -0.745430 -0.270825 0.793103 0.572476 0.207988 -0.000000 -0.341475 0.939891 B 2.000000 4.000000 18.000000 C[purple]
11.457478 -3.716494 -42.794563 0.717112 -0.655064 -0.237994 0.696958 0.674007 0.244876 -0.000000 -0.341475 0.939891 B 2.000000 4.000000 18.000000 C[purple]
11.678008 -10.297572 -25.474562 0.687448 -0.682580 -0.247991 0.726233 0.646126 0.234747 -0.000000 -0.341475 0.939891 B 2.000000 4.000000 18.000000 C[purple]
11.600455 -16.250443 -8.413394 0.816856 -0.542168 -0.196977 0.576842 0.767755 0.278936 -0.000000 -0.341475 0.939891 B 2.000000 4.000000 18.000000 C[purple]
11.701655 -22.134274 8.957498 0.820635 -0.537103 -0.195137 0.571453 0.771307 0.280227 0.000000 -0.341475 0.939891 B 2.000000 4.000000 18.000000 C[purple]
11.705173 -28.286048 26.041258 0.685446 -0.684356 -0.248636 0.728123 0.644245 0.234063 0.000000 -0.341475 0.939891 B 2.000000 4.000000 18.000000 C[purple]
11.820762 27.659121 43.051778 0.679660 -0.689435 -0.250481 0.733527 0.638806 0.232087 0.000000 -0.341475 0.939891 B 2.000000 4.000000 18.000000 C[purple]
11.842181 21.572466 60.537072 0.630082 -0.729852 -0.265166 0.776529 0.592208 0.215157 -0.000000 -0.341475 0.939891 B 2.000000 4.000000 18.000000 C[purple]
-18.754381 24.821057 77.321709 0.975898 -0.205108 -0.074519 0.218225 0.917238 0.333245 -0.000000 -0.341475 0.939891 B 2.000000 4.000000 18.000000 C[purple]
-19.001673 18.483797 -77.388012 0.926092 -0.354619 -0.128838 0.377298 0.870425 0.316238 0.000000 -0.341475 0.939891 B 2.000000 4.000000 18.000000 C[purple]
-19.281516 12.243151 -59.991906 0.877521 -0.450713 -0.163750 0.479537 0.824774 0.299652 0.000000 -0.341475 0.939891 B 2.000000 4.000000 18.000000 C[purple]
-19.218207 6.107759 -42.887873 0.996550 -0.078006 -0.028340 0.082994 0.936648 0.340297 0.000000 -0.341475 0.939891 B 2.000000 4.000000 18.000000 C[purple]
-19.291650 0.088054 -25.417897 0.969813 -0.229193 -0.083269 0.243850 0.911518 0.331167 0.000000 -0.341475 0.939891 B 2.000000 4.000000 18.000000 C[purple]
-19.210180 -6.391248 -8.208777 0.881354 -0.444057 -0.161332 0.472456 0.828377 0.300961 -0.000000 -0.341475 0.939891 B 2.000000 4.000000 18.000000 C[purple]
-19.034077 -12.808582 8.631076 0.862545 -0.475566 -0.172780 0.505980 0.810698 0.294538 0.000000 -0.341475 0.939891 B 2.000000 4.000000 18.000000 C[purple]
-19.366130 -19.356544 25.802483 0.884036 -0.439323 -0.159612 0.467419 0.830897 0.301876 -0.000000 -0.341475 0.939891 B 2.000000 4.000000 18.000000 C[purple]
-19.105973 -25.714564 43.207434 0.921038 -0.366061 -0.132995 0.389472 0.865675 0.314512 0.000000 -0.341475 0.939891 B 2.000000 4.000000 18.000000 C[purple]
-18.982907 30.819069 60.223901 0.983064 -0.172244 -0.062579 0.183260 0.923973 0.335692 0.000000 -0.341475 0.939891 B 2.000000 4.000000 18.000000 C[purple]
-49.381508 28.516307 -77.527835 0.876366 0.452694 0.164470 -0.481646 0.823688 0.299257 0.000000 -0.341475 0.939891 B 2.000000 4.000000 18.000000 C[purple]
-49.732879 22.196900 -60.478902 0.861398 0.477400 0.173446 -0.507931 0.809620 0.294146 -0.000000 -0.341475 0.939891 B 2.000000 4.000000 18.000000 C[purple]
-49.562715 15.553955 -43.415321 0.912942 0.383558 0.139352 -0.408088 0.858066 0.311747 0.000000 -0.341475 0.939891 B 2.000000 4.000000 18.000000 C[purple]
-49.401012 9.591121 -26.131942 0.949069 0.296130 0.107588 -0.315068 0.892021 0.324084 -0.000000 -0.341475 0.939891 B 2.000000 4.000000 18.000000 C[purple]
-49.403348 3.477869 -8.570457 0.940481 0.319420 0.116050 -0.339848 0.883949 0.321151 0.000000 -0.341475 0.939891 B 2.000000 4.000000 18.000000 C[purple]
-49.348176 -2.546117 8.881897 0.853672 0.489506 0.177844 -0.520811 0.802358 0.291508 0.000000 -0.341475 0.939891 B 2.000000 4.000000 18.000000 C[purple]
-49.283705 -8.516091 25.880129 0.932820 0.338682 0.123048 -0.360342 0.876749 0.318535 -0.000000 -0.341475 0.939891 B 2.000000 4.000000 18.000000 C[purple]
-49.625511 -15.000617 42.860932 0.922510 0.362772 0.131800 -0.385973 0.867059 0.315015 0.000000 -0.341475 0.939891 B 2.000000 4.000000 18.000000 C[purple]
-49.464093 -21.092209 60.245707 0.943262 0.312089 0.113386 -0.332049 0.886563 0.322101 -0.000000 -0.341475 0.939891 B 2.000000 4.000000 18.000000 C[purple]
-49.702522 -27.417770 77.367653 0.882022 0.442885 0.160906 -0.471209 0.829004 0.301189 0.000000 -0.341475 0.939891 B 2.000000 4.000000 18.000000 C[purple]
-23.258962 -16.063575 -77.133289 -0.992346 0.116066 0.042168 -0.123489 -0.932697 -0.338862 0.000000 -0.341475 0.939891 B 2.000000 4.000000 18.000000 C[purple]
-23.261800 -22.317029 -60.221245 -0.891082 0.426563 0.154976 -0.453843 -0.837519 -0.304282 0.000000 -0.341475 0.939891 B 2.000000 4.000000 18.000000 C[purple]
-23.330062 -28.649998 -42.663527 -0.963533 0.251504 0.091375 -0.267589 -0.905616 -0.329023 -0.000000 -0.341475 0.939891 B 2.000000 4.000000 18.000000 C[purple]
-23.630724 27.711505 -25.597593 -0.971440 0.223022 0.081027 -0.237286 -0.913047 -0.331723 -0.000000 -0.341475 0.939891 B 2.000000 4.000000 18.000000 C[purple]
-23.633149 21.576525 -8.275065 -0.999620 -0.025906 -0.009412 0.027562 -0.939534 -0.341346 0.000000 -0.341475 0.939891 B 2.000000 4.000000 18.000000 C[purple]
-23.680295 15.258013 8.898396 -0.987815 -0.146280 -0.053146 0.155635 -0.928438 -0.337314 0.000000 -0.341475 0.939891 B 2.000000 4.000000 18.000000 C[purple]
-23.566192 9.134058 26.006005 -0.998327 -0.054352 -0.019747 0.057828 -0.938318 -0.340904 -0.000000 -0.341475 0.939891 B 2.000000 4.000000 18.000000 C[purple]
-23.401774 2.881718 43.478586 -0.986620 -0.153239 -0.055674 0.163039 -0.927315 -0.336906 0.000000 -0.341475 0.939891 B 2.000000 4.000000 18.000000 C[purple]
-23.248492 -3.210946 60.547183 -0.994028 0.102566 0.037264 -0.109125 -0.934278 -0.339436 0.000000 -0.341475 0.939891 B 2.000000 4.000000 18.000000 C[purple]
-23.412618 -9.595427 77.483940 -0.994442 -0.098958 -0.035953 0.105286 -0.934667 -0.339577 0.000000 -0.341475 0.939891 B 2.000000 4.000000 18.000000 C[purple]
42.308335 4.181489 77.749852 0.966692 0.240558 0.087398 -0.255942 0.908585 0.330102 -0.000000 -0.341475 0.939891 B 2.000000 4.000000 18.000000 C[purple]
42.399329 -2.359847 -77.145094 0.911057 0.387499 0.140784 -0.412281 0.856294 0.311103 -0.000000 -0.341475 0.939891 B 2.000000 4.000000 18.000000 C[purple]
42.645540 -8.809671 -60.167825 0.959751 0.263972 0.095905 -0.280854 0.902061 0.327731 0.000000 -0.341475 0.939891 B 2.000000 4.000000 18.000000 C[purple]
42.452549 -14.899139 -42.990198 0.970555 0.226402 0.082255 -0.240881 0.912215 0.331421 0.000000 -0.341475 0.939891 B 2.000000 4.000000 18.000000 C[purple]
42.440899 -21.427774 -25.421883 0.941457 0.316867 0.115122 -0.337132 0.884867 0.321485 -0.000000 -0.341475 0.939891 B 2.000000 4.000000 18.000000 C[purple]
42.464657 -27.365136 -8.396864 0.876029 0.453271 0.164680 -0.482259 0.823371 0.299142 0.000000 -0.341475 0.939891 B 2.000000 4.000000 18.000000 C[purple]
42.708746 28.706398 8.429251 0.883095 0.440992 0.160218 -0.469195 0.830013 0.301555 0.000000 -0.341475 0.939891 B 2.000000 4.000000 18.000000 C[purple]
42.601497 22.724182 25.978946 0.941308 0.317260 0.115265 -0.337550 0.884726 0.321433 -0.000000 -0.341475 0.939891 B 2.000000 4.000000 18.000000 C[purple]
42.696665 16.544116 43.051703 0.958317 0.268535 0.097562 -0.285708 0.900713 0.327242 0.000000 -0.341475 0.939891 B 2.000000 4.000000 18.000000 C[purple]
42.423056 10.455946 60.074617 0.951826 0.288206 0.104709 -0.306638 0.894613 0.325025 -0.000000 -0.341475 0.939891 B 2.000000 4.000000 18.000000 C[purple]
38.605739 -13.998601 -77.392650 0.147840 0.929562 0.337723 -0.989011 0.138954 0.050484 0.000000 -0.341475 0.939891 B 2.000000 4.000000 18.000000 C[purple]
38.456126 -20.191655 -60.356837 0.001217 0.939890 0.341475 -0.999999 0.001144 0.000416 0.000000 -0.341475 0.939891 B 2.000000 4.000000 18.000000 C[purple]
38.099764 -26.339167 -43.423790 0.165663 0.926904 0.336757 -0.986182 0.155705 0.056570 -0.000000 -0.341475 0.939891 B 2.000000 4.000000 18.000000 C[purple]
38.307380 29.861561 -26.225629 0.468195 0.830511 0.301736 -0.883625 0.440052 0.159877 0.000000 -0.341475 0.939891 B 2.000000 4.000000 18.000000 C[purple]
38.332413 23.518067 -8.797391 0.123773 0.932664 0.338850 -0.992311 0.116333 0.042265 -0.000000 -0.341475 0.939891 B 2.000000 4.000000 18.000000 C[purple]
38.426691 17.523846 8.184726 0.139555 0.930693 0.338134 -0.990214 0.131166 0.047655 0.000000 -0.341475 0.939891 B 2.000000 4.000000 18.000000 C[purple]
38.441906 11.343520 25.623051 0.240642 0.912271 0.331441 -0.970614 0.226178 0.082173 0.000000 -0.341475 0.939891 B 2.000000 4.000000 18.000000 C[purple]
38.506301 4.883527 43.181292 0.306980 0.894509 0.324988 -0.951716 0.288528 0.104826 -0.000000 -0.341475 0.939891 B 2.000000 4.000000 18.000000 C[purple]
38.627254 -1.246102 60.229298 0.181984 0.924196 0.335773 -0.983302 0.171045 0.062143 -0.000000 -0.341475 0.939891 B 2.000000 4.000000 18.000000 C[purple]
38.895182 -7.777708 77.593782 0.245818 0.911051 0.330998 -0.969316 0.231042 0.083941 -0.000000 -0.341475 0.939891 B 2.000000 4.000000 18.000000 C[purple]
-37.230917 3.394395 76.517889 0.983728 -0.168863 -0.061350 0.179662 0.924597 0.335919 -0.000000 -0.341475 0.939891 B 2.000000 4.000000 18.000000 C[purple]
-37.163198 -3.061469 -77.987900 0.950616 -0.291715 -0.105984 0.310371 0.893475 0.324612 0.000000 -0.341475 0.939891 B 2.000000 4.000000 18.000000 C[purple]
-37.254878 -9.315267 -60.832965 0.997337 0.068553 0.024906 -0.072937 0.937387 0.340566 -0.000000 -0.341475 0.939891 B 2.000000 4.000000 18.000000 C[purple]
-37.326120 -15.602954 -43.506270 0.999847 0.016448 0.005976 -0.017499 0.939747 0.341423 0.000000 -0.341475 0.939891 B 2.000000 4.000000 18.000000 C[purple]
-37.379031 -22.058359 -25.946530 0.989101 0.138387 0.050278 -0.147237 0.929647 0.337754 -0.000000 -0.341475 0.939891 B 2.000000 4.000000 18.000000 C[purple]
-37.073811 -28.496640 -8.902425 0.999817 0.017988 0.006535 -0.019138 0.939719 0.341413 -0.000000 -0.341475 0.939891 B 2.000000 4.000000 18.000000 C[purple]
-37.192753 27.644948 8.162229 0.969493 -0.230383 -0.083701 0.245117 0.911218 0.331058 -0.000000 -0.341475 0.939891 B 2.000000 4.000000 18.000000 C[purple]
-37.099476 21.640667 25.344725 0.999684 0.023628 0.008584 -0.025139 0.939594 0.341367 0.000000 -0.341475 0.939891 B 2.000000 4.000000 18.000000 C[purple]
-37.095900 15.308723 42.256352 0.960543 -0.261413 -0.094975 0.278131 0.902805 0.328002 -0.000000 -0.341475 0.939891 B 2.000000 4.000000 18.000000 C[purple]
-37.147676 9.253101 59.494426 0.983510 -0.169982 -0.061757 0.180853 0.924392 0.335844 -0.000000 -0.341475 0.939891 B 2.000000 4.000000 18.000000 C[purple]
21.093263 0.375618 -77.336511 0.904914 0.400012 0.145330 -0.425594 0.850520 0.309006 0.000000 -0.341475 0.939891 B 2.000000 4.000000 18.000000 C[purple]
21.186751 -6.092461 -60.427025 0.893914 0.421296 0.153063 -0.448239 0.840181 0.305250 0.000000 -0.341475 0.939891 B 2.000000 4.000000 18.000000 C[purple]
21.000993 -12.435191 -43.174101 0.966757 0.240329 0.087315 -0.255699 0.908646 0.330124 -0.000000 -0.341475 0.939891 B 2.000000 4.000000 18.000000 C[purple]
21.379330 -18.519597 -26.124694 0.967992 0.235893 0.085703 -0.250979 0.909807 0.330546 0.000000 -0.341475 0.939891 B 2.000000 4.000000 18.000000 C[purple]
21.098240 -24.571213 -9.106148 0.992847 0.112219 0.040771 -0.119395 0.933167 0.339033 -0.000000 -0.341475 0.939891 B 2.000000 4.000000 18.000000 C[purple]
21.150806 -31.123778 8.250033 0.952455 0.286367 0.104041 -0.304681 0.895203 0.325240 0.000000 -0.341475 0.939891 B 2.000000 4.000000 18.000000 C[purple]
21.358886 25.454502 25.694380 0.965604 0.244389 0.088790 -0.260018 0.907562 0.329730 -0.000000 -0.341475 0.939891 B 2.000000 4.000000 18.000000 C[purple]
21.167111 18.972471 43.116101 0.973535 0.214801 0.078040 -0.228538 0.915016 0.332438 -0.000000 -0.341475 0.939891 B 2.000000 4.000000 18.000000 C[purple]
21.126297 12.500655 60.559599 0.945537 0.305948 0.111155 -0.325514 0.888702 0.322878 0.000000 -0.341475 0.939891 B 2.000000 4.000000 18.000000 C[purple]
21.143604 6.241926 77.441470 0.966706 0.240508 0.087380 -0.255890 0.908598 0.330106 -0.000000 -0.341475 0.939891 B 2.000000 4.000000 18.000000 C[purple]
-35.417566 27.793101 77.199621 -0.973308 -0.215707 -0.078369 0.229502 -0.914803 -0.332361 0.000000 -0.341475 0.939891 B 2.000000 4.000000 18.000000 C[purple]
-35.467626 21.359818 -77.463284 -0.990843 0.126904 0.046106 -0.135020 -0.931284 -0.338348 0.000000 -0.341475 0.939891 B 2.000000 4.000000 18.000000 C[purple]
-35.417833 15.259497 -60.352970 -0.994150 -0.101512 -0.036881 0.108004 -0.934393 -0.339478 0.000000 -0.341475 0.939891 B 2.000000 4.000000 18.000000 C[purple]
-35.455097 9.121324 -43.159749 -0.991846 -0.119783 -0.043519 0.127444 -0.932227 -0.338691 0.000000 -0.341475 0.939891 B 2.000000 4.000000 18.000000 C[purple]
-35.240250 2.986180 -25.832105 -0.988834 -0.140063 -0.050887 0.149020 -0.929396 -0.337663 -0.000000 -0.341475 0.939891 B 2.000000 4.000000 18.000000 C[purple]
-35.428690 -3.447708 -8.740156 -0.991298 -0.123725 -0.044951 0.131638 -0.931712 -0.338504 -0.000000 -0.341475 0.939891 B 2.000000 4.000000 18.000000 C[purple]
-35.587238 -9.529618 8.437763 -0.989135 0.138172 0.050200 -0.147009 -0.929679 -0.337765 -0.000000 -0.341475 0.939891 B 2.000000 4.000000 18.000000 C[purple]
-35.536090 -15.527877 25.542678 -0.979697 0.188431 0.068460 -0.200482 -0.920809 -0.334543 0.000000 -0.341475 0.939891 B 2.000000 4.000000 18.000000 C[purple]
-35.335559 -22.020921 42.969725 -0.995368 0.090361 0.032830 -0.096140 -0.935537 -0.339894 0.000000 -0.341475 0.939891 B 2.000000 4.000000 18.000000 C[purple]
-35.406264 -28.280413 60.183789 -0.992714 -0.113253 -0.041146 0.120496 -0.933043 -0.338987 -0.000000 -0.341475 0.939891 B 2.000000 4.000000 18.000000 C[purple]
29.062507 -28.493796 -77.077741 -0.763995 0.606438 0.220328 -0.645222 -0.718072 -0.260885 -0.000000 -0.341475 0.939891 B 2.000000 4.000000 18.000000 C[purple]
29.471854 27.682426 -59.924269 -0.804595 0.558130 0.202776 -0.593824 -0.756231 -0.274749 0.000000 -0.341475 0.939891 B 2.000000 4.000000 18.000000 C[purple]
29.442811 21.370876 -42.886442 -0.826821 0.528656 0.192068 -0.562466 -0.777121 -0.282339 0.000000 -0.341475 0.939891 B 2.000000 4.000000 18.000000 C[purple]
29.128460 15.094387 -25.773211 -0.780838 0.587181 0.213331 -0.624733 -0.733903 -0.266637 0.000000 -0.341475 0.939891 B 2.000000 4.000000 18.000000 C[purple]
29.052843 8.821528 -8.659958 -0.817986 0.540660 0.196429 -0.575238 -0.768818 -0.279322 -0.000000 -0.341475 0.939891 B 2.000000 4.000000 18.000000 C[purple]
28.958556 2.790145 8.406782 -0.795150 0.569962 0.207075 -0.606413 -0.747354 -0.271524 0.000000 -0.341475 0.939891 B 2.000000 4.000000 18.000000 C[purple]
28.870764 -3.507774 25.625320 -0.568709 0.773097 0.280877 -0.822539 -0.534524 -0.194200 -0.000000 -0.341475 0.939891 B 2.000000 4.000000 18.000000 C[purple]
28.986533 -9.581281 43.026284 -0.636786 0.724694 0.263291 -0.771041 -0.598509 -0.217447 -0.000000 -0.341475 0.939891 B 2.000000 4.000000 18.000000 C[purple]
29.061861 -15.881042 60.258638 -0.559738 0.778859 0.282970 -0.828670 -0.526092 -0.191137 0.000000 -0.341475 0.939891 B 2.000000 4.000000 18.000000 C[purple]
29.138251 -22.182279 77.646353 -0.430995 0.848114 0.308132 -0.902354 -0.405088 -0.147174 0.000000 -0.341475 0.939891 B 2.000000 4.000000 18.000000 C[purple]
-1.513708 -17.776336 77.768472 -0.350003 -0.880441 -0.319877 0.936749 -0.328964 -0.119517 0.000000 -0.341475 0.939891 B 2.000000 4.000000 18.000000 C[purple]
-1.706684 -23.876363 -76.756662 -0.364103 -0.875375 -0.318036 0.931359 -0.342217 -0.124332 0.000000 -0.341475 0.939891 B 2.000000 4.000000 18.000000 C[purple]
-1.662606 -30.101999 -59.748448 -0.457363 -0.835826 -0.303667 0.889280 -0.429871 -0.156178 0.000000 -0.341475 0.939891 B 2.000000 4.000000 18.000000 C[purple]
-1.675659 25.907535 -42.677534 -0.287416 -0.900233 -0.327067 0.957806 -0.270139 -0.098145 0.000000 -0.341475 0.939891 B 2.000000 4.000000 18.000000 C[purple]
-1.470860 19.630906 -25.490741 -0.563134 -0.776693 -0.282183 0.826365 -0.529285 -0.192297 0.000000 -0.341475 0.939891 B 2.000000 4.000000 18.000000 C[purple]
-1.553635 13.747863 -8.415314 -0.441326 -0.843408 -0.306422 0.897347 -0.414798 -0.150702 0.000000 -0.341475 0.939891 B 2.000000 4.000000 18.000000 C[purple]
-1.238797 7.293220 8.868677 -0.584064 -0.762917 -0.277178 0.811708 -0.548956 -0.199443 -0.000000 -0.341475 0.939891 B 2.000000 4.000000 18.000000 C[purple]
-0.912621 1.158195 26.047271 -0.574898 -0.769042 -0.279404 0.818225 -0.540341 -0.196313 0.000000 -0.341475 0.939891 B 2.000000 4.000000 18.000000 C[purple]
-1.101008 -5.151892 43.170324 -0.536087 -0.793421 -0.288261 0.844163 -0.503863 -0.183061 0.000000 -0.341475 0.939891 B 2.000000 4.000000 18.000000 C[purple]
-1.325627 -11.567355 60.509433 -0.573458 -0.769991 -0.279749 0.819235 -0.538988 -0.195822 -0.000000 -0.341475 0.939891 B 2.000000 4.000000 18.000000 C[purple]
11.986845 0.149721 -77.113397 0.991019 0.125684 0.045663 -0.133722 0.931449 0.338409 0.000000 -0.341475 0.939891 B 2.000000 4.000000 18.000000 C[purple]
11.879874 -5.826010 -59.910196 0.924796 0.357594 0.129919 -0.380464 0.869207 0.315795 -0.000000 -0.341475 0.939891 B 2.000000 4.000000 18.000000 C[purple]
11.584386 -11.830530 -42.469522 0.921933 0.364066 0.132270 -0.387350 0.866516 0.314817 -0.000000 -0.341475 0.939891 B 2.000000 4.000000 18.000000 C[purple]
11.861831 -18.244387 -25.091658 0.915522 0.378087 0.137364 -0.402267 0.860491 0.312628 0.000000 -0.341475 0.939891 B 2.000000 4.000000 18.000000 C[purple]
11.825919 -24.520979 -7.855599 0.961914 0.256921 0.093343 -0.273352 0.904094 0.328470 0.000000 -0.341475 0.939891 B 2.000000 4.000000 18.000000 C[purple]
12.013913 -31.008982 9.335686 0.922787 0.362150 0.131574 -0.385310 0.867319 0.315109 0.000000 -0.341475 0.939891 B 2.000000 4.000000 18.000000 C[purple]
12.095184 25.175449 26.284686 0.996710 0.076176 0.027676 -0.081048 0.936799 0.340352 0.000000 -0.341475 0.939891 B 2.000000 4.000000 18.000000 C[purple]
12.011882 18.893112 43.171690 0.933996 0.335808 0.122004 -0.357284 0.877854 0.318937 -0.000000 -0.341475 0.939891 B 2.000000 4.000000 18.000000 C[purple]
12.107914 12.485531 60.291439 0.999779 -0.019741 -0.007172 0.021004 0.939683 0.341400 -0.000000 -0.341475 0.939891 B 2.000000 4.000000 18.000000 C[purple]
11.972223 6.329402 77.788852 0.999820 -0.017845 -0.006483 0.018986 0.939721 0.341414 -0.000000 -0.341475 0.939891 B 2.000000 4.000000 18.000000 C[purple]
5.433882 -1.312145 77.227202 -0.454427 0.837239 0.304181 -0.890784 -0.427112 -0.155176 0.000000 -0.341475 0.939891 B 2.000000 4.000000 18.000000 C[purple]
5.266044 -7.602217 -77.390510 -0.408141 0.858044 0.311739 -0.912919 -0.383608 -0.139370 0.000000 -0.341475 0.939891 B 2.000000 4.000000 18.000000 C[purple]
5.273867 -13.817645 -59.786582 -0.302946 0.895723 0.325429 -0.953008 -0.284736 -0.103449 0.000000 -0.341475 0.939891 B 2.000000 4.000000 18.000000 C[purple]
5.368169 -19.883443 -42.401629 -0.281691 0.901830 0.327647 -0.959505 -0.264759 -0.096191 0.000000 -0.341475 0.939891 B 2.000000 4.000000 18.000000 C[purple]
5.728577 -25.899131 -25.373870 -0.360774 0.876592 0.318478 -0.932653 -0.339088 -0.123196 0.000000 -0.341475 0.939891 B 2.000000 4.000000 18.000000 C[purple]
5.611402 30.208246 -8.166762 -0.172141 0.925860 0.336378 -0.985072 -0.161794 -0.058782 0.000000 -0.341475 0.939891 B 2.000000 4.000000 18.000000 C[purple]
5.307898 23.841274 8.953133 -0.454148 0.837373 0.304229 -0.890926 -0.426850 -0.155080 0.000000 -0.341475 0.939891 B 2.000000 4.000000 18.000000 C[purple]
5.438643 17.688963 26.197261 -0.490707 0.818950 0.297536 -0.871325 -0.461211 -0.167564 0.000000 -0.341475 0.939891 B 2.000000 4.000000 18.000000 C[purple]
5.635658 11.255800 43.060856 -0.511426 0.807674 0.293439 -0.859327 -0.480685 -0.174639 0.000000 -0.341475 0.939891 B 2.000000 4.000000 18.000000 C[purple]
5.683555 4.990581 59.988765 -0.497926 0.815092 0.296134 -0.867220 -0.467996 -0.170029 0.000000 -0.341475 0.939891 B 2.000000 4.000000 18.000000 C[purple]
9.148844 -15.118506 -77.037251 0.742455 -0.629629 -0.228753 0.669896 0.697826 0.253530 -0.000000 -0.341475 0.939891 B 2.000000 4.000000 18.000000 C[purple]
8.902170 -21.299203 -60.117273 0.695158 -0.675647 -0.245472 0.718857 0.653372 0.237379 0.000000 -0.341475 0.939891 B 2.000000 4.000000 18.000000 C[purple]
9.128956 -27.239446 -43.065006 0.611708 -0.743532 -0.270136 0.791084 0.574938 0.208883 0.000000 -0.341475 0.939891 B 2.000000 4.000000 18.000000 C[purple]
9.092118 28.776239 -26.113219 0.516244 -0.804961 -0.292454 0.856441 0.485213 0.176285 0.000000 -0.341475 0.939891 B 2.000000 4.000000 18.000000 C[purple]
9.037875 22.478138 -8.492150 0.569674 -0.772469 -0.280649 0.821871 0.535431 0.194530 0.000000 -0.341475 0.939891 B 2.000000 4.000000 18.000000 C[purple]
9.031246 16.047840 8.866789 0.678122 -0.690772 -0.250967 0.734949 0.637360 0.231562 0.000000 -0.341475 0.939891 B 2.000000 4.000000 18.000000 C[purple]
9.037678 9.879087 26.140844 0.830013 -0.524218 -0.190456 0.557744 0.780122 0.283429 -0.000000 -0.341475 0.939891 B 2.000000 4.000000 18.000000 C[purple]
9.080085 3.730095 43.287319 0.933025 -0.338185 -0.122867 0.359813 0.876941 0.318605 -0.000000 -0.341475 0.939891 B 2.000000 4.000000 18.000000 C[purple]
9.003598 -2.754803 60.456885 0.801543 -0.561996 -0.204181 0.597937 0.753363 0.273707 0.000000 -0.341475 0.939891 B 2.000000 4.000000 18.000000 C[purple]
8.951960 -9.186169 77.718032 0.581934 -0.764353 -0.277700 0.813236 0.546954 0.198716 0.000000 -0.341475 0.939891 B 2.000000 4.000000 18.000000 C[purple]
8.959428 4.479195 77.849753 0.782995 0.584639 0.212407 -0.622028 0.735930 0.267373 0.000000 -0.341475 0.939891 B 2.000000 4.000000 18.000000 C[purple]
9.212451 -2.034072 -77.112175 0.872483 0.459273 0.166860 -0.488645 0.820038 0.297931 0.000000 -0.341475 0.939891 B 2.000000 4.000000 18.000000 C[purple]
9.256115 -8.492421 -59.715633 0.939320 0.322422 0.117141 -0.343043 0.882858 0.320755 0.000000 -0.341475 0.939891 B 2.000000 4.000000 18.000000 C[purple]
9.498918 -14.501005 -42.400249 0.928061 0.350042 0.127175 -0.372428 0.872276 0.316910 0.000000 -0.341475 0.939891 B 2.000000 4.000000 18.000000 C[purple]
9.686512 -20.750240 -25.334699 0.884018 0.439354 0.159623 -0.467452 0.830881 0.301870 0.000000 -0.341475 0.939891 B 2.000000 4.000000 18.000000 C[purple]
9.486617 -27.125105 -8.463605 0.925758 0.355389 0.129118 -0.378117 0.870111 0.316123 -0.000000 -0.341475 0.939891 B 2.000000 4.000000 18.000000 C[purple]
9.295445 29.359816 8.709424 0.965951 0.243172 0.088348 -0.258724 0.907889 0.329849 0.000000 -0.341475 0.939891 B 2.000000 4.000000 18.000000 C[purple]
9.107819 23.257284 25.749528 0.875196 0.454689 0.165195 -0.483768 0.822589 0.298858 0.000000 -0.341475 0.939891 B 2.000000 4.000000 18.000000 C[purple]
9.191766 17.036704 43.168927 0.847923 0.498255 0.181023 -0.530120 0.796955 0.289545 -0.000000 -0.341475 0.939891 B 2.000000 4.000000 18.000000 C[purple]
9.165952 10.690801 60.552920 0.922868 0.361968 0.131508 -0.385117 0.867395 0.315137 -0.000000 -0.341475 0.939891 B 2.000000 4.000000 18.000000 C[purple]
-49.217615 -10.676732 -77.475577 -0.218700 0.917138 0.333209 -0.975792 -0.205554 -0.074681 -0.000000 -0.341475 0.939891 B 2.000000 4.000000 18.000000 C[purple]
-49.084828 -16.981531 -60.274098 -0.085324 0.936463 0.340230 -0.996353 -0.080195 -0.029136 -0.000000 -0.341475 0.939891 B 2.000000 4.000000 18.000000 C[purple]
-49.505569 -23.371522 -43.246341 -0.125281 0.932486 0.338785 -0.992121 -0.117750 -0.042780 -0.000000 -0.341475 0.939891 B 2.000000 4.000000 18.000000 C[purple]
-49.200289 -29.520439 -26.252726 0.084640 0.936518 0.340250 -0.996412 0.079552 0.028902 0.000000 -0.341475 0.939891 B 2.000000 4.000000 18.000000 C[purple]
-49.451229 26.877032 -9.038012 0.321587 0.889964 0.323336 -0.946880 0.302257 0.109814 -0.000000 -0.341475 0.939891 B 2.000000 4.000000 18.000000 C[purple]
-49.638303 20.586723 8.003128 0.148872 0.929417 0.337670 -0.988857 0.139923 0.050836 -0.000000 -0.341475 0.939891 B 2.000000 4.000000 18.000000 C[purple]
-49.567975 13.979123 25.273149 0.150184 0.929230 0.337602 -0.988658 0.141157 0.051284 -0.000000 -0.341475 0.939891 B 2.000000 4.000000 18.000000 C[purple]
-49.769641 7.548183 42.457120 0.001475 0.939890 0.341475 -0.999999 0.001386 0.000504 -0.000000 -0.341475 0.939891 B 2.000000 4.000000 18.000000 C[purple]
-49.413164 1.410316 59.873135 -0.056516 0.938388 0.340930 -0.998402 -0.053118 -0.019299 -0.000000 -0.341475 0.939891 B 2.000000 4.000000 18.000000 C[purple]
-49.318672 -4.587769 77.156486 -0.249995 0.910047 0.330633 -0.968247 -0.234968 -0.085367 -0.000000 -0.341475 0.939891 B 2.000000 4.000000 18.000000 C[purple]
-32.974898 -3.590241 77.510274 0.014653 0.939790 0.341439 -0.999893 0.013772 0.005004 0.000000 -0.341475 0.939891 B 2.000000 4.000000 18.000000 C[purple]
-32.825994 -9.834114 -77.090280 0.037883 0.939216 0.341230 -0.999282 0.035606 0.012936 0.000000 -0.341475 0.939891 B 2.000000 4.000000 18.000000 C[purple]
-32.973496 -16.194895 -59.937278 0.305025 0.895100 0.325202 -0.952344 0.286690 0.104158 -0.000000 -0.341475 0.939891 B 2.000000 4.000000 18.000000 C[purple]
-33.099805 -22.366191 -42.973410 0.088454 0.936207 0.340137 -0.996080 0.083137 0.030205 -0.000000 -0.341475 0.939891 B 2.000000 4.000000 18.000000 C[purple]
-32.773514 -28.563695 -25.829116 0.083541 0.936605 0.340282 -0.996504 0.078519 0.028527 -0.000000 -0.341475 0.939891 B 2.000000 4.000000 18.000000 C[purple]
-32.890577 27.652287 -8.629093 -0.332363 0.886459 0.322063 -0.943152 -0.312385 -0.113494 0.000000 -0.341475 0.939891 B 2.000000 4.000000 18.000000 C[purple]
-32.671199 21.320028 8.642526 0.013645 0.939803 0.341444 -0.999907 0.012825 0.004660 0.000000 -0.341475 0.939891 B 2.000000 4.000000 18.000000 C[purple]
