-23.336076 17.132825 -77.471111 0.996135 -0.082558 -0.029994 0.087838 0.936258 0.340156 -0.000000 -0.341475 0.939891 B 2.000000 4.000000 18.000000 C[purple]
-23.252011 11.069005 -60.315547 0.946986 -0.301964 -0.109708 0.321276 0.890063 0.323372 -0.000000 -0.341475 0.939891 B 2.000000 4.000000 18.000000 C[purple]
-23.118721 4.471933 -42.985558 0.964818 -0.247114 -0.089780 0.262918 0.906824 0.329462 -0.000000 -0.341475 0.939891 B 2.000000 4.000000 18.000000 C[purple]
-23.198661 -1.896709 -25.916326 0.993504 0.106958 0.038859 -0.113798 0.933785 0.339257 -0.000000 -0.341475 0.939891 B 2.000000 4.000000 18.000000 C[purple]
-23.286054 -7.849349 -8.491269 0.977703 0.197371 0.071708 -0.209994 0.918934 0.333861 -0.000000 -0.341475 0.939891 B 2.000000 4.000000 18.000000 C[purple]
-23.078337 -14.071519 8.576076 0.908131 0.393518 0.142971 -0.418685 0.853544 0.310105 -0.000000 -0.341475 0.939891 B 2.000000 4.000000 18.000000 C[purple]
-23.242677 -20.672565 25.664934 0.890000 0.428553 0.155699 -0.455961 0.836503 0.303913 0.000000 -0.341475 0.939891 B 2.000000 4.000000 18.000000 C[purple]
-23.308033 -27.156082 42.979837 0.942525 0.314051 0.114099 -0.334136 0.885870 0.321849 0.000000 -0.341475 0.939891 B 2.000000 4.000000 18.000000 C[purple]
-23.330757 29.111829 60.032301 0.994527 0.098196 0.035676 -0.104476 0.934747 0.339607 -0.000000 -0.341475 0.939891 B 2.000000 4.000000 18.000000 C[purple]
-23.328877 23.327329 77.241609 0.987187 0.149978 0.054489 -0.159570 0.927848 0.337100 0.000000 -0.341475 0.939891 B 2.000000 4.000000 18.000000 C[purple]
0.039666 -6.475428 -77.768859 -0.197687 -0.921342 -0.334736 0.980265 -0.185804 -0.067505 0.000000 -0.341475 0.939891 B 2.000000 4.000000 18.000000 C[purple]
0.017812 -12.886440 -60.566974 -0.234780 -0.913619 -0.331931 0.972048 -0.220668 -0.080172 0.000000 -0.341475 0.939891 B 2.000000 4.000000 18.000000 C[purple]
-0.113874 -18.934452 -43.569413 -0.422501 -0.851882 -0.309501 0.906363 -0.397104 -0.144274 -0.000000 -0.341475 0.939891 B 2.000000 4.000000 18.000000 C[purple]
-0.399948 -25.410223 -26.434760 -0.534729 -0.794230 -0.288555 0.845024 -0.502587 -0.182597 0.000000 -0.341475 0.939891 B 2.000000 4.000000 18.000000 C[purple]
0.008439 30.748051 -9.076061 -0.506286 -0.810530 -0.294477 0.862366 -0.475853 -0.172884 -0.000000 -0.341475 0.939891 B 2.000000 4.000000 18.000000 C[purple]
0.177059 24.529318 7.936898 -0.450752 -0.838993 -0.304818 0.892649 -0.423657 -0.153921 0.000000 -0.341475 0.939891 B 2.000000 4.000000 18.000000 C[purple]
0.121748 18.297799 25.489886 -0.591827 -0.757613 -0.275251 0.806065 -0.556253 -0.202094 0.000000 -0.341475 0.939891 B 2.000000 4.000000 18.000000 C[purple]
-0.202117 12.256286 42.666487 -0.606166 -0.747531 -0.271588 0.795338 -0.569730 -0.206991 0.000000 -0.341475 0.939891 B 2.000000 4.000000 18.000000 C[purple]
0.036537 5.856748 59.771663 -0.778790 -0.589579 -0.214202 0.627284 -0.731978 -0.265938 0.000000 -0.341475 0.939891 B 2.000000 4.000000 18.000000 C[purple]
0.026294 -0.333937 77.210618 -0.567658 -0.773779 -0.281125 0.823264 -0.533537 -0.193841 -0.000000 -0.341475 0.939891 B 2.000000 4.000000 18.000000 C[purple]
-9.324352 -27.255116 -76.792213 0.530308 0.796844 0.289505 -0.847805 0.498431 0.181087 0.000000 -0.341475 0.939891 B 2.000000 4.000000 18.000000 C[purple]
-9.624602 28.769336 -59.787390 0.475792 0.826688 0.300347 -0.879558 0.447193 0.162471 -0.000000 -0.341475 0.939891 B 2.000000 4.000000 18.000000 C[purple]
-9.625000 22.832987 -42.594897 0.504616 0.811449 0.294811 -0.863344 0.474283 0.172314 0.000000 -0.341475 0.939891 B 2.000000 4.000000 18.000000 C[purple]
-9.708170 16.561987 -25.348719 0.372306 0.872322 0.316927 -0.928110 0.349927 0.127133 0.000000 -0.341475 0.939891 B 2.000000 4.000000 18.000000 C[purple]
-9.377268 10.161255 -8.341217 0.249451 0.910178 0.330680 -0.968387 0.234457 0.085181 -0.000000 -0.341475 0.939891 B 2.000000 4.000000 18.000000 C[purple]
-9.482714 3.746207 8.570894 0.179936 0.924550 0.335902 -0.983678 0.169120 0.061444 -0.000000 -0.341475 0.939891 B 2.000000 4.000000 18.000000 C[purple]
-9.680919 -2.390951 26.160745 0.260805 0.907363 0.329657 -0.965392 0.245128 0.089058 -0.000000 -0.341475 0.939891 B 2.000000 4.000000 18.000000 C[purple]
-9.640601 -8.555065 43.364075 0.620392 0.737149 0.267816 -0.784292 0.583100 0.211848 -0.000000 -0.341475 0.939891 B 2.000000 4.000000 18.000000 C[purple]
-9.660542 -15.068205 60.853645 0.726307 0.646053 0.234720 -0.687370 0.682649 0.248016 -0.000000 -0.341475 0.939891 B 2.000000 4.000000 18.000000 C[purple]
-9.462443 -21.032494 78.081946 0.725803 0.646554 0.234902 -0.687903 0.682175 0.247844 0.000000 -0.341475 0.939891 B 2.000000 4.000000 18.000000 C[purple]
-0.794152 3.484253 77.429728 0.087581 -0.936279 -0.340163 0.996157 0.082316 0.029907 0.000000 -0.341475 0.939891 B 2.000000 4.000000 18.000000 C[purple]
-0.769609 -2.823172 -77.473579 -0.016227 -0.939767 -0.341430 0.999868 -0.015252 -0.005541 0.000000 -0.341475 0.939891 B 2.000000 4.000000 18.000000 C[purple]
-0.720285 -8.993890 -59.869141 0.072868 -0.937392 -0.340568 0.997342 0.068488 0.024883 0.000000 -0.341475 0.939891 B 2.000000 4.000000 18.000000 C[purple]
-0.853945 -15.424170 -42.742322 -0.190129 -0.922746 -0.335247 0.981759 -0.178701 -0.064924 -0.000000 -0.341475 0.939891 B 2.000000 4.000000 18.000000 C[purple]
-1.230243 -21.526269 -25.552370 -0.379668 -0.869514 -0.315907 0.925123 -0.356846 -0.129647 -0.000000 -0.341475 0.939891 B 2.000000 4.000000 18.000000 C[purple]
-1.117760 -27.731768 -8.089728 -0.518277 -0.803807 -0.292034 0.855213 -0.487123 -0.176979 0.000000 -0.341475 0.939891 B 2.000000 4.000000 18.000000 C[purple]
-1.085979 28.427346 9.218595 -0.546117 -0.787355 -0.286057 0.837709 -0.513290 -0.186486 0.000000 -0.341475 0.939891 B 2.000000 4.000000 18.000000 C[purple]
-1.115728 22.259036 26.330546 -0.126123 -0.932385 -0.338749 0.992015 -0.118542 -0.043068 0.000000 -0.341475 0.939891 B 2.000000 4.000000 18.000000 C[purple]
-1.266035 15.777047 43.258430 -0.116455 -0.933496 -0.339152 0.993196 -0.109455 -0.039766 -0.000000 -0.341475 0.939891 B 2.000000 4.000000 18.000000 C[purple]
-0.980109 9.762077 60.307261 -0.181123 -0.924345 -0.335828 0.983460 -0.170236 -0.061849 -0.000000 -0.341475 0.939891 B 2.000000 4.000000 18.000000 C[purple]
-39.668979 -1.440532 -77.037561 0.140787 -0.930529 -0.338074 0.990040 0.132324 0.048075 0.000000 -0.341475 0.939891 B 2.000000 4.000000 18.000000 C[purple]
-39.820590 -7.738957 -60.155086 0.349961 -0.880456 -0.319882 0.936764 0.328925 0.119503 0.000000 -0.341475 0.939891 B 2.000000 4.000000 18.000000 C[purple]
-39.966503 -14.183054 -42.918065 0.185703 -0.923542 -0.335536 0.982606 0.174540 0.063413 -0.000000 -0.341475 0.939891 B 2.000000 4.000000 18.000000 C[purple]
-39.778795 -20.243245 -25.634330 0.164756 -0.927046 -0.336809 0.986334 0.154853 0.056260 -0.000000 -0.341475 0.939891 B 2.000000 4.000000 18.000000 C[purple]
-39.518910 -26.319147 -8.210474 0.101325 -0.935053 -0.339718 0.994853 0.095234 0.034600 0.000000 -0.341475 0.939891 B 2.000000 4.000000 18.000000 C[purple]
-39.542786 29.923712 9.002657 -0.007631 -0.939863 -0.341465 0.999971 -0.007172 -0.002606 -0.000000 -0.341475 0.939891 B 2.000000 4.000000 18.000000 C[purple]
-39.891690 23.697892 26.004210 0.076822 -0.937113 -0.340466 0.997045 0.072204 0.026233 0.000000 -0.341475 0.939891 B 2.000000 4.000000 18.000000 C[purple]
-39.808653 17.272288 43.103742 -0.091933 -0.935910 -0.340029 0.995765 -0.086407 -0.031393 0.000000 -0.341475 0.939891 B 2.000000 4.000000 18.000000 C[purple]
-39.583673 10.990227 60.553974 0.104190 -0.934775 -0.339617 0.994557 0.097927 0.035578 0.000000 -0.341475 0.939891 B 2.000000 4.000000 18.000000 C[purple]
-39.732697 4.890661 77.823685 0.132289 -0.931630 -0.338474 0.991211 0.124337 0.045173 0.000000 -0.341475 0.939891 B 2.000000 4.000000 18.000000 C[purple]
-10.679303 -10.691446 -77.332191 0.790311 -0.575877 -0.209224 0.612706 0.742806 0.269872 -0.000000 -0.341475 0.939891 B 2.000000 4.000000 18.000000 C[purple]
-10.399694 -17.025892 -60.203035 0.851641 -0.492621 -0.178976 0.524125 0.800450 0.290814 -0.000000 -0.341475 0.939891 B 2.000000 4.000000 18.000000 C[purple]
-10.525698 -22.952900 -42.826875 0.910708 -0.388222 -0.141046 0.413050 0.855966 0.310985 0.000000 -0.341475 0.939891 B 2.000000 4.000000 18.000000 C[purple]
-10.551617 -29.420119 -25.750310 0.806029 -0.556299 -0.202111 0.591877 0.757579 0.275239 -0.000000 -0.341475 0.939891 B 2.000000 4.000000 18.000000 C[purple]
-10.487971 27.158984 -8.417942 0.687790 -0.682275 -0.247880 0.725909 0.646448 0.234864 0.000000 -0.341475 0.939891 B 2.000000 4.000000 18.000000 C[purple]
-10.652319 20.475998 8.697392 0.697094 -0.673882 -0.244831 0.716979 0.655193 0.238041 -0.000000 -0.341475 0.939891 B 2.000000 4.000000 18.000000 C[purple]
-10.723636 14.348106 25.820936 0.906205 -0.397422 -0.144389 0.422839 0.851734 0.309447 -0.000000 -0.341475 0.939891 B 2.000000 4.000000 18.000000 C[purple]
-10.590882 8.247395 43.056771 0.993409 -0.107731 -0.039140 0.114621 0.933696 0.339225 -0.000000 -0.341475 0.939891 B 2.000000 4.000000 18.000000 C[purple]
-10.629209 1.850359 60.428038 0.855039 -0.487393 -0.177077 0.518563 0.803644 0.291975 0.000000 -0.341475 0.939891 B 2.000000 4.000000 18.000000 C[purple]
-10.464148 -4.183128 77.658364 0.697564 -0.673453 -0.244675 0.716522 0.655634 0.238201 -0.000000 -0.341475 0.939891 B 2.000000 4.000000 18.000000 C[purple]
-18.493580 14.636443 -76.815979 -0.764700 0.605653 0.220042 -0.644387 -0.718734 -0.261126 0.000000 -0.341475 0.939891 B 2.000000 4.000000 18.000000 C[purple]
-18.494299 8.536229 -59.848271 -0.942303 0.314639 0.114313 -0.334762 -0.885662 -0.321773 0.000000 -0.341475 0.939891 B 2.000000 4.000000 18.000000 C[purple]
-18.596436 2.285203 -42.659660 -0.999198 0.037638 0.013674 -0.040045 -0.939137 -0.341202 0.000000 -0.341475 0.939891 B 2.000000 4.000000 18.000000 C[purple]
-18.612326 -3.941148 -25.633999 -0.878074 0.449760 0.163404 -0.478524 -0.825294 -0.299841 -0.000000 -0.341475 0.939891 B 2.000000 4.000000 18.000000 C[purple]
-18.508141 -10.132152 -8.511839 -0.608112 0.746134 0.271081 -0.793852 -0.571558 -0.207655 -0.000000 -0.341475 0.939891 B 2.000000 4.000000 18.000000 C[purple]
-18.469950 -16.210463 8.876317 -0.383762 0.867925 0.315329 -0.923432 -0.360694 -0.131045 0.000000 -0.341475 0.939891 B 2.000000 4.000000 18.000000 C[purple]
-18.742762 -22.555288 26.173709 -0.605810 0.747786 0.271681 -0.795609 -0.569395 -0.206869 0.000000 -0.341475 0.939891 B 2.000000 4.000000 18.000000 C[purple]
-18.287256 -28.875944 43.442310 -0.578735 0.766496 0.278479 -0.815516 -0.543948 -0.197624 -0.000000 -0.341475 0.939891 B 2.000000 4.000000 18.000000 C[purple]
-18.476364 27.450475 60.516252 -0.765239 0.605051 0.219823 -0.643746 -0.719241 -0.261310 -0.000000 -0.341475 0.939891 B 2.000000 4.000000 18.000000 C[purple]
-18.595130 21.040906 77.732762 -0.773818 0.595335 0.216293 -0.633409 -0.727304 -0.264240 0.000000 -0.341475 0.939891 B 2.000000 4.000000 18.000000 C[purple]
-13.565729 -3.246308 77.458284 0.804179 -0.558659 -0.202969 0.594388 0.755840 0.274607 0.000000 -0.341475 0.939891 B 2.000000 4.000000 18.000000 C[purple]
-13.659213 -9.380501 -77.546151 0.772445 -0.596908 -0.216865 0.635082 0.726014 0.263771 -0.000000 -0.341475 0.939891 B 2.000000 4.000000 18.000000 C[purple]
-13.407308 -15.456434 -60.517222 0.634392 -0.726547 -0.263965 0.773012 0.596259 0.216629 0.000000 -0.341475 0.939891 B 2.000000 4.000000 18.000000 C[purple]
-13.407633 -21.480241 -43.142527 0.538273 -0.792112 -0.287785 0.842770 0.505918 0.183807 0.000000 -0.341475 0.939891 B 2.000000 4.000000 18.000000 C[purple]
-13.821061 -27.875461 -25.997249 0.508461 -0.809326 -0.294039 0.861085 0.477898 0.173627 0.000000 -0.341475 0.939891 B 2.000000 4.000000 18.000000 C[purple]
-14.053182 28.186346 -8.892398 0.743724 -0.628305 -0.228272 0.668487 0.699019 0.253963 -0.000000 -0.341475 0.939891 B 2.000000 4.000000 18.000000 C[purple]
-14.127834 21.909531 8.753927 0.737788 -0.634457 -0.230507 0.675032 0.693440 0.251936 0.000000 -0.341475 0.939891 B 2.000000 4.000000 18.000000 C[purple]
-13.918196 15.818567 25.955218 0.824009 -0.532520 -0.193472 0.566577 0.774478 0.281379 0.000000 -0.341475 0.939891 B 2.000000 4.000000 18.000000 C[purple]
-13.756816 9.170746 43.097809 0.857136 -0.484128 -0.175891 0.515090 0.805614 0.292691 -0.000000 -0.341475 0.939891 B 2.000000 4.000000 18.000000 C[purple]
-13.731189 2.903832 60.477440 0.582503 -0.763970 -0.277561 0.812829 0.547489 0.198910 -0.000000 -0.341475 0.939891 B 2.000000 4.000000 18.000000 C[purple]
20.312500 14.911219 -77.142325 -0.975778 -0.205613 -0.074702 0.218762 -0.917125 -0.333204 0.000000 -0.341475 0.939891 B 2.000000 4.000000 18.000000 C[purple]
20.102362 8.875688 -59.823425 -0.895579 -0.418160 -0.151923 0.444903 -0.841746 -0.305818 0.000000 -0.341475 0.939891 B 2.000000 4.000000 18.000000 C[purple]
19.923000 2.282079 -42.885763 -0.886882 -0.434226 -0.157760 0.461996 -0.833572 -0.302848 -0.000000 -0.341475 0.939891 B 2.000000 4.000000 18.000000 C[purple]
20.128053 -4.085807 -25.870306 -0.971028 -0.224603 -0.081602 0.238967 -0.912660 -0.331582 -0.000000 -0.341475 0.939891 B 2.000000 4.000000 18.000000 C[purple]
20.503511 -10.361315 -8.596310 -0.968641 -0.233530 -0.084845 0.248465 -0.910417 -0.330767 -0.000000 -0.341475 0.939891 B 2.000000 4.000000 18.000000 C[purple]
20.685526 -16.448053 8.642882 -0.999932 0.010947 0.003977 -0.011647 -0.939827 -0.341452 0.000000 -0.341475 0.939891 B 2.000000 4.000000 18.000000 C[purple]
20.436495 -22.907823 26.063809 -0.996737 -0.075863 -0.027562 0.080715 -0.936824 -0.340361 0.000000 -0.341475 0.939891 B 2.000000 4.000000 18.000000 C[purple]
20.626535 -28.772032 43.263164 -0.999712 -0.022565 -0.008198 0.024009 -0.939620 -0.341377 -0.000000 -0.341475 0.939891 B 2.000000 4.000000 18.000000 C[purple]
20.395761 27.356557 60.365625 -0.978762 -0.192678 -0.070003 0.205001 -0.919929 -0.334223 0.000000 -0.341475 0.939891 B 2.000000 4.000000 18.000000 C[purple]
20.294759 21.297233 77.951674 -0.905703 -0.398433 -0.144756 0.423914 -0.851261 -0.309275 -0.000000 -0.341475 0.939891 B 2.000000 4.000000 18.000000 C[purple]
-32.828153 28.830714 -76.961191 0.352116 -0.879697 -0.319606 0.935956 0.330951 0.120239 0.000000 -0.341475 0.939891 B 2.000000 4.000000 18.000000 C[purple]
-32.759057 22.950622 -59.521985 0.403980 -0.859782 -0.312371 0.914768 0.379697 0.137949 0.000000 -0.341475 0.939891 B 2.000000 4.000000 18.000000 C[purple]
-32.648720 16.863742 -42.155438 0.400984 -0.861020 -0.312821 0.916085 0.376881 0.136926 0.000000 -0.341475 0.939891 B 2.000000 4.000000 18.000000 C[purple]
-32.667749 10.476662 -25.120903 0.516814 -0.804638 -0.292336 0.856097 0.485749 0.176479 0.000000 -0.341475 0.939891 B 2.000000 4.000000 18.000000 C[purple]
-32.648771 4.281360 -7.927796 0.141020 -0.930498 -0.338063 0.990007 0.132544 0.048155 0.000000 -0.341475 0.939891 B 2.000000 4.000000 18.000000 C[purple]
-32.451880 -2.337533 9.220583 0.102632 -0.934927 -0.339672 0.994719 0.096463 0.035046 0.000000 -0.341475 0.939891 B 2.000000 4.000000 18.000000 C[purple]
-32.621779 -8.437988 26.198395 0.228146 -0.915103 -0.332470 0.973627 0.214432 0.077906 0.000000 -0.341475 0.939891 B 2.000000 4.000000 18.000000 C[purple]
-32.660281 -14.878968 43.194290 0.321867 -0.889874 -0.323304 0.946785 0.302520 0.109910 -0.000000 -0.341475 0.939891 B 2.000000 4.000000 18.000000 C[purple]
-32.830204 -21.057308 60.368461 0.179861 -0.924563 -0.335907 0.983692 0.169050 0.061418 0.000000 -0.341475 0.939891 B 2.000000 4.000000 18.000000 C[purple]
-32.735752 -27.434984 77.637645 0.303198 -0.895648 -0.325401 0.952928 0.284973 0.103535 0.000000 -0.341475 0.939891 B 2.000000 4.000000 18.000000 C[purple]
44.197673 22.072551 -77.325974 -0.814368 0.545464 0.198175 -0.580348 -0.765417 -0.278087 0.000000 -0.341475 0.939891 B 2.000000 4.000000 18.000000 C[purple]
44.432316 15.660506 -60.365327 -0.785531 0.581625 0.211312 -0.618822 -0.738314 -0.268240 -0.000000 -0.341475 0.939891 B 2.000000 4.000000 18.000000 C[purple]
44.454388 9.553365 -42.798937 -0.849874 0.495310 0.179953 -0.526987 -0.798788 -0.290211 0.000000 -0.341475 0.939891 B 2.000000 4.000000 18.000000 C[purple]
44.488914 3.428530 -25.319853 -0.681751 0.687610 0.249818 -0.731585 -0.640771 -0.232801 -0.000000 -0.341475 0.939891 B 2.000000 4.000000 18.000000 C[purple]
44.436469 -2.539393 -8.287489 -0.532784 0.795384 0.288974 -0.846252 -0.500758 -0.181933 0.000000 -0.341475 0.939891 B 2.000000 4.000000 18.000000 C[purple]
44.062998 -9.007201 8.952201 -0.474831 0.827176 0.300525 -0.880077 -0.446289 -0.162143 -0.000000 -0.341475 0.939891 B 2.000000 4.000000 18.000000 C[purple]
44.159789 -15.317660 26.103051 -0.756938 0.614206 0.223150 -0.653486 -0.711439 -0.258476 0.000000 -0.341475 0.939891 B 2.000000 4.000000 18.000000 C[purple]
44.149148 -21.347128 43.349011 -0.923083 0.361484 0.131332 -0.384602 -0.867597 -0.315210 -0.000000 -0.341475 0.939891 B 2.000000 4.000000 18.000000 C[purple]
44.031866 -27.645682 60.443376 -0.993440 0.107483 0.039050 -0.114356 -0.933725 -0.339235 0.000000 -0.341475 0.939891 B 2.000000 4.000000 18.000000 C[purple]
44.004352 28.273698 77.561086 -0.943457 0.311568 0.113197 -0.331494 -0.886747 -0.322168 0.000000 -0.341475 0.939891 B 2.000000 4.000000 18.000000 C[purple]
24.952184 10.969004 -77.310758 0.784085 0.583347 0.211938 -0.620654 0.736954 0.267746 0.000000 -0.341475 0.939891 B 2.000000 4.000000 18.000000 C[purple]
24.888318 5.020166 -60.098351 0.720737 0.651541 0.236714 -0.693209 0.677414 0.246114 0.000000 -0.341475 0.939891 B 2.000000 4.000000 18.000000 C[purple]
24.625786 -1.564588 -42.865593 0.705919 0.665717 0.241864 -0.708292 0.663487 0.241054 -0.000000 -0.341475 0.939891 B 2.000000 4.000000 18.000000 C[purple]
24.843736 -7.651969 -25.793536 0.647616 0.716166 0.260193 -0.761967 0.608688 0.221145 -0.000000 -0.341475 0.939891 B 2.000000 4.000000 18.000000 C[purple]
24.685129 -13.779777 -8.520306 0.886760 0.434445 0.157840 -0.462229 0.833458 0.302807 -0.000000 -0.341475 0.939891 B 2.000000 4.000000 18.000000 C[purple]
24.856795 -20.077016 8.749836 0.884344 0.438775 0.159413 -0.466836 0.831187 0.301982 -0.000000 -0.341475 0.939891 B 2.000000 4.000000 18.000000 C[purple]
24.785163 -26.265462 25.714513 0.960366 0.261988 0.095184 -0.278743 0.902639 0.327941 -0.000000 -0.341475 0.939891 B 2.000000 4.000000 18.000000 C[purple]
25.010957 29.888277 42.901646 0.836252 0.515384 0.187246 -0.548345 0.785986 0.285560 0.000000 -0.341475 0.939891 B 2.000000 4.000000 18.000000 C[purple]
24.981574 23.411145 59.981557 0.895177 0.418919 0.152199 -0.445710 0.841369 0.305681 -0.000000 -0.341475 0.939891 B 2.000000 4.000000 18.000000 C[purple]
24.973101 17.146336 77.309684 0.870712 0.462232 0.167935 -0.491794 0.818374 0.297327 0.000000 -0.341475 0.939891 B 2.000000 4.000000 18.000000 C[purple]
-32.071171 -16.123203 77.586729 0.997729 -0.063301 -0.022998 0.067350 0.937757 0.340700 -0.000000 -0.341475 0.939891 B 2.000000 4.000000 18.000000 C[purple]
-32.286892 -22.546450 -77.437985 0.992393 0.115707 0.042038 -0.123107 0.932741 0.338878 0.000000 -0.341475 0.939891 B 2.000000 4.000000 18.000000 C[purple]
-32.495214 -28.722410 -60.150997 0.993718 0.105190 0.038217 -0.111917 0.933986 0.339330 0.000000 -0.341475 0.939891 B 2.000000 4.000000 18.000000 C[purple]
-32.628302 27.563222 -42.607649 0.997284 -0.069228 -0.025151 0.073655 0.937338 0.340548 -0.000000 -0.341475 0.939891 B 2.000000 4.000000 18.000000 C[purple]
-32.544160 21.177990 -25.605012 0.961552 0.258114 0.093776 -0.274621 0.903754 0.328347 0.000000 -0.341475 0.939891 B 2.000000 4.000000 18.000000 C[purple]
-32.405181 15.213577 -8.476647 0.993353 0.108190 0.039307 -0.115109 0.933643 0.339206 0.000000 -0.341475 0.939891 B 2.000000 4.000000 18.000000 C[purple]
-32.075556 9.263903 8.769964 0.992839 0.112278 0.040792 -0.119458 0.933160 0.339030 0.000000 -0.341475 0.939891 B 2.000000 4.000000 18.000000 C[purple]
-31.876319 2.968805 25.950113 0.994068 -0.102221 -0.037138 0.108758 0.934316 0.339450 0.000000 -0.341475 0.939891 B 2.000000 4.000000 18.000000 C[purple]
-31.886282 -3.406056 43.053081 0.973802 0.213731 0.077651 -0.227399 0.915267 0.332529 0.000000 -0.341475 0.939891 B 2.000000 4.000000 18.000000 C[purple]
-31.791922 -9.962217 60.195283 0.998850 0.045053 0.016368 -0.047934 0.938810 0.341083 0.000000 -0.341475 0.939891 B 2.000000 4.000000 18.000000 C[purple]
28.279420 23.425895 77.510538 0.906700 0.396423 0.144026 -0.421775 0.852199 0.309616 0.000000 -0.341475 0.939891 B 2.000000 4.000000 18.000000 C[purple]
27.926986 17.145412 -77.543987 0.887824 0.432521 0.157141 -0.460182 0.834458 0.303170 0.000000 -0.341475 0.939891 B 2.000000 4.000000 18.000000 C[purple]
27.894721 10.716457 -60.418703 0.781237 0.586712 0.213161 -0.624234 0.734278 0.266773 -0.000000 -0.341475 0.939891 B 2.000000 4.000000 18.000000 C[purple]
28.269704 4.762309 -43.156725 0.784170 0.583245 0.211901 -0.620546 0.737034 0.267775 -0.000000 -0.341475 0.939891 B 2.000000 4.000000 18.000000 C[purple]
28.180893 -1.673970 -25.910112 0.933508 0.337005 0.122438 -0.358557 0.877395 0.318770 0.000000 -0.341475 0.939891 B 2.000000 4.000000 18.000000 C[purple]
28.010795 -8.123014 -8.641469 0.884440 0.438603 0.159351 -0.466654 0.831277 0.302015 -0.000000 -0.341475 0.939891 B 2.000000 4.000000 18.000000 C[purple]
27.712825 -14.067129 8.584877 0.831420 0.522245 0.189739 -0.555645 0.781444 0.283909 -0.000000 -0.341475 0.939891 B 2.000000 4.000000 18.000000 C[purple]
27.902579 -20.442422 25.737519 0.967360 0.238173 0.086532 -0.253405 0.909213 0.330330 0.000000 -0.341475 0.939891 B 2.000000 4.000000 18.000000 C[purple]
27.989689 -26.513970 43.072165 0.976721 0.201621 0.073252 -0.214515 0.918011 0.333526 -0.000000 -0.341475 0.939891 B 2.000000 4.000000 18.000000 C[purple]
28.064666 29.574612 60.029789 0.873540 0.457494 0.166214 -0.486752 0.821032 0.298292 0.000000 -0.341475 0.939891 B 2.000000 4.000000 18.000000 C[purple]
29.693442 -26.232562 -77.496083 0.968476 0.234135 0.085064 -0.249109 0.910261 0.330711 0.000000 -0.341475 0.939891 B 2.000000 4.000000 18.000000 C[purple]
29.831263 29.580466 -60.304588 0.955818 0.276288 0.100379 -0.293958 0.898365 0.326388 0.000000 -0.341475 0.939891 B 2.000000 4.000000 18.000000 C[purple]
29.971048 23.243489 -43.226479 0.962738 0.254179 0.092347 -0.270434 0.904869 0.328751 -0.000000 -0.341475 0.939891 B 2.000000 4.000000 18.000000 C[purple]
29.882972 17.158612 -26.160637 0.905964 0.397907 0.144565 -0.423354 0.851507 0.309365 0.000000 -0.341475 0.939891 B 2.000000 4.000000 18.000000 C[purple]
29.653691 11.285352 -8.856543 0.911351 0.386887 0.140561 -0.411630 0.856571 0.311204 -0.000000 -0.341475 0.939891 B 2.000000 4.000000 18.000000 C[purple]
29.502252 5.289825 8.353114 0.879568 0.447175 0.162465 -0.475773 0.826698 0.300351 0.000000 -0.341475 0.939891 B 2.000000 4.000000 18.000000 C[purple]
29.536868 -0.689103 25.716732 0.883884 0.439592 0.159710 -0.467705 0.830755 0.301825 -0.000000 -0.341475 0.939891 B 2.000000 4.000000 18.000000 C[purple]
29.540460 -7.106675 42.783771 0.780408 0.587686 0.213514 -0.625270 0.733498 0.266490 -0.000000 -0.341475 0.939891 B 2.000000 4.000000 18.000000 C[purple]
29.515955 -13.746428 60.017322 0.786579 0.580373 0.210858 -0.617490 0.739298 0.268597 0.000000 -0.341475 0.939891 B 2.000000 4.000000 18.000000 C[purple]
29.624748 -19.909713 77.030687 0.855125 0.487259 0.177028 -0.518421 0.803725 0.292004 -0.000000 -0.341475 0.939891 B 2.000000 4.000000 18.000000 C[purple]
35.880622 -30.007520 77.387661 -0.949583 -0.294670 -0.107058 0.313515 -0.892504 -0.324259 -0.000000 -0.341475 0.939891 B 2.000000 4.000000 18.000000 C[purple]
35.989831 26.466830 -77.592543 -0.994944 -0.094394 -0.034295 0.100431 -0.935139 -0.339749 0.000000 -0.341475 0.939891 B 2.000000 4.000000 18.000000 C[purple]
36.100244 20.058847 -60.331036 -0.961306 -0.258923 -0.094070 0.275482 -0.903523 -0.328262 -0.000000 -0.341475 0.939891 B 2.000000 4.000000 18.000000 C[purple]
36.204110 13.642928 -43.412080 -0.845885 -0.501305 -0.182131 0.533365 -0.795040 -0.288849 -0.000000 -0.341475 0.939891 B 2.000000 4.000000 18.000000 C[purple]
36.407862 6.997347 -26.156466 -0.810558 -0.550455 -0.199988 0.585659 -0.761836 -0.276786 -0.000000 -0.341475 0.939891 B 2.000000 4.000000 18.000000 C[purple]
36.281049 0.806847 -8.914086 -0.950538 -0.291937 -0.106065 0.310608 -0.893402 -0.324585 0.000000 -0.341475 0.939891 B 2.000000 4.000000 18.000000 C[purple]
36.442894 -5.147876 8.486301 -0.943750 -0.310785 -0.112913 0.330661 -0.887021 -0.322267 -0.000000 -0.341475 0.939891 B 2.000000 4.000000 18.000000 C[purple]
36.203357 -11.083952 25.491342 -0.904313 -0.401212 -0.145766 0.426871 -0.849955 -0.308800 -0.000000 -0.341475 0.939891 B 2.000000 4.000000 18.000000 C[purple]
36.147253 -17.564249 43.007958 -0.904286 -0.401264 -0.145785 0.426927 -0.849930 -0.308792 0.000000 -0.341475 0.939891 B 2.000000 4.000000 18.000000 C[purple]
36.076194 -24.079402 60.213327 -0.984296 -0.165913 -0.060278 0.176523 -0.925131 -0.336113 0.000000 -0.341475 0.939891 B 2.000000 4.000000 18.000000 C[purple]
16.025741 27.368791 -77.816931 -0.713309 0.658722 0.239323 -0.700850 -0.670432 -0.243577 0.000000 -0.341475 0.939891 B 2.000000 4.000000 18.000000 C[purple]
16.173297 20.856153 -60.482302 -0.802463 0.560834 0.203759 -0.596701 -0.754228 -0.274022 -0.000000 -0.341475 0.939891 B 2.000000 4.000000 18.000000 C[purple]
15.796743 14.806786 -43.120984 -0.794781 0.570416 0.207240 -0.606897 -0.747007 -0.271398 -0.000000 -0.341475 0.939891 B 2.000000 4.000000 18.000000 C[purple]
15.867450 8.610242 -25.959408 -0.933716 0.336495 0.122253 -0.358015 -0.877591 -0.318841 -0.000000 -0.341475 0.939891 B 2.000000 4.000000 18.000000 C[purple]
16.016419 2.612183 -8.772730 -0.983397 0.170562 0.061967 -0.181470 -0.924285 -0.335806 0.000000 -0.341475 0.939891 B 2.000000 4.000000 18.000000 C[purple]
16.052622 -3.499663 8.301256 -0.907703 0.394391 0.143288 -0.419613 -0.853142 -0.309958 0.000000 -0.341475 0.939891 B 2.000000 4.000000 18.000000 C[purple]
15.928445 -9.924771 25.182829 -0.783281 0.584299 0.212284 -0.621667 -0.736199 -0.267471 0.000000 -0.341475 0.939891 B 2.000000 4.000000 18.000000 C[purple]
15.982657 -16.395763 42.655800 -0.752397 0.619116 0.224933 -0.658710 -0.707171 -0.256925 0.000000 -0.341475 0.939891 B 2.000000 4.000000 18.000000 C[purple]
16.034801 -22.715586 59.765091 -0.827249 0.528064 0.191853 -0.561835 -0.777524 -0.282485 0.000000 -0.341475 0.939891 B 2.000000 4.000000 18.000000 C[purple]
16.069541 -28.899362 77.003365 -0.591956 0.757524 0.275219 -0.805970 -0.556374 -0.202139 0.000000 -0.341475 0.939891 B 2.000000 4.000000 18.000000 C[purple]
-22.936173 -12.193322 -77.800625 -0.277915 -0.902864 -0.328023 0.960606 -0.261209 -0.094901 0.000000 -0.341475 0.939891 B 2.000000 4.000000 18.000000 C[purple]
-22.912775 -18.474105 -60.502798 -0.371444 -0.872646 -0.317045 0.928455 -0.349117 -0.126839 0.000000 -0.341475 0.939891 B 2.000000 4.000000 18.000000 C[purple]
-23.078901 -24.729183 -43.456762 -0.051798 -0.938629 -0.341017 0.998658 -0.048684 -0.017688 0.000000 -0.341475 0.939891 B 2.000000 4.000000 18.000000 C[purple]
-22.934866 -30.990235 -26.169694 0.200604 -0.920785 -0.334534 0.979672 0.188546 0.068501 -0.000000 -0.341475 0.939891 B 2.000000 4.000000 18.000000 C[purple]
-23.381873 25.330473 -9.131693 0.176514 -0.925133 -0.336114 0.984298 0.165903 0.060275 0.000000 -0.341475 0.939891 B 2.000000 4.000000 18.000000 C[purple]
-23.393557 19.435894 8.241264 0.217868 -0.917313 -0.333273 0.975978 0.204772 0.074397 0.000000 -0.341475 0.939891 B 2.000000 4.000000 18.000000 C[purple]
-23.513734 13.286649 25.555523 -0.020111 -0.939701 -0.341406 0.999798 -0.018902 -0.006867 0.000000 -0.341475 0.939891 B 2.000000 4.000000 18.000000 C[purple]
-23.364676 6.771103 42.613342 0.146838 -0.929703 -0.337774 0.989161 0.138012 0.050142 -0.000000 -0.341475 0.939891 B 2.000000 4.000000 18.000000 C[purple]
-23.028051 0.573691 59.760531 -0.125335 -0.932479 -0.338783 0.992114 -0.117801 -0.042799 -0.000000 -0.341475 0.939891 B 2.000000 4.000000 18.000000 C[purple]
-22.806427 -6.032631 76.892393 -0.054914 -0.938472 -0.340960 0.998491 -0.051613 -0.018752 0.000000 -0.341475 0.939891 B 2.000000 4.000000 18.000000 C[purple]
-15.217067 -7.129962 76.853268 -0.647305 -0.716414 -0.260283 0.762231 -0.608396 -0.221039 0.000000 -0.341475 0.939891 B 2.000000 4.000000 18.000000 C[purple]
-15.322183 -13.302827 -77.603503 -0.828400 -0.526468 -0.191273 0.560138 -0.778605 -0.282878 -0.000000 -0.341475 0.939891 B 2.000000 4.000000 18.000000 C[purple]
-15.168336 -19.249870 -60.479763 -0.737016 -0.635249 -0.230795 0.675876 -0.692714 -0.251673 0.000000 -0.341475 0.939891 B 2.000000 4.000000 18.000000 C[purple]
-15.239726 -25.827412 -43.150267 -0.669380 -0.698264 -0.253689 0.742920 -0.629144 -0.228577 0.000000 -0.341475 0.939891 B 2.000000 4.000000 18.000000 C[purple]
-15.148903 30.285608 -25.802605 -0.431547 -0.847866 -0.308042 0.902090 -0.405607 -0.147363 0.000000 -0.341475 0.939891 B 2.000000 4.000000 18.000000 C[purple]
-14.966596 24.262633 -8.736682 -0.285675 -0.900722 -0.327245 0.958326 -0.268504 -0.097551 0.000000 -0.341475 0.939891 B 2.000000 4.000000 18.000000 C[purple]
-15.237570 18.007499 8.675899 -0.446465 -0.841015 -0.305553 0.894801 -0.419628 -0.152457 -0.000000 -0.341475 0.939891 B 2.000000 4.000000 18.000000 C[purple]
-15.285252 11.452033 25.961992 -0.360079 -0.876845 -0.318570 0.932922 -0.338435 -0.122958 0.000000 -0.341475 0.939891 B 2.000000 4.000000 18.000000 C[purple]
-15.464925 5.313203 42.967714 -0.295658 -0.897872 -0.326209 0.955294 -0.277887 -0.100960 -0.000000 -0.341475 0.939891 B 2.000000 4.000000 18.000000 C[purple]
-15.169642 -0.980652 59.933802 -0.433891 -0.846809 -0.307657 0.900965 -0.407810 -0.148163 0.000000 -0.341475 0.939891 B 2.000000 4.000000 18.000000 C[purple]
-31.074473 12.503499 77.534666 0.694203 0.676514 0.245787 -0.719779 0.652475 0.237053 0.000000 -0.341475 0.939891 B 2.000000 4.000000 18.000000 C[purple]
-30.684045 6.201182 -77.406756 0.656552 0.708942 0.257568 -0.754281 0.617087 0.224196 0.000000 -0.341475 0.939891 B 2.000000 4.000000 18.000000 C[purple]
-30.653646 -0.158047 -60.105221 0.766440 0.603707 0.219335 -0.642316 0.720370 0.261720 0.000000 -0.341475 0.939891 B 2.000000 4.000000 18.000000 C[purple]
-30.616845 -6.595021 -42.863199 0.740107 0.632067 0.229639 -0.672489 0.695619 0.252728 -0.000000 -0.341475 0.939891 B 2.000000 4.000000 18.000000 C[purple]
-30.562337 -12.871923 -25.584486 0.865648 0.470560 0.170961 -0.500654 0.813614 0.295597 -0.000000 -0.341475 0.939891 B 2.000000 4.000000 18.000000 C[purple]
-30.595370 -18.871501 -8.406362 0.662304 0.704199 0.255845 -0.749235 0.622494 0.226161 -0.000000 -0.341475 0.939891 B 2.000000 4.000000 18.000000 C[purple]
-30.950199 -24.899141 8.609192 0.654312 0.710769 0.258232 -0.756225 0.614981 0.223431 0.000000 -0.341475 0.939891 B 2.000000 4.000000 18.000000 C[purple]
-31.110281 -31.059367 26.137059 0.607129 0.746840 0.271337 -0.794603 0.570635 0.207320 0.000000 -0.341475 0.939891 B 2.000000 4.000000 18.000000 C[purple]
-30.891757 24.928378 43.198027 0.686452 0.683465 0.248312 -0.727175 0.645190 0.234407 -0.000000 -0.341475 0.939891 B 2.000000 4.000000 18.000000 C[purple]
-30.678132 18.621997 60.381225 0.768167 0.601764 0.218629 -0.640249 0.721993 0.262310 0.000000 -0.341475 0.939891 B 2.000000 4.000000 18.000000 C[purple]
-36.246235 26.301294 77.048798 0.995534 0.088732 0.032237 -0.094406 0.935693 0.339950 0.000000 -0.341475 0.939891 B 2.000000 4.000000 18.000000 C[purple]
-36.375842 20.066620 -77.892592 0.966540 -0.241096 -0.087593 0.256515 0.908442 0.330050 -0.000000 -0.341475 0.939891 B 2.000000 4.000000 18.000000 C[purple]
-36.480793 13.594700 -60.741107 0.929324 -0.347069 -0.126095 0.369265 0.873463 0.317341 0.000000 -0.341475 0.939891 B 2.000000 4.000000 18.000000 C[purple]
-36.294196 7.390114 -43.517114 0.978466 -0.194003 -0.070484 0.206410 0.919651 0.334122 0.000000 -0.341475 0.939891 B 2.000000 4.000000 18.000000 C[purple]
-35.959966 1.407559 -26.322040 0.969073 -0.231940 -0.084267 0.246774 0.910823 0.330915 0.000000 -0.341475 0.939891 B 2.000000 4.000000 18.000000 C[purple]
-36.373189 -4.743274 -8.971724 0.973709 -0.214103 -0.077787 0.227796 0.915180 0.332498 0.000000 -0.341475 0.939891 B 2.000000 4.000000 18.000000 C[purple]
-36.378477 -11.054994 8.102286 0.999888 0.014070 0.005112 -0.014970 0.939785 0.341437 0.000000 -0.341475 0.939891 B 2.000000 4.000000 18.000000 C[purple]
-36.087179 -17.266358 25.148151 0.999613 -0.026142 -0.009498 0.027813 0.939527 0.341343 0.000000 -0.341475 0.939891 B 2.000000 4.000000 18.000000 C[purple]
-36.044031 -23.560676 42.270281 0.988860 0.139903 0.050829 -0.148850 0.929420 0.337671 -0.000000 -0.341475 0.939891 B 2.000000 4.000000 18.000000 C[purple]
-36.133892 -29.727128 59.584194 0.999957 -0.008695 -0.003159 0.009251 0.939850 0.341461 -0.000000 -0.341475 0.939891 B 2.000000 4.000000 18.000000 C[purple]
8.096008 9.102230 77.070488 0.526120 -0.799293 -0.290394 0.850410 0.494496 0.179657 0.000000 -0.341475 0.939891 B 2.000000 4.000000 18.000000 C[purple]
8.212645 2.787396 -77.571094 0.514815 -0.805769 -0.292747 0.857301 0.483870 0.175797 -0.000000 -0.341475 0.939891 B 2.000000 4.000000 18.000000 C[purple]
8.237536 -3.082224 -60.441152 0.617625 -0.739199 -0.268561 0.786473 0.580500 0.210904 -0.000000 -0.341475 0.939891 B 2.000000 4.000000 18.000000 C[purple]
8.084848 -9.312049 -42.870521 0.604532 -0.748699 -0.272013 0.796581 0.568194 0.206433 0.000000 -0.341475 0.939891 B 2.000000 4.000000 18.000000 C[purple]
7.997135 -15.860463 -25.606926 0.545792 -0.787554 -0.286129 0.837920 0.512985 0.186375 -0.000000 -0.341475 0.939891 B 2.000000 4.000000 18.000000 C[purple]
8.054834 -22.010146 -8.339063 0.356985 -0.877961 -0.318976 0.934110 0.335527 0.121902 0.000000 -0.341475 0.939891 B 2.000000 4.000000 18.000000 C[purple]
8.119146 -28.383904 8.697014 0.419927 -0.853005 -0.309909 0.907558 0.394685 0.143395 -0.000000 -0.341475 0.939891 B 2.000000 4.000000 18.000000 C[purple]
8.010769 27.660421 25.787376 0.552247 -0.783569 -0.284681 0.833681 0.519052 0.188579 0.000000 -0.341475 0.939891 B 2.000000 4.000000 18.000000 C[purple]
7.966572 21.327229 42.705466 0.433195 -0.847124 -0.307772 0.901300 0.407156 0.147925 0.000000 -0.341475 0.939891 B 2.000000 4.000000 18.000000 C[purple]
8.112645 15.419454 60.096753 0.445741 -0.841354 -0.305676 0.895162 0.418948 0.152210 0.000000 -0.341475 0.939891 B 2.000000 4.000000 18.000000 C[purple]
-21.749681 18.317136 77.196507 0.968307 0.234749 0.085288 -0.249762 0.910103 0.330653 0.000000 -0.341475 0.939891 B 2.000000 4.000000 18.000000 C[purple]
-22.041974 11.979892 -77.356826 0.957080 0.272404 0.098968 -0.289825 0.899550 0.326819 0.000000 -0.341475 0.939891 B 2.000000 4.000000 18.000000 C[purple]
-22.197834 5.984179 -60.139080 0.893459 0.422148 0.153372 -0.449146 0.839753 0.305094 -0.000000 -0.341475 0.939891 B 2.000000 4.000000 18.000000 C[purple]
-22.174759 -0.401787 -42.877106 0.945440 0.306212 0.111251 -0.325795 0.888611 0.322845 0.000000 -0.341475 0.939891 B 2.000000 4.000000 18.000000 C[purple]
-22.112370 -6.628711 -25.704682 0.929914 0.345670 0.125587 -0.367777 0.874017 0.317543 0.000000 -0.341475 0.939891 B 2.000000 4.000000 18.000000 C[purple]
-22.036731 -12.726399 -8.297343 0.899854 0.409972 0.148948 -0.436191 0.845765 0.307278 0.000000 -0.341475 0.939891 B 2.000000 4.000000 18.000000 C[purple]
-21.782369 -19.294257 8.802263 0.831994 0.521436 0.189445 -0.554784 0.781984 0.284106 -0.000000 -0.341475 0.939891 B 2.000000 4.000000 18.000000 C[purple]
-21.743225 -25.351856 25.762118 0.922249 0.363359 0.132013 -0.386597 0.866813 0.314925 0.000000 -0.341475 0.939891 B 2.000000 4.000000 18.000000 C[purple]
-21.843221 30.956215 42.838415 0.931344 0.342252 0.124345 -0.364141 0.875362 0.318031 0.000000 -0.341475 0.939891 B 2.000000 4.000000 18.000000 C[purple]
-21.923060 24.483121 60.005748 0.928352 0.349359 0.126927 -0.371701 0.872550 0.317010 0.000000 -0.341475 0.939891 B 2.000000 4.000000 18.000000 C[purple]
-40.810313 -21.941360 -77.477269 0.624172 0.734325 0.266790 -0.781287 0.586653 0.213139 -0.000000 -0.341475 0.939891 B 2.000000 4.000000 18.000000 C[purple]
-40.778295 -28.093324 -60.274700 0.878150 0.449629 0.163357 -0.478385 0.825365 0.299867 0.000000 -0.341475 0.939891 B 2.000000 4.000000 18.000000 C[purple]
-40.833135 28.426931 -42.897983 0.860711 0.478493 0.173843 -0.509094 0.808974 0.293912 -0.000000 -0.341475 0.939891 B 2.000000 4.000000 18.000000 C[purple]
-41.130044 22.445528 -25.693253 0.879176 0.447854 0.162712 -0.476496 0.826330 0.300217 -0.000000 -0.341475 0.939891 B 2.000000 4.000000 18.000000 C[purple]
-40.985339 16.027336 -8.816805 0.884618 0.438286 0.159236 -0.466316 0.831444 0.302075 0.000000 -0.341475 0.939891 B 2.000000 4.000000 18.000000 C[purple]
-40.844497 9.775544 8.421573 0.786235 0.580785 0.211007 -0.617928 0.738975 0.268480 0.000000 -0.341475 0.939891 B 2.000000 4.000000 18.000000 C[purple]
-41.092573 3.460414 25.870127 0.727271 0.645095 0.234372 -0.686351 0.683555 0.248345 -0.000000 -0.341475 0.939891 B 2.000000 4.000000 18.000000 C[purple]
-40.903006 -3.066703 42.976085 0.837602 0.513445 0.186542 -0.546281 0.787254 0.286020 0.000000 -0.341475 0.939891 B 2.000000 4.000000 18.000000 C[purple]
-40.884578 -9.293946 60.150425 0.794836 0.570348 0.207215 -0.606824 0.747059 0.271417 0.000000 -0.341475 0.939891 B 2.000000 4.000000 18.000000 C[purple]
-40.622510 -15.744233 77.057971 0.802634 0.560618 0.203681 -0.596472 0.754388 0.274080 0.000000 -0.341475 0.939891 B 2.000000 4.000000 18.000000 C[purple]
-15.924792 -22.441637 -77.373394 0.942538 0.314017 0.114087 -0.334099 0.885883 0.321854 -0.000000 -0.341475 0.939891 B 2.000000 4.000000 18.000000 C[purple]
-15.887687 -28.879337 -60.191484 0.835673 0.516213 0.187547 -0.549227 0.785442 0.285362 0.000000 -0.341475 0.939891 B 2.000000 4.000000 18.000000 C[purple]
-15.818304 27.204525 -42.973097 0.817191 0.541723 0.196815 -0.576368 0.768070 0.279050 0.000000 -0.341475 0.939891 B 2.000000 4.000000 18.000000 C[purple]
-16.019577 21.247003 -25.591124 0.871599 0.460752 0.167398 -0.490219 0.819208 0.297630 0.000000 -0.341475 0.939891 B 2.000000 4.000000 18.000000 C[purple]
-16.233353 15.287195 -8.269437 0.914901 0.379414 0.137846 -0.403679 0.859907 0.312416 0.000000 -0.341475 0.939891 B 2.000000 4.000000 18.000000 C[purple]
-16.280218 9.482910 8.834735 0.922460 0.362884 0.131841 -0.386092 0.867012 0.314998 -0.000000 -0.341475 0.939891 B 2.000000 4.000000 18.000000 C[purple]
-15.896215 3.004105 26.115166 0.940272 0.319962 0.116247 -0.340424 0.883753 0.321080 0.000000 -0.341475 0.939891 B 2.000000 4.000000 18.000000 C[purple]
-16.022489 -3.553274 43.041776 0.953033 0.284660 0.103421 -0.302865 0.895747 0.325437 0.000000 -0.341475 0.939891 B 2.000000 4.000000 18.000000 C[purple]
-16.041679 -10.088470 60.395612 0.927189 0.352078 0.127915 -0.374594 0.871456 0.316612 -0.000000 -0.341475 0.939891 B 2.000000 4.000000 18.000000 C[purple]
-16.052780 -16.069833 77.582576 0.937579 0.326868 0.118756 -0.347772 0.881222 0.320160 0.000000 -0.341475 0.939891 B 2.000000 4.000000 18.000000 C[purple]
-10.529230 15.414571 -77.215416 0.993430 0.107560 0.039078 -0.114439 0.933716 0.339232 -0.000000 -0.341475 0.939891 B 2.000000 4.000000 18.000000 C[purple]
-10.400818 9.032667 -59.776362 0.931392 0.342136 0.124303 -0.364017 0.875407 0.318048 0.000000 -0.341475 0.939891 B 2.000000 4.000000 18.000000 C[purple]
-10.680810 3.062850 -42.578007 0.914910 0.379393 0.137839 -0.403657 0.859916 0.312419 -0.000000 -0.341475 0.939891 B 2.000000 4.000000 18.000000 C[purple]
-10.686108 -2.940851 -25.580569 0.932485 0.339497 0.123344 -0.361209 0.876434 0.318421 -0.000000 -0.341475 0.939891 B 2.000000 4.000000 18.000000 C[purple]
-10.640500 -9.292173 -8.573225 0.995524 0.088826 0.032272 -0.094507 0.935684 0.339947 -0.000000 -0.341475 0.939891 B 2.000000 4.000000 18.000000 C[purple]
-10.837492 -15.657635 8.831600 0.994881 -0.094983 -0.034509 0.101057 0.935079 0.339727 -0.000000 -0.341475 0.939891 B 2.000000 4.000000 18.000000 C[purple]
