21.579014 -2.320025 77.706067 0.742293 -0.629798 -0.228814 0.670076 0.697674 0.253475 -0.000000 -0.341475 0.939891 B 2.000000 4.000000 18.000000 C[purple]
21.313635 -8.947815 -77.168915 0.697753 -0.673279 -0.244612 0.716338 0.655812 0.238266 0.000000 -0.341475 0.939891 B 2.000000 4.000000 18.000000 C[purple]
21.343826 -15.272755 -60.092203 0.737778 -0.634467 -0.230511 0.675044 0.693430 0.251933 0.000000 -0.341475 0.939891 B 2.000000 4.000000 18.000000 C[purple]
21.121344 -21.777136 -43.060109 0.786547 -0.580411 -0.210872 0.617531 0.739268 0.268586 -0.000000 -0.341475 0.939891 B 2.000000 4.000000 18.000000 C[purple]
21.364574 -27.762783 -25.949905 0.799473 -0.564595 -0.205125 0.600703 0.751417 0.273000 -0.000000 -0.341475 0.939891 B 2.000000 4.000000 18.000000 C[purple]
21.395311 28.634744 -8.405421 0.895390 -0.418518 -0.152053 0.445283 0.841568 0.305754 -0.000000 -0.341475 0.939891 B 2.000000 4.000000 18.000000 C[purple]
21.503997 22.524413 8.816445 0.867870 -0.466930 -0.169642 0.496792 0.815703 0.296356 -0.000000 -0.341475 0.939891 B 2.000000 4.000000 18.000000 C[purple]
21.804518 16.323020 26.246405 0.764335 -0.606059 -0.220190 0.644819 0.718392 0.261002 -0.000000 -0.341475 0.939891 B 2.000000 4.000000 18.000000 C[purple]
21.586496 9.725980 43.333915 0.876828 -0.451903 -0.164183 0.480804 0.824123 0.299415 0.000000 -0.341475 0.939891 B 2.000000 4.000000 18.000000 C[purple]
21.715346 3.644482 60.364873 0.756038 -0.615185 -0.223505 0.654528 0.710593 0.258168 0.000000 -0.341475 0.939891 B 2.000000 4.000000 18.000000 C[purple]
-34.157978 -9.752220 77.349622 0.762838 0.607723 0.220794 -0.646590 0.716984 0.260490 -0.000000 -0.341475 0.939891 B 2.000000 4.000000 18.000000 C[purple]
-33.953294 -16.058747 -77.403004 0.859180 0.480916 0.174724 -0.511673 0.807536 0.293389 -0.000000 -0.341475 0.939891 B 2.000000 4.000000 18.000000 C[purple]
-34.042605 -22.250582 -60.115057 0.718448 0.653770 0.237524 -0.695580 0.675263 0.245332 0.000000 -0.341475 0.939891 B 2.000000 4.000000 18.000000 C[purple]
-34.161519 -28.180784 -42.816756 0.739311 0.632888 0.229937 -0.673364 0.694872 0.252457 -0.000000 -0.341475 0.939891 B 2.000000 4.000000 18.000000 C[purple]
-34.334482 28.135212 -25.722803 0.702996 0.668444 0.242855 -0.711194 0.660739 0.240056 0.000000 -0.341475 0.939891 B 2.000000 4.000000 18.000000 C[purple]
-34.456332 21.923765 -8.191728 0.710261 0.661625 0.240378 -0.703938 0.667568 0.242537 0.000000 -0.341475 0.939891 B 2.000000 4.000000 18.000000 C[purple]
-34.303174 15.434185 8.812995 0.814748 0.544963 0.197993 -0.579816 0.765774 0.278216 -0.000000 -0.341475 0.939891 B 2.000000 4.000000 18.000000 C[purple]
-34.074302 9.315061 25.803254 0.802697 0.560538 0.203651 -0.596387 0.754448 0.274101 0.000000 -0.341475 0.939891 B 2.000000 4.000000 18.000000 C[purple]
-33.785898 2.989247 43.173375 0.715854 0.656278 0.238435 -0.698250 0.672825 0.244447 -0.000000 -0.341475 0.939891 B 2.000000 4.000000 18.000000 C[purple]
-34.134271 -3.218580 60.231773 0.785630 0.581507 0.211270 -0.618697 0.738406 0.268273 -0.000000 -0.341475 0.939891 B 2.000000 4.000000 18.000000 C[purple]
-20.865660 16.592688 -77.547021 -0.021768 -0.939668 -0.341394 0.999763 -0.020460 -0.007433 -0.000000 -0.341475 0.939891 B 2.000000 4.000000 18.000000 C[purple]
-20.523528 10.548308 -60.137322 -0.061406 -0.938117 -0.340831 0.998113 -0.057715 -0.020969 -0.000000 -0.341475 0.939891 B 2.000000 4.000000 18.000000 C[purple]
-20.321524 4.250922 -42.828389 0.264850 -0.906327 -0.329281 0.964290 0.248930 0.090440 -0.000000 -0.341475 0.939891 B 2.000000 4.000000 18.000000 C[purple]
-20.466308 -2.229215 -25.935042 0.223938 -0.916021 -0.332803 0.974603 0.210478 0.076469 -0.000000 -0.341475 0.939891 B 2.000000 4.000000 18.000000 C[purple]
-20.681839 -8.357927 -8.573545 0.306808 -0.894561 -0.325007 0.951771 0.288366 0.104767 0.000000 -0.341475 0.939891 B 2.000000 4.000000 18.000000 C[purple]
-20.536982 -14.238005 8.549995 0.220070 -0.916848 -0.333104 0.975484 0.206842 0.075149 -0.000000 -0.341475 0.939891 B 2.000000 4.000000 18.000000 C[purple]
-20.659876 -20.452529 25.561842 0.079766 -0.936896 -0.340387 0.996814 0.074971 0.027238 -0.000000 -0.341475 0.939891 B 2.000000 4.000000 18.000000 C[purple]
-20.868314 -26.951017 43.089265 0.181276 -0.924319 -0.335818 0.983432 0.170379 0.061901 0.000000 -0.341475 0.939891 B 2.000000 4.000000 18.000000 C[purple]
-20.881104 29.232816 60.081029 0.309377 -0.893779 -0.324722 0.950939 0.290781 0.105645 -0.000000 -0.341475 0.939891 B 2.000000 4.000000 18.000000 C[purple]
-20.608323 22.866425 77.316827 0.162756 -0.927359 -0.336922 0.986666 0.152973 0.055577 0.000000 -0.341475 0.939891 B 2.000000 4.000000 18.000000 C[purple]
45.549646 3.145000 -77.294548 0.101959 -0.934993 -0.339696 0.994789 0.095830 0.034817 -0.000000 -0.341475 0.939891 B 2.000000 4.000000 18.000000 C[purple]
45.338415 -3.351706 -60.292172 0.237493 -0.913000 -0.331706 0.971389 0.223217 0.081098 0.000000 -0.341475 0.939891 B 2.000000 4.000000 18.000000 C[purple]
45.199445 -9.363003 -43.196521 0.164340 -0.927112 -0.336833 0.986404 0.154461 0.056118 -0.000000 -0.341475 0.939891 B 2.000000 4.000000 18.000000 C[purple]
45.502999 -15.663659 -25.999087 0.253547 -0.909178 -0.330317 0.967323 0.238306 0.086580 -0.000000 -0.341475 0.939891 B 2.000000 4.000000 18.000000 C[purple]
45.761631 -21.864469 -9.002239 0.127205 -0.932255 -0.338701 0.991876 0.119559 0.043437 0.000000 -0.341475 0.939891 B 2.000000 4.000000 18.000000 C[purple]
45.711614 -28.215542 8.523980 0.014502 -0.939792 -0.341439 0.999895 0.013630 0.004952 -0.000000 -0.341475 0.939891 B 2.000000 4.000000 18.000000 C[purple]
45.524397 27.916416 25.750045 0.185438 -0.923589 -0.335553 0.982656 0.174292 0.063323 0.000000 -0.341475 0.939891 B 2.000000 4.000000 18.000000 C[purple]
45.803525 21.910257 42.834123 0.316956 -0.891430 -0.323869 0.948440 0.297904 0.108233 0.000000 -0.341475 0.939891 B 2.000000 4.000000 18.000000 C[purple]
46.099261 15.674563 59.849117 0.372290 -0.872328 -0.316929 0.928116 0.349912 0.127128 0.000000 -0.341475 0.939891 B 2.000000 4.000000 18.000000 C[purple]
45.889021 9.518775 77.208891 0.176581 -0.925121 -0.336109 0.984286 0.165967 0.060298 -0.000000 -0.341475 0.939891 B 2.000000 4.000000 18.000000 C[purple]
-47.186427 -20.204082 -77.997902 0.883293 -0.440641 -0.160091 0.468821 0.830199 0.301623 0.000000 -0.341475 0.939891 B 2.000000 4.000000 18.000000 C[purple]
-47.107275 -26.367441 -60.630857 0.614105 -0.741784 -0.269501 0.789224 0.577192 0.209702 0.000000 -0.341475 0.939891 B 2.000000 4.000000 18.000000 C[purple]
-47.007102 29.985652 -43.506184 0.693196 -0.677426 -0.246118 0.720749 0.651528 0.236709 -0.000000 -0.341475 0.939891 B 2.000000 4.000000 18.000000 C[purple]
-47.211174 23.983100 -26.155312 0.757447 -0.613652 -0.222948 0.652897 0.711917 0.258650 -0.000000 -0.341475 0.939891 B 2.000000 4.000000 18.000000 C[purple]
-46.891068 17.622513 -9.115098 0.813747 -0.546283 -0.198472 0.581219 0.764833 0.277875 0.000000 -0.341475 0.939891 B 2.000000 4.000000 18.000000 C[purple]
-47.171862 11.095070 8.209699 0.878557 -0.448928 -0.163102 0.477638 0.825747 0.300005 0.000000 -0.341475 0.939891 B 2.000000 4.000000 18.000000 C[purple]
-47.066517 5.070183 25.468482 0.978618 -0.193320 -0.070236 0.205684 0.919794 0.334174 -0.000000 -0.341475 0.939891 B 2.000000 4.000000 18.000000 C[purple]
-47.274461 -1.165764 42.872465 0.972875 -0.217425 -0.078994 0.231330 0.914396 0.332213 0.000000 -0.341475 0.939891 B 2.000000 4.000000 18.000000 C[purple]
-47.544683 -7.670084 60.006161 0.943243 -0.312141 -0.113405 0.332103 0.886545 0.322094 0.000000 -0.341475 0.939891 B 2.000000 4.000000 18.000000 C[purple]
-47.303050 -14.052478 77.057348 0.874453 -0.455950 -0.165653 0.485110 0.821890 0.298604 0.000000 -0.341475 0.939891 B 2.000000 4.000000 18.000000 C[purple]
49.779417 9.842980 -77.058579 -0.331779 -0.886653 -0.322133 0.943357 -0.311836 -0.113294 0.000000 -0.341475 0.939891 B 2.000000 4.000000 18.000000 C[purple]
50.087329 3.281574 -59.927842 -0.390942 -0.865090 -0.314299 0.920415 -0.367442 -0.133497 -0.000000 -0.341475 0.939891 B 2.000000 4.000000 18.000000 C[purple]
49.863404 -2.748737 -42.683922 -0.584002 -0.762958 -0.277193 0.811752 -0.548898 -0.199422 0.000000 -0.341475 0.939891 B 2.000000 4.000000 18.000000 C[purple]
49.918452 -8.688724 -25.532207 -0.599050 -0.752581 -0.273423 0.800712 -0.563042 -0.204561 -0.000000 -0.341475 0.939891 B 2.000000 4.000000 18.000000 C[purple]
49.912413 -15.230693 -8.477872 -0.515481 -0.805393 -0.292611 0.856901 -0.484496 -0.176024 0.000000 -0.341475 0.939891 B 2.000000 4.000000 18.000000 C[purple]
49.692604 -21.086369 8.631447 -0.512061 -0.807318 -0.293310 0.858949 -0.481281 -0.174856 -0.000000 -0.341475 0.939891 B 2.000000 4.000000 18.000000 C[purple]
50.089763 -27.440491 25.646941 -0.564949 -0.775528 -0.281760 0.825126 -0.530990 -0.192916 -0.000000 -0.341475 0.939891 B 2.000000 4.000000 18.000000 C[purple]
-50.227889 28.406600 42.971678 -0.563902 -0.776201 -0.282005 0.825842 -0.530006 -0.192559 0.000000 -0.341475 0.939891 B 2.000000 4.000000 18.000000 C[purple]
49.849620 22.313373 60.384329 -0.602216 -0.750346 -0.272611 0.798333 -0.566017 -0.205642 0.000000 -0.341475 0.939891 B 2.000000 4.000000 18.000000 C[purple]
49.659524 16.061736 77.419075 -0.495805 -0.816233 -0.296549 0.868434 -0.466003 -0.169305 -0.000000 -0.341475 0.939891 B 2.000000 4.000000 18.000000 C[purple]
8.227791 24.496435 -77.021689 0.667746 -0.699645 -0.254191 0.744389 0.627608 0.228019 -0.000000 -0.341475 0.939891 B 2.000000 4.000000 18.000000 C[purple]
8.328322 17.975925 -59.813177 0.724610 -0.647735 -0.235331 0.689160 0.681054 0.247436 -0.000000 -0.341475 0.939891 B 2.000000 4.000000 18.000000 C[purple]
8.143676 11.574194 -42.899090 0.870287 -0.462939 -0.168192 0.492545 0.817975 0.297182 -0.000000 -0.341475 0.939891 B 2.000000 4.000000 18.000000 C[purple]
8.335673 5.001610 -25.733815 0.821617 -0.535775 -0.194655 0.570040 0.772230 0.280562 -0.000000 -0.341475 0.939891 B 2.000000 4.000000 18.000000 C[purple]
8.377017 -1.162310 -8.330590 0.835574 -0.516356 -0.187599 0.549379 0.785348 0.285328 -0.000000 -0.341475 0.939891 B 2.000000 4.000000 18.000000 C[purple]
8.202489 -7.581695 8.678124 0.728018 -0.644350 -0.234101 0.685558 0.684257 0.248600 0.000000 -0.341475 0.939891 B 2.000000 4.000000 18.000000 C[purple]
8.328641 -13.567472 25.850669 0.924431 -0.358426 -0.130221 0.381348 0.868865 0.315671 0.000000 -0.341475 0.939891 B 2.000000 4.000000 18.000000 C[purple]
8.116696 -19.817078 43.326556 0.833538 -0.519254 -0.188652 0.552462 0.783435 0.284633 -0.000000 -0.341475 0.939891 B 2.000000 4.000000 18.000000 C[purple]
8.257672 -26.008890 60.442752 0.732766 -0.639577 -0.232367 0.680481 0.688720 0.250222 0.000000 -0.341475 0.939891 B 2.000000 4.000000 18.000000 C[purple]
8.006131 30.345147 77.735216 0.621421 -0.736383 -0.267538 0.783477 0.584067 0.212200 0.000000 -0.341475 0.939891 B 2.000000 4.000000 18.000000 C[purple]
-32.335385 0.418729 77.469069 0.999996 0.002570 0.000934 -0.002734 0.939887 0.341474 0.000000 -0.341475 0.939891 B 2.000000 4.000000 18.000000 C[purple]
-32.492479 -5.748684 -77.393528 0.980684 -0.183843 -0.066793 0.195600 0.921736 0.334879 -0.000000 -0.341475 0.939891 B 2.000000 4.000000 18.000000 C[purple]
-32.358243 -11.724143 -60.246648 0.939492 -0.321979 -0.116979 0.342570 0.883020 0.320813 -0.000000 -0.341475 0.939891 B 2.000000 4.000000 18.000000 C[purple]
-32.409539 -17.862079 -43.227923 0.999792 -0.019163 -0.006962 0.020389 0.939695 0.341404 0.000000 -0.341475 0.939891 B 2.000000 4.000000 18.000000 C[purple]
-32.570559 -24.375910 -25.855596 0.993406 -0.107758 -0.039150 0.114649 0.933693 0.339224 -0.000000 -0.341475 0.939891 B 2.000000 4.000000 18.000000 C[purple]
-32.475150 -30.644836 -8.859978 0.974009 -0.212892 -0.077347 0.226508 0.915462 0.332600 0.000000 -0.341475 0.939891 B 2.000000 4.000000 18.000000 C[purple]
-32.519619 25.126198 8.388567 0.965185 -0.245847 -0.089320 0.261570 0.907168 0.329587 -0.000000 -0.341475 0.939891 B 2.000000 4.000000 18.000000 C[purple]
-32.429985 19.145872 25.820222 0.995172 -0.092250 -0.033516 0.098150 0.935353 0.339827 0.000000 -0.341475 0.939891 B 2.000000 4.000000 18.000000 C[purple]
-32.378614 13.068682 43.348411 0.990858 0.126802 0.046069 -0.134912 0.931298 0.338353 -0.000000 -0.341475 0.939891 B 2.000000 4.000000 18.000000 C[purple]
-32.337173 6.547508 60.324331 0.952408 0.286504 0.104091 -0.304827 0.895159 0.325224 0.000000 -0.341475 0.939891 B 2.000000 4.000000 18.000000 C[purple]
6.742674 -28.229807 77.231510 -0.252579 -0.909416 -0.330404 0.967576 -0.237397 -0.086249 0.000000 -0.341475 0.939891 B 2.000000 4.000000 18.000000 C[purple]
6.734727 27.913418 -77.537139 -0.010150 -0.939842 -0.341458 0.999948 -0.009540 -0.003466 0.000000 -0.341475 0.939891 B 2.000000 4.000000 18.000000 C[purple]
7.048491 21.732938 -60.141346 0.153622 -0.928734 -0.337422 0.988130 0.144388 0.052458 -0.000000 -0.341475 0.939891 B 2.000000 4.000000 18.000000 C[purple]
6.889045 15.661851 -43.042331 0.056991 -0.938363 -0.340920 0.998375 0.053565 0.019461 -0.000000 -0.341475 0.939891 B 2.000000 4.000000 18.000000 C[purple]
6.699682 9.211754 -25.953776 0.016031 -0.939770 -0.341432 0.999871 0.015067 0.005474 0.000000 -0.341475 0.939891 B 2.000000 4.000000 18.000000 C[purple]
6.738565 3.147572 -8.891530 0.245128 -0.911215 -0.331057 0.969491 0.230394 0.083705 0.000000 -0.341475 0.939891 B 2.000000 4.000000 18.000000 C[purple]
6.470811 -2.987795 8.100009 0.214753 -0.917962 -0.333508 0.976668 0.201844 0.073333 -0.000000 -0.341475 0.939891 B 2.000000 4.000000 18.000000 C[purple]
6.642278 -9.346056 25.285775 0.214358 -0.918043 -0.333538 0.976755 0.201473 0.073198 0.000000 -0.341475 0.939891 B 2.000000 4.000000 18.000000 C[purple]
6.990087 -15.579677 42.642790 0.061241 -0.938127 -0.340834 0.998123 0.057559 0.020912 0.000000 -0.341475 0.939891 B 2.000000 4.000000 18.000000 C[purple]
6.892799 -21.891030 59.898408 -0.236851 -0.913147 -0.331759 0.971546 -0.222614 -0.080879 -0.000000 -0.341475 0.939891 B 2.000000 4.000000 18.000000 C[purple]
-12.991823 -3.004765 77.472758 0.612427 0.743009 0.269946 -0.790527 0.575615 0.209129 0.000000 -0.341475 0.939891 B 2.000000 4.000000 18.000000 C[purple]
-12.960341 -9.464566 -77.419894 0.806929 0.555145 0.201692 -0.590649 0.758425 0.275546 0.000000 -0.341475 0.939891 B 2.000000 4.000000 18.000000 C[purple]
-12.683970 -15.596028 -60.370105 0.818189 0.540389 0.196331 -0.574949 0.769008 0.279391 -0.000000 -0.341475 0.939891 B 2.000000 4.000000 18.000000 C[purple]
-12.788951 -21.738473 -43.404714 0.660768 0.705473 0.256308 -0.750590 0.621050 0.225636 0.000000 -0.341475 0.939891 B 2.000000 4.000000 18.000000 C[purple]
-13.152032 -28.219844 -26.316868 0.631117 0.729061 0.264878 -0.775687 0.593181 0.215511 -0.000000 -0.341475 0.939891 B 2.000000 4.000000 18.000000 C[purple]
-12.978371 28.113989 -8.846455 0.571284 0.771418 0.280267 -0.820753 0.536944 0.195079 0.000000 -0.341475 0.939891 B 2.000000 4.000000 18.000000 C[purple]
-13.363455 22.052866 8.376040 0.679395 0.689666 0.250565 -0.733772 0.638557 0.231997 -0.000000 -0.341475 0.939891 B 2.000000 4.000000 18.000000 C[purple]
-13.425590 15.770379 25.754542 0.516678 0.804716 0.292364 -0.856180 0.485621 0.176433 0.000000 -0.341475 0.939891 B 2.000000 4.000000 18.000000 C[purple]
-13.312317 9.395343 42.914550 0.700242 0.670993 0.243781 -0.713905 0.658151 0.239115 -0.000000 -0.341475 0.939891 B 2.000000 4.000000 18.000000 C[purple]
-13.167064 3.550629 60.087010 0.749680 0.622020 0.225989 -0.661801 0.704617 0.255997 -0.000000 -0.341475 0.939891 B 2.000000 4.000000 18.000000 C[purple]
36.430103 24.480305 77.803719 0.513127 -0.806720 -0.293093 0.858312 0.482284 0.175220 0.000000 -0.341475 0.939891 B 2.000000 4.000000 18.000000 C[purple]
36.276129 18.212537 -77.065625 0.504646 -0.811432 -0.294805 0.863326 0.474312 0.172324 0.000000 -0.341475 0.939891 B 2.000000 4.000000 18.000000 C[purple]
36.112201 11.518774 -59.870584 0.509711 -0.808631 -0.293787 0.860346 0.479072 0.174054 0.000000 -0.341475 0.939891 B 2.000000 4.000000 18.000000 C[purple]
36.034246 5.136466 -43.035600 0.510581 -0.808146 -0.293611 0.859829 0.479891 0.174351 0.000000 -0.341475 0.939891 B 2.000000 4.000000 18.000000 C[purple]
35.816895 -0.850105 -25.908456 0.627855 -0.731545 -0.265781 0.778330 0.590115 0.214397 0.000000 -0.341475 0.939891 B 2.000000 4.000000 18.000000 C[purple]
35.949807 -7.247494 -8.506898 0.769223 -0.600572 -0.218196 0.638980 0.722985 0.262671 -0.000000 -0.341475 0.939891 B 2.000000 4.000000 18.000000 C[purple]
35.817272 -13.466897 8.461741 0.867978 -0.466752 -0.169577 0.496602 0.815805 0.296393 0.000000 -0.341475 0.939891 B 2.000000 4.000000 18.000000 C[purple]
36.018560 -19.425683 25.997538 0.854675 -0.487956 -0.177281 0.519163 0.803301 0.291851 -0.000000 -0.341475 0.939891 B 2.000000 4.000000 18.000000 C[purple]
36.098047 -25.726824 43.384476 0.642484 -0.720238 -0.261672 0.766299 0.603864 0.219392 0.000000 -0.341475 0.939891 B 2.000000 4.000000 18.000000 C[purple]
36.173084 30.571781 60.439855 0.616327 -0.740155 -0.268909 0.787490 0.579280 0.210460 0.000000 -0.341475 0.939891 B 2.000000 4.000000 18.000000 C[purple]
-44.569141 5.509352 -77.127481 0.999709 0.022670 0.008236 -0.024119 0.939617 0.341376 -0.000000 -0.341475 0.939891 B 2.000000 4.000000 18.000000 C[purple]
-44.519436 -0.997248 -60.245461 0.997782 0.062563 0.022730 -0.066564 0.937806 0.340718 0.000000 -0.341475 0.939891 B 2.000000 4.000000 18.000000 C[purple]
-44.430948 -7.077301 -42.701086 0.988804 0.140251 0.050955 -0.149221 0.929368 0.337652 0.000000 -0.341475 0.939891 B 2.000000 4.000000 18.000000 C[purple]
-44.449180 -13.263585 -25.535415 0.966490 -0.241275 -0.087659 0.256706 0.908395 0.330032 0.000000 -0.341475 0.939891 B 2.000000 4.000000 18.000000 C[purple]
-44.519798 -19.631834 -8.072454 0.940408 -0.319608 -0.116118 0.340048 0.883881 0.321126 -0.000000 -0.341475 0.939891 B 2.000000 4.000000 18.000000 C[purple]
-44.522273 -25.975525 8.942127 0.994486 -0.098565 -0.035810 0.104868 0.934708 0.339593 0.000000 -0.341475 0.939891 B 2.000000 4.000000 18.000000 C[purple]
-44.640882 30.063991 26.164102 0.996055 0.083406 0.030302 -0.088740 0.936183 0.340128 -0.000000 -0.341475 0.939891 B 2.000000 4.000000 18.000000 C[purple]
-44.709828 23.986084 43.119909 0.992961 0.111320 0.040444 -0.118440 0.933275 0.339072 -0.000000 -0.341475 0.939891 B 2.000000 4.000000 18.000000 C[purple]
-44.676506 17.758479 60.622504 0.904746 0.400347 0.145452 -0.425951 0.850363 0.308949 0.000000 -0.341475 0.939891 B 2.000000 4.000000 18.000000 C[purple]
-44.645330 11.671274 77.856927 0.949610 0.294594 0.107030 -0.313434 0.892530 0.324268 -0.000000 -0.341475 0.939891 B 2.000000 4.000000 18.000000 C[purple]
-13.593040 1.901302 77.594439 -0.812494 0.547928 0.199070 -0.582970 -0.763655 -0.277447 0.000000 -0.341475 0.939891 B 2.000000 4.000000 18.000000 C[purple]
-13.189340 -4.562393 -77.190160 -0.801955 0.561476 0.203992 -0.597384 -0.753750 -0.273848 -0.000000 -0.341475 0.939891 B 2.000000 4.000000 18.000000 C[purple]
-13.255507 -10.836963 -59.586944 -0.866470 0.469221 0.170475 -0.499230 -0.814387 -0.295878 -0.000000 -0.341475 0.939891 B 2.000000 4.000000 18.000000 C[purple]
-12.992804 -17.041591 -42.481494 -0.947645 0.300132 0.109042 -0.319326 -0.890683 -0.323597 -0.000000 -0.341475 0.939891 B 2.000000 4.000000 18.000000 C[purple]
-13.083257 -23.225890 -25.371283 -0.895682 0.417965 0.151853 -0.444695 -0.841843 -0.305853 -0.000000 -0.341475 0.939891 B 2.000000 4.000000 18.000000 C[purple]
-13.100218 -29.313207 -8.336111 -0.696036 0.674848 0.245182 -0.718007 -0.654198 -0.237679 -0.000000 -0.341475 0.939891 B 2.000000 4.000000 18.000000 C[purple]
-12.904803 26.922182 8.868253 -0.840399 0.509392 0.185069 -0.541969 -0.789883 -0.286975 0.000000 -0.341475 0.939891 B 2.000000 4.000000 18.000000 C[purple]
-13.159710 20.760782 25.934456 -0.810448 0.550598 0.200040 -0.585811 -0.761732 -0.276748 -0.000000 -0.341475 0.939891 B 2.000000 4.000000 18.000000 C[purple]
-13.272997 14.537428 43.103741 -0.866619 0.468978 0.170386 -0.498971 -0.814527 -0.295929 0.000000 -0.341475 0.939891 B 2.000000 4.000000 18.000000 C[purple]
-13.422106 8.149839 60.215788 -0.875612 0.453981 0.164938 -0.483014 -0.822980 -0.299000 0.000000 -0.341475 0.939891 B 2.000000 4.000000 18.000000 C[purple]
47.523798 -16.982249 -77.605816 0.985837 -0.157623 -0.057267 0.167704 0.926579 0.336639 -0.000000 -0.341475 0.939891 B 2.000000 4.000000 18.000000 C[purple]
47.431755 -23.441101 -60.538700 0.960902 -0.260246 -0.094551 0.276890 0.903143 0.328124 0.000000 -0.341475 0.939891 B 2.000000 4.000000 18.000000 C[purple]
47.545665 -29.350159 -43.178145 0.996014 -0.083832 -0.030457 0.089194 0.936145 0.340114 -0.000000 -0.341475 0.939891 B 2.000000 4.000000 18.000000 C[purple]
47.301444 27.028172 -26.024813 0.969728 -0.229508 -0.083384 0.244186 0.911439 0.331138 -0.000000 -0.341475 0.939891 B 2.000000 4.000000 18.000000 C[purple]
47.152004 20.542678 -8.680024 0.991878 -0.119549 -0.043434 0.127194 0.932257 0.338702 0.000000 -0.341475 0.939891 B 2.000000 4.000000 18.000000 C[purple]
47.241869 14.114936 8.606205 0.999994 0.003232 0.001174 -0.003439 0.939885 0.341473 0.000000 -0.341475 0.939891 B 2.000000 4.000000 18.000000 C[purple]
47.214178 7.668530 25.995659 0.995500 -0.089064 -0.032358 0.094760 0.935661 0.339939 0.000000 -0.341475 0.939891 B 2.000000 4.000000 18.000000 C[purple]
47.449266 1.491861 43.184370 0.958933 -0.266582 -0.096853 0.283631 0.901293 0.327452 0.000000 -0.341475 0.939891 B 2.000000 4.000000 18.000000 C[purple]
47.468357 -4.853349 60.167297 0.847081 -0.499518 -0.181482 0.531464 0.796164 0.289257 0.000000 -0.341475 0.939891 B 2.000000 4.000000 18.000000 C[purple]
47.574017 -11.044825 77.226839 0.915021 -0.379159 -0.137754 0.403407 0.860019 0.312457 -0.000000 -0.341475 0.939891 B 2.000000 4.000000 18.000000 C[purple]
1.200212 0.427892 -77.888063 0.879556 0.447196 0.162472 -0.475795 0.826687 0.300347 0.000000 -0.341475 0.939891 B 2.000000 4.000000 18.000000 C[purple]
1.436372 -5.762385 -60.551537 0.812189 0.548327 0.199215 -0.583394 0.763369 0.277343 0.000000 -0.341475 0.939891 B 2.000000 4.000000 18.000000 C[purple]
1.485831 -12.034172 -43.344330 0.879693 0.446958 0.162386 -0.475542 0.826815 0.300393 0.000000 -0.341475 0.939891 B 2.000000 4.000000 18.000000 C[purple]
1.667630 -18.263634 -25.996135 0.744120 0.627890 0.228121 -0.668046 0.699391 0.254099 0.000000 -0.341475 0.939891 B 2.000000 4.000000 18.000000 C[purple]
1.235047 -24.564256 -9.027299 0.747917 0.623892 0.226669 -0.663792 0.702960 0.255395 0.000000 -0.341475 0.939891 B 2.000000 4.000000 18.000000 C[purple]
1.340107 -30.927606 8.071422 0.949781 0.294105 0.106853 -0.312914 0.892691 0.324327 -0.000000 -0.341475 0.939891 B 2.000000 4.000000 18.000000 C[purple]
0.904326 25.331671 25.336806 0.951383 0.289495 0.105177 -0.308009 0.894196 0.324874 -0.000000 -0.341475 0.939891 B 2.000000 4.000000 18.000000 C[purple]
1.204138 19.341931 42.724878 0.928178 0.349769 0.127076 -0.372138 0.872386 0.316950 0.000000 -0.341475 0.939891 B 2.000000 4.000000 18.000000 C[purple]
1.291558 12.852646 59.676049 0.825557 0.530398 0.192701 -0.564319 0.775933 0.281907 0.000000 -0.341475 0.939891 B 2.000000 4.000000 18.000000 C[purple]
1.217415 6.567064 76.819040 0.618894 0.738260 0.268220 -0.785474 0.581693 0.211337 -0.000000 -0.341475 0.939891 B 2.000000 4.000000 18.000000 C[purple]
-4.848097 -28.194742 77.198804 0.382454 0.868435 0.315515 -0.923974 0.359465 0.130599 -0.000000 -0.341475 0.939891 B 2.000000 4.000000 18.000000 C[purple]
-4.810625 27.981487 -77.471246 0.457294 0.835859 0.303679 -0.889316 0.429806 0.156155 -0.000000 -0.341475 0.939891 B 2.000000 4.000000 18.000000 C[purple]
-4.560679 21.828927 -60.239381 0.288841 0.899830 0.326921 -0.957377 0.271479 0.098632 0.000000 -0.341475 0.939891 B 2.000000 4.000000 18.000000 C[purple]
-4.244321 15.460561 -43.022590 0.464913 0.832138 0.302327 -0.885356 0.436968 0.158756 -0.000000 -0.341475 0.939891 B 2.000000 4.000000 18.000000 C[purple]
-4.027614 8.899166 -25.934224 0.432097 0.847619 0.307952 -0.901827 0.406124 0.147550 0.000000 -0.341475 0.939891 B 2.000000 4.000000 18.000000 C[purple]
-4.062237 2.903717 -8.583434 0.333437 0.886103 0.321934 -0.942772 0.313394 0.113861 0.000000 -0.341475 0.939891 B 2.000000 4.000000 18.000000 C[purple]
-4.066766 -3.624410 8.665945 0.243263 0.911657 0.331218 -0.969960 0.228640 0.083068 0.000000 -0.341475 0.939891 B 2.000000 4.000000 18.000000 C[purple]
-3.907431 -9.733840 25.616214 0.205657 0.919800 0.334176 -0.978624 0.193295 0.070227 -0.000000 -0.341475 0.939891 B 2.000000 4.000000 18.000000 C[purple]
-4.099057 -15.580591 42.732822 0.246720 0.910836 0.330919 -0.969087 0.231890 0.084249 0.000000 -0.341475 0.939891 B 2.000000 4.000000 18.000000 C[purple]
-4.376000 -21.971643 59.953483 0.364751 0.875137 0.317949 -0.931105 0.342826 0.124553 -0.000000 -0.341475 0.939891 B 2.000000 4.000000 18.000000 C[purple]
9.080350 11.955427 -77.361725 -0.184131 0.923820 0.335637 -0.982902 -0.173063 -0.062876 -0.000000 -0.341475 0.939891 B 2.000000 4.000000 18.000000 C[purple]
9.473503 5.556406 -60.023512 -0.171976 0.925887 0.336388 -0.985101 -0.161638 -0.058726 -0.000000 -0.341475 0.939891 B 2.000000 4.000000 18.000000 C[purple]
9.358590 -0.529783 -42.736172 -0.071569 0.937481 0.340600 -0.997436 -0.067267 -0.024439 -0.000000 -0.341475 0.939891 B 2.000000 4.000000 18.000000 C[purple]
9.196890 -6.820763 -25.453381 0.151725 0.929009 0.337522 -0.988423 0.142605 0.051810 -0.000000 -0.341475 0.939891 B 2.000000 4.000000 18.000000 C[purple]
9.434855 -12.989219 -8.517274 0.088988 0.936162 0.340121 -0.996033 0.083639 0.030387 0.000000 -0.341475 0.939891 B 2.000000 4.000000 18.000000 C[purple]
9.229707 -19.201867 8.640128 -0.238224 0.912832 0.331644 -0.971210 -0.223904 -0.081347 0.000000 -0.341475 0.939891 B 2.000000 4.000000 18.000000 C[purple]
9.110942 -25.373507 25.789329 -0.012346 0.939819 0.341449 -0.999924 -0.011604 -0.004216 -0.000000 -0.341475 0.939891 B 2.000000 4.000000 18.000000 C[purple]
9.314847 30.530248 42.864959 0.060638 0.938161 0.340847 -0.998160 0.056993 0.020706 -0.000000 -0.341475 0.939891 B 2.000000 4.000000 18.000000 C[purple]
9.549200 24.063347 60.263666 -0.110504 0.934135 0.339384 -0.993876 -0.103861 -0.037734 -0.000000 -0.341475 0.939891 B 2.000000 4.000000 18.000000 C[purple]
9.300474 18.066854 77.444583 -0.032372 0.939398 0.341296 -0.999476 -0.030426 -0.011054 -0.000000 -0.341475 0.939891 B 2.000000 4.000000 18.000000 C[purple]
49.134376 -25.674202 -77.575305 0.984284 0.165979 0.060302 -0.176594 0.925119 0.336109 0.000000 -0.341475 0.939891 B 2.000000 4.000000 18.000000 C[purple]
49.276965 30.701791 -60.520043 0.968225 0.235047 0.085396 -0.250079 0.910026 0.330625 0.000000 -0.341475 0.939891 B 2.000000 4.000000 18.000000 C[purple]
49.057564 24.789999 -43.306298 0.996054 0.083413 0.030305 -0.088748 0.936182 0.340128 0.000000 -0.341475 0.939891 B 2.000000 4.000000 18.000000 C[purple]
48.989135 18.276361 -26.136247 0.963624 0.251196 0.091263 -0.267261 0.905702 0.329054 0.000000 -0.341475 0.939891 B 2.000000 4.000000 18.000000 C[purple]
49.267352 12.290076 -8.965333 0.959033 0.266265 0.096738 -0.283294 0.901386 0.327486 0.000000 -0.341475 0.939891 B 2.000000 4.000000 18.000000 C[purple]
49.237112 5.989208 8.480693 0.997395 -0.067798 -0.024632 0.072134 0.937442 0.340586 0.000000 -0.341475 0.939891 B 2.000000 4.000000 18.000000 C[purple]
49.315434 -0.242151 25.691753 0.970116 0.228058 0.082856 -0.242643 0.911803 0.331271 0.000000 -0.341475 0.939891 B 2.000000 4.000000 18.000000 C[purple]
49.280362 -6.501866 42.854497 0.997167 0.070699 0.025686 -0.075221 0.937228 0.340508 0.000000 -0.341475 0.939891 B 2.000000 4.000000 18.000000 C[purple]
49.092819 -12.752396 60.274537 0.988632 -0.141315 -0.051342 0.150353 0.929206 0.337594 -0.000000 -0.341475 0.939891 B 2.000000 4.000000 18.000000 C[purple]
49.148574 -19.233889 77.264991 0.999083 0.040247 0.014622 -0.042821 0.939029 0.341162 -0.000000 -0.341475 0.939891 B 2.000000 4.000000 18.000000 C[purple]
10.146816 -19.247003 77.120120 0.980320 0.185548 0.067412 -0.197414 0.921394 0.334755 -0.000000 -0.341475 0.939891 B 2.000000 4.000000 18.000000 C[purple]
10.367197 -25.807941 -77.643408 0.928280 0.349529 0.126989 -0.371883 0.872481 0.316985 -0.000000 -0.341475 0.939891 B 2.000000 4.000000 18.000000 C[purple]
10.589122 30.281732 -60.517487 0.977414 0.198632 0.072166 -0.211335 0.918662 0.333763 0.000000 -0.341475 0.939891 B 2.000000 4.000000 18.000000 C[purple]
10.554613 24.076088 -43.334674 0.967277 0.238471 0.086640 -0.253722 0.909135 0.330301 -0.000000 -0.341475 0.939891 B 2.000000 4.000000 18.000000 C[purple]
10.354140 17.834248 -26.271407 0.998170 0.056835 0.020649 -0.060470 0.938171 0.340851 0.000000 -0.341475 0.939891 B 2.000000 4.000000 18.000000 C[purple]
10.540991 11.657596 -8.915132 0.999091 -0.040065 -0.014556 0.042627 0.939036 0.341165 0.000000 -0.341475 0.939891 B 2.000000 4.000000 18.000000 C[purple]
10.576500 5.841941 8.205449 0.970290 -0.227404 -0.082619 0.241947 0.911966 0.331330 0.000000 -0.341475 0.939891 B 2.000000 4.000000 18.000000 C[purple]
10.526902 -0.072639 25.649952 0.961595 -0.257974 -0.093725 0.274472 0.903794 0.328361 -0.000000 -0.341475 0.939891 B 2.000000 4.000000 18.000000 C[purple]
10.318311 -6.565408 42.921114 0.974655 -0.210267 -0.076393 0.223714 0.916069 0.332821 -0.000000 -0.341475 0.939891 B 2.000000 4.000000 18.000000 C[purple]
10.265145 -12.977801 60.115741 0.999340 0.034147 0.012406 -0.036331 0.939270 0.341250 -0.000000 -0.341475 0.939891 B 2.000000 4.000000 18.000000 C[purple]
1.255614 24.525569 -77.716394 0.994687 -0.096755 -0.035152 0.102943 0.934897 0.339661 -0.000000 -0.341475 0.939891 B 2.000000 4.000000 18.000000 C[purple]
1.472736 18.153024 -60.868934 0.981705 -0.178965 -0.065020 0.190410 0.922695 0.335228 0.000000 -0.341475 0.939891 B 2.000000 4.000000 18.000000 C[purple]
1.205776 12.014789 -43.440715 0.967875 -0.236318 -0.085858 0.251431 0.909697 0.330506 -0.000000 -0.341475 0.939891 B 2.000000 4.000000 18.000000 C[purple]
1.066804 5.977806 -26.249716 0.999977 0.006431 0.002336 -0.006842 0.939869 0.341467 0.000000 -0.341475 0.939891 B 2.000000 4.000000 18.000000 C[purple]
1.234292 0.010009 -8.951039 0.981714 0.178917 0.065003 -0.190360 0.922704 0.335231 -0.000000 -0.341475 0.939891 B 2.000000 4.000000 18.000000 C[purple]
1.256486 -6.345305 8.013771 0.985744 -0.158138 -0.057454 0.168251 0.926492 0.336607 0.000000 -0.341475 0.939891 B 2.000000 4.000000 18.000000 C[purple]
1.239120 -12.500639 25.210469 0.999990 -0.004157 -0.001510 0.004423 0.939882 0.341472 0.000000 -0.341475 0.939891 B 2.000000 4.000000 18.000000 C[purple]
1.238993 -19.028342 42.689318 0.983712 -0.168948 -0.061381 0.179753 0.924582 0.335913 -0.000000 -0.341475 0.939891 B 2.000000 4.000000 18.000000 C[purple]
1.049583 -25.115084 59.914995 0.998416 -0.052873 -0.019210 0.056255 0.938402 0.340935 -0.000000 -0.341475 0.939891 B 2.000000 4.000000 18.000000 C[purple]
1.219426 30.958926 76.922098 0.999996 -0.002698 -0.000980 0.002871 0.939887 0.341474 0.000000 -0.341475 0.939891 B 2.000000 4.000000 18.000000 C[purple]
-20.498887 -1.681556 -77.621073 -0.798865 -0.565354 -0.205401 0.601511 -0.750846 -0.272793 0.000000 -0.341475 0.939891 B 2.000000 4.000000 18.000000 C[purple]
-20.337461 -7.906356 -60.197004 -0.911528 -0.386519 -0.140428 0.411238 -0.856737 -0.311264 0.000000 -0.341475 0.939891 B 2.000000 4.000000 18.000000 C[purple]
-20.668594 -14.060714 -43.233154 -0.944135 -0.309750 -0.112536 0.329560 -0.887384 -0.322399 -0.000000 -0.341475 0.939891 B 2.000000 4.000000 18.000000 C[purple]
-20.430608 -20.389117 -25.840697 -0.920787 -0.366620 -0.133198 0.390066 -0.865439 -0.314426 -0.000000 -0.341475 0.939891 B 2.000000 4.000000 18.000000 C[purple]
-20.322954 -26.998343 -8.508148 -0.862622 -0.475443 -0.172735 0.505849 -0.810771 -0.294564 -0.000000 -0.341475 0.939891 B 2.000000 4.000000 18.000000 C[purple]
-20.544108 29.430483 8.569780 -0.957551 -0.270936 -0.098435 0.288263 -0.899993 -0.326980 0.000000 -0.341475 0.939891 B 2.000000 4.000000 18.000000 C[purple]
-20.275883 22.972970 25.618248 -0.961901 -0.256963 -0.093358 0.273397 -0.904082 -0.328466 -0.000000 -0.341475 0.939891 B 2.000000 4.000000 18.000000 C[purple]
-20.267551 16.606173 42.808938 -0.992151 -0.117532 -0.042701 0.125048 -0.932513 -0.338795 0.000000 -0.341475 0.939891 B 2.000000 4.000000 18.000000 C[purple]
-20.045845 10.554786 59.814131 -0.955731 -0.276556 -0.100477 0.294243 -0.898282 -0.326359 0.000000 -0.341475 0.939891 B 2.000000 4.000000 18.000000 C[purple]
-20.352617 4.349781 77.341058 -0.927931 -0.350345 -0.127285 0.372751 -0.872154 -0.316866 0.000000 -0.341475 0.939891 B 2.000000 4.000000 18.000000 C[purple]
24.198312 2.130149 77.265298 0.999091 -0.040070 -0.014558 0.042633 0.939036 0.341165 0.000000 -0.341475 0.939891 B 2.000000 4.000000 18.000000 C[purple]
24.084284 -3.839712 -77.635385 0.999161 0.038498 0.013987 -0.040960 0.939102 0.341189 -0.000000 -0.341475 0.939891 B 2.000000 4.000000 18.000000 C[purple]
24.356846 -10.121967 -60.256183 0.995495 -0.089114 -0.032376 0.094813 0.935657 0.339937 0.000000 -0.341475 0.939891 B 2.000000 4.000000 18.000000 C[purple]
24.520026 -16.054431 -43.088327 0.977384 -0.198759 -0.072212 0.211470 0.918635 0.333753 0.000000 -0.341475 0.939891 B 2.000000 4.000000 18.000000 C[purple]
24.211381 -22.454845 -26.157541 0.980936 -0.182649 -0.066359 0.194330 0.921973 0.334966 -0.000000 -0.341475 0.939891 B 2.000000 4.000000 18.000000 C[purple]
24.137983 -28.845966 -8.632868 0.929934 -0.345623 -0.125570 0.367726 0.874036 0.317550 0.000000 -0.341475 0.939891 B 2.000000 4.000000 18.000000 C[purple]
23.937119 27.168915 8.594295 0.979081 -0.191240 -0.069480 0.203470 0.920229 0.334332 -0.000000 -0.341475 0.939891 B 2.000000 4.000000 18.000000 C[purple]
23.853601 21.077581 25.862642 0.997768 -0.062767 -0.022804 0.066781 0.937793 0.340713 -0.000000 -0.341475 0.939891 B 2.000000 4.000000 18.000000 C[purple]
23.894544 15.261571 43.039672 0.994920 0.094620 0.034377 -0.100671 0.935116 0.339741 0.000000 -0.341475 0.939891 B 2.000000 4.000000 18.000000 C[purple]
23.925771 8.596804 60.185808 0.999948 -0.009597 -0.003487 0.010211 0.939842 0.341458 0.000000 -0.341475 0.939891 B 2.000000 4.000000 18.000000 C[purple]
-2.254944 29.934857 77.592712 0.091912 0.935912 0.340030 -0.995767 0.086387 0.031386 0.000000 -0.341475 0.939891 B 2.000000 4.000000 18.000000 C[purple]
-2.403294 23.630628 -77.479987 0.231811 0.914289 0.332174 -0.972761 0.217877 0.079158 0.000000 -0.341475 0.939891 B 2.000000 4.000000 18.000000 C[purple]
-2.807027 17.531242 -60.253514 0.055994 0.938416 0.340940 -0.998431 0.052628 0.019120 -0.000000 -0.341475 0.939891 B 2.000000 4.000000 18.000000 C[purple]
-2.742097 11.361959 -42.876537 0.003257 0.939886 0.341474 -0.999995 0.003061 0.001112 0.000000 -0.341475 0.939891 B 2.000000 4.000000 18.000000 C[purple]
-2.544482 5.008358 -25.490540 0.112732 0.933899 0.339299 -0.993625 0.105956 0.038495 -0.000000 -0.341475 0.939891 B 2.000000 4.000000 18.000000 C[purple]
-2.406454 -1.014182 -7.982049 0.156543 0.928303 0.337265 -0.987671 0.147133 0.053456 -0.000000 -0.341475 0.939891 B 2.000000 4.000000 18.000000 C[purple]
-2.080520 -7.117759 9.027280 0.235911 0.913362 0.331837 -0.971775 0.221730 0.080558 -0.000000 -0.341475 0.939891 B 2.000000 4.000000 18.000000 C[purple]
-2.211132 -13.643986 26.233484 0.360552 0.876673 0.318507 -0.932739 0.338879 0.123120 0.000000 -0.341475 0.939891 B 2.000000 4.000000 18.000000 C[purple]
-2.267922 -19.998008 43.239162 0.298137 0.897148 0.325946 -0.954523 0.280216 0.101806 0.000000 -0.341475 0.939891 B 2.000000 4.000000 18.000000 C[purple]
-2.390004 -26.328458 60.227605 0.296610 0.897595 0.326109 -0.954999 0.278781 0.101285 -0.000000 -0.341475 0.939891 B 2.000000 4.000000 18.000000 C[purple]
-6.667992 -13.970151 77.100268 -0.161513 0.927550 0.336992 -0.986871 -0.151805 -0.055153 0.000000 -0.341475 0.939891 B 2.000000 4.000000 18.000000 C[purple]
-6.802261 -20.367751 -77.599892 -0.341637 0.883339 0.320930 -0.939832 -0.321101 -0.116661 -0.000000 -0.341475 0.939891 B 2.000000 4.000000 18.000000 C[purple]
-6.585521 -26.794702 -60.158467 -0.280178 0.902246 0.327799 -0.959948 -0.263337 -0.095674 0.000000 -0.341475 0.939891 B 2.000000 4.000000 18.000000 C[purple]
-6.416985 29.813414 -43.140225 -0.245695 0.911080 0.331008 -0.969347 -0.230926 -0.083899 0.000000 -0.341475 0.939891 B 2.000000 4.000000 18.000000 C[purple]
-6.843913 23.554123 -25.836355 -0.253094 0.909289 0.330358 -0.967442 -0.237881 -0.086425 0.000000 -0.341475 0.939891 B 2.000000 4.000000 18.000000 C[purple]
-6.669078 17.550006 -8.632866 -0.369696 0.873302 0.317283 -0.929153 -0.347473 -0.126242 -0.000000 -0.341475 0.939891 B 2.000000 4.000000 18.000000 C[purple]
-6.520210 11.321387 8.460210 -0.454549 0.837181 0.304160 -0.890722 -0.427227 -0.155217 -0.000000 -0.341475 0.939891 B 2.000000 4.000000 18.000000 C[purple]
-6.552129 5.031232 25.932000 -0.157623 0.928141 0.337207 -0.987499 -0.148149 -0.053824 0.000000 -0.341475 0.939891 B 2.000000 4.000000 18.000000 C[purple]
-6.150305 -1.122249 43.049789 -0.274096 0.903895 0.328398 -0.961702 -0.257620 -0.093597 -0.000000 -0.341475 0.939891 B 2.000000 4.000000 18.000000 C[purple]
-6.374612 -7.526407 60.078391 -0.044662 0.938953 0.341135 -0.999002 -0.041978 -0.015251 0.000000 -0.341475 0.939891 B 2.000000 4.000000 18.000000 C[purple]
23.140083 -8.996377 77.483039 0.513610 -0.806449 -0.292994 0.858024 0.482737 0.175385 0.000000 -0.341475 0.939891 B 2.000000 4.000000 18.000000 C[purple]
23.190672 -15.104124 -77.542728 0.692421 -0.678125 -0.246372 0.721494 0.650800 0.236445 -0.000000 -0.341475 0.939891 B 2.000000 4.000000 18.000000 C[purple]
23.297983 -21.187417 -60.350119 0.789096 -0.577346 -0.209758 0.614270 0.741664 0.269457 0.000000 -0.341475 0.939891 B 2.000000 4.000000 18.000000 C[purple]
23.418587 -27.588937 -43.000442 0.720336 -0.651932 -0.236856 0.693625 0.677037 0.245977 -0.000000 -0.341475 0.939891 B 2.000000 4.000000 18.000000 C[purple]
23.323716 28.655749 -25.939387 0.722775 -0.649543 -0.235988 0.691083 0.679330 0.246810 0.000000 -0.341475 0.939891 B 2.000000 4.000000 18.000000 C[purple]
23.208710 22.304498 -8.651260 0.651849 -0.712765 -0.258957 0.758348 0.612667 0.222591 0.000000 -0.341475 0.939891 B 2.000000 4.000000 18.000000 C[purple]
23.405083 16.128763 8.446147 0.419405 -0.853232 -0.309991 0.907799 0.394194 0.143216 0.000000 -0.341475 0.939891 B 2.000000 4.000000 18.000000 C[purple]
23.329278 9.866483 26.016853 0.308570 -0.894026 -0.324812 0.951202 0.290022 0.105369 0.000000 -0.341475 0.939891 B 2.000000 4.000000 18.000000 C[purple]
23.268475 3.589772 42.908810 0.439736 -0.844141 -0.306688 0.898127 0.413304 0.150159 0.000000 -0.341475 0.939891 B 2.000000 4.000000 18.000000 C[purple]
23.205439 -2.956599 60.009617 0.573831 -0.769746 -0.279659 0.818974 0.539339 0.195949 -0.000000 -0.341475 0.939891 B 2.000000 4.000000 18.000000 C[purple]
29.761177 -18.869934 77.699143 0.717826 -0.654373 -0.237743 0.696223 0.674678 0.245120 0.000000 -0.341475 0.939891 B 2.000000 4.000000 18.000000 C[purple]
30.038499 -25.108405 -76.869318 0.724612 -0.647733 -0.235330 0.689157 0.681056 0.247437 -0.000000 -0.341475 0.939891 B 2.000000 4.000000 18.000000 C[purple]
30.326996 -31.162178 -59.615037 0.656220 -0.709213 -0.257667 0.754569 0.616775 0.224083 0.000000 -0.341475 0.939891 B 2.000000 4.000000 18.000000 C[purple]
30.293281 25.269271 -42.444931 0.720880 -0.651401 -0.236663 0.693060 0.677548 0.246163 -0.000000 -0.341475 0.939891 B 2.000000 4.000000 18.000000 C[purple]
30.051985 19.070332 -25.109390 0.798438 -0.565887 -0.205594 0.602077 0.750445 0.272647 0.000000 -0.341475 0.939891 B 2.000000 4.000000 18.000000 C[purple]
30.065893 12.639418 -8.053119 0.833720 -0.518996 -0.188559 0.552188 0.783605 0.284695 0.000000 -0.341475 0.939891 B 2.000000 4.000000 18.000000 C[purple]
29.661159 6.466174 8.971376 0.801614 -0.561906 -0.204148 0.597842 0.753430 0.273732 -0.000000 -0.341475 0.939891 B 2.000000 4.000000 18.000000 C[purple]
