0 432000
0.0365301 2.39584
0.0730602 83.939
0.10959 22.6708
0.14612 9.72965
0.182651 10.0581
0.219181 24.8416
0.255711 14.4629
0.292241 14.3322
0.328771 4.17792
0.365301 55.0118
0.401831 0.657529
0.438361 0.835434
0.474891 0.563173
0.511421 0.116785
0.547952 0.181752
0.584482 2.78139
0.621012 6.74173
0.657542 5.09306
0.694072 1.00388
0.730602 13.1149
0.767132 0.631245
0.803662 0.0910161
0.840192 2.97603
0.876722 0.638873
0.913253 0.168637
0.949783 4.15782
0.986313 2.52302
1.02284 2.87113
1.05937 0.925005
1.0959 2.19819
1.13243 0.649499
1.16896 0.30379
1.20549 1.29496
1.24202 1.29766
1.27855 1.60767
1.31508 1.5221
1.35161 0.756097
1.38814 1.62359
1.42467 0.222996
1.4612 0.68047
1.49773 3.27747
1.53426 1.11289
1.57079 1.02335
1.60732 0.944233
1.64385 0.216112
1.68038 0.157551
1.71691 0.477946
1.75344 1.28442
1.78997 0.537921
1.82651 0.70071
1.86304 0.261513
1.89957 0.722895
1.9361 0.376622
1.97263 0.0802349
2.00916 0.844324
2.04569 1.75362
2.08222 0.83013
2.11875 2.90098
2.15528 1.32961
2.19181 0.275015
2.22834 0.313722
2.26487 0.846209
2.3014 2.0167
2.33793 0.32688
2.37446 1.87308
2.41099 0.231528
2.44752 0.663039
2.48405 0.134932
2.52058 1.4715
2.55711 0.172283
2.59364 0.887827
2.63017 0.550445
2.6667 1.94216
2.70323 0.462813
2.73976 1.42453
2.77629 0.194594
2.81282 1.30084
2.84935 0.358722
2.88588 1.26853
2.92241 0.187675
2.95894 0.800895
2.99547 3.0476
3.032 0.496981
3.06853 0.951829
3.10506 0.390248
3.14159 0.0363334
3.17812 1.0366
3.21465 0.535194
3.25118 0.91251
3.28771 0.0507799
3.32424 0.787203
3.36077 0.187046
3.3973 0.331812
3.43383 1.09442
3.47036 1.50524
3.50689 0.286204
3.54342 0.7204
3.57995 0.374233
3.61648 0.121518
3.65301 0.722275
3.68954 0.211926
3.72607 1.63597
3.7626 0.252633
3.79913 0.258352
3.83566 0.885204
3.87219 4.83786
3.90872 0.84118
3.94525 0.481014
