0.0365301 120200
0.0990611 16115.8
0.161592 5679.81
0.224123 3251.06
0.286654 1665.74
0.349185 1279.58
0.411716 803.709
0.474247 569.628
0.536778 481.108
0.599309 324.513
0.66184 301.159
0.724371 253.493
0.786902 281.216
0.849433 92.7914
0.911964 104.487
0.974495 11.1299
1.03703 84.6076
1.09956 2.95922
1.16209 86.3282
1.22462 100.966
1.28715 97.9482
1.34968 21.6044
1.41221 0.865309
1.47474 15.1155
1.53727 7.13406
1.59981 0.388778
1.66234 16.4344
1.72487 79.0042
1.7874 2.33268
1.84993 6.4232
1.91246 8.49505
1.97499 38.8607
2.03752 8.52755
2.10005 4.21091
2.16258 4.21708
2.22512 7.69776
2.28765 1.05366
2.35018 7.73198
2.41271 3.15983
2.47524 4.59329
2.53777 7.56423
2.6003 10.9965
2.66283 0.724677
2.72536 0.650107
2.78789 1.93697
2.85043 11.7905
2.91296 0.126776
2.97549 0.313507
3.03802 0.0528453
3.10055 1.93993
3.16308 0.888317
3.22561 12.2477
3.28814 0.56953
3.35067 1.29859
3.4132 0.0622081
3.47574 0.350594
3.53827 4.33247
3.6008 2.98157
3.66333 2.50013
3.72586 1.51041
3.78839 0.690836
3.85092 0.252966
3.91345 1.40427
