0 432000
0.0365301 81.845
0.0730602 6.87514
0.10959 31.5737
0.14612 13.7577
0.182651 0.990097
0.219181 26.6536
0.255711 31.515
0.292241 1.41276
0.328771 45.4271
0.365301 66.1732
0.401831 1.22605
0.438361 3.16544
0.474891 0.591343
0.511421 1.38873
0.547952 0.0852455
0.584482 2.50505
0.621012 7.31305
0.657542 8.75632
0.694072 15.4998
0.730602 20.3558
0.767132 0.715934
0.803662 2.12485
0.840192 0.251661
0.876722 5.34225
0.913253 0.906952
0.949783 3.55816
0.986313 4.19854
1.02284 0.604103
1.05937 6.01083
1.0959 3.1392
1.13243 1.33514
1.16896 1.01533
1.20549 4.23128
1.24202 0.286279
1.27855 0.318785
1.31508 0.340659
1.35161 0.82715
1.38814 4.51252
1.42467 1.07179
1.4612 1.03227
1.49773 0.391947
1.53426 0.33271
1.57079 2.02967
1.60732 0.654756
1.64385 0.0371716
1.68038 1.47581
1.71691 1.36496
1.75344 2.84358
1.78997 0.37892
1.82651 1.42624
1.86304 0.197333
1.89957 1.12726
1.9361 0.74108
1.97263 0.257078
2.00916 2.09089
2.04569 0.820001
2.08222 2.22392
2.11875 1.51324
2.15528 0.0313927
2.19181 5.0056
2.22834 0.328773
2.26487 0.765372
2.3014 0.244177
2.33793 1.56402
2.37446 2.25564
2.41099 0.292771
2.44752 0.913738
2.48405 4.18533
2.52058 0.297227
2.55711 0.184368
2.59364 1.22829
2.63017 0.168433
2.6667 0.401279
2.70323 0.32275
2.73976 0.902084
2.77629 0.992961
2.81282 0.462859
2.84935 3.44185
2.88588 0.670745
2.92241 0.280464
2.95894 1.72652
2.99547 0.644267
3.032 0.167005
3.06853 0.320896
3.10506 0.669552
3.14159 1.68772
3.17812 0.375277
3.21465 0.246596
3.25118 1.89264
3.28771 0.218236
3.32424 0.0753506
3.36077 0.737775
3.3973 0.110686
3.43383 0.378967
3.47036 0.712753
3.50689 0.239585
3.54342 0.310672
3.57995 0.200069
3.61648 1.43875
3.65301 0.197937
3.68954 0.53504
3.72607 0.757573
3.7626 0.177723
3.79913 1.91409
3.83566 0.391664
3.87219 0.0125145
3.90872 0.230442
3.94525 3.15136
