0.0365301 121219
0.0990611 15927.1
0.161592 5888.73
0.224123 3094.68
0.286654 1353.42
0.349185 1272.16
0.411716 743.343
0.474247 666.532
0.536778 432.033
0.599309 250.9
0.66184 263.994
0.724371 178.05
0.786902 204.518
0.849433 45.4248
0.911964 99.9291
0.974495 101.643
1.03703 160.454
1.09956 150.725
1.16209 22.5301
1.22462 5.51778
1.28715 18.1168
1.34968 184.841
1.41221 90.7529
1.47474 46.2548
1.53727 8.68749
1.59981 0.716548
1.66234 5.49928
1.72487 5.33566
1.7874 42.1224
1.84993 19.4881
1.91246 17.9715
1.97499 13.8228
2.03752 0.073902
2.10005 12.6492
2.16258 7.21702
2.22512 0.51246
2.28765 6.0089
2.35018 5.58865
2.41271 0.176522
2.47524 24.2431
2.53777 7.55323
2.6003 4.02475
2.66283 7.5686
2.72536 2.03429
2.78789 2.06388
2.85043 3.05342
2.91296 0.710667
2.97549 1.90793
3.03802 2.80398
3.10055 1.63226
3.16308 0.567475
3.22561 0.261279
3.28814 3.74799
3.35067 2.87035
3.4132 0.0786391
3.47574 0.734834
3.53827 0.189167
3.6008 0.684003
3.66333 0.0144246
3.72586 0.566872
3.78839 0.627156
3.85092 0.282607
3.91345 1.54769
