0 432000
0.0365301 2.82047
0.0730602 19.8436
0.10959 9.75127
0.14612 5.11186
0.182651 8.82021
0.219181 29.1368
0.255711 2.64748
0.292241 21.4655
0.328771 16.4191
0.365301 65.8083
0.401831 0.612656
0.438361 2.25997
0.474891 5.65702
0.511421 0.687054
0.547952 7.40257
0.584482 23.2862
0.621012 0.147803
0.657542 6.62232
0.694072 12.2755
0.730602 34.1579
0.767132 0.727818
0.803662 2.46753
0.840192 1.03576
0.876722 0.962312
0.913253 4.51055
0.949783 5.85805
0.986313 2.41857
1.02284 11.0909
1.05937 3.52345
1.0959 4.67221
1.13243 0.198145
1.16896 0.726428
1.20549 0.11998
1.24202 1.53175
1.27855 5.04197
1.31508 4.57641
1.35161 1.6173
1.38814 1.55746
1.42467 0.663268
1.4612 0.662874
1.49773 0.407847
1.53426 0.00982015
1.57079 0.507861
1.60732 1.28258
1.64385 0.52661
1.68038 3.07736
1.71691 2.54904
1.75344 0.0299403
1.78997 1.9588
1.82651 0.0104381
1.86304 1.25916
1.89957 1.36468
1.9361 0.650814
1.97263 0.480252
2.00916 4.13893
2.04569 0.573373
2.08222 0.543792
2.11875 0.612302
2.15528 0.356518
2.19181 1.46324
2.22834 0.34258
2.26487 1.97496
2.3014 0.458379
2.33793 0.305895
2.37446 3.31662
2.41099 0.590655
2.44752 0.414152
2.48405 0.756333
2.52058 1.89859
2.55711 1.06401
2.59364 0.47378
2.63017 0.0135847
2.6667 0.0618416
2.70323 0.440363
2.73976 0.648981
2.77629 0.193909
2.81282 0.637813
2.84935 1.27451
2.88588 0.815658
2.92241 1.22932
2.95894 1.19001
2.99547 1.175
3.032 0.516332
3.06853 0.295094
3.10506 0.750425
3.14159 1.37514
3.17812 0.872922
3.21465 0.0351826
3.25118 0.457372
3.28771 0.221919
3.32424 0.230878
3.36077 0.112688
3.3973 1.83117
3.43383 1.63776
3.47036 0.770842
3.50689 0.345699
3.54342 1.90353
3.57995 0.125825
3.61648 3.5068
3.65301 1.2208
3.68954 0.193908
3.72607 0.173668
3.7626 0.0321532
3.79913 3.61526
3.83566 1.19825
3.87219 1.03871
3.90872 0.981501
3.94525 0.540932
