0.0365301 120163
0.0990611 16409
0.161592 5309.43
0.224123 3010.62
0.286654 1973.71
0.349185 1113.53
0.411716 760.646
0.474247 585.288
0.536778 649.477
0.599309 447.58
0.66184 306.914
0.724371 172.082
0.786902 169.752
0.849433 33.6537
0.911964 92.7577
0.974495 46.3217
1.03703 61.7497
1.09956 35.5331
1.16209 18.4549
1.22462 22.5193
1.28715 3.75088
1.34968 0.120474
1.41221 16.5348
1.47474 48.905
1.53727 74.3747
1.59981 5.25566
1.66234 59.2758
1.72487 23.2047
1.7874 6.74504
1.84993 79.8345
1.91246 23.5264
1.97499 4.11566
2.03752 6.36347
2.10005 7.56848
2.16258 9.08592
2.22512 0.804386
2.28765 16.1102
2.35018 9.08386
2.41271 2.76965
2.47524 3.55672
2.53777 13.5071
2.6003 0.342362
2.66283 0.635287
2.72536 15.1181
2.78789 1.08499
2.85043 0.234454
2.91296 1.38027
2.97549 0.755949
3.03802 2.69954
3.10055 0.858911
3.16308 0.218149
3.22561 5.39568
3.28814 0.451774
3.35067 0.186104
3.4132 0.953341
3.47574 1.4705
3.53827 1.2004
3.6008 0.173418
3.66333 0.260968
3.72586 0.0946567
3.78839 1.45297
3.85092 1.46794
3.91345 1.16502
