0.0365301 120149
0.0990611 15612.5
0.161592 6603.32
0.224123 2850.15
0.286654 2090.46
0.349185 1006.31
0.411716 852.707
0.474247 583.252
0.536778 399.112
0.599309 289.818
0.66184 280.712
0.724371 296.24
0.786902 143.156
0.849433 159.302
0.911964 31.8198
0.974495 37.806
1.03703 193.132
1.09956 43.9213
1.16209 21.7759
1.22462 21.9828
1.28715 91.1757
1.34968 80.8706
1.41221 8.88821
1.47474 59.6331
1.53727 5.80267
1.59981 8.11756
1.66234 24.8482
1.72487 4.03411
1.7874 25.345
1.84993 45.484
1.91246 22.4768
1.97499 5.01586
2.03752 19.854
2.10005 4.31284
2.16258 5.08458
2.22512 3.74449
2.28765 5.59915
2.35018 40.2107
2.41271 0.530757
2.47524 4.59595
2.53777 8.70584
2.6003 3.29596
2.66283 1.09692
2.72536 5.33473
2.78789 9.12411
2.85043 9.99319
2.91296 0.643447
2.97549 0.0788768
3.03802 1.14307
3.10055 2.95183
3.16308 1.40441
3.22561 1.2219
3.28814 0.634476
3.35067 1.32634
3.4132 0.64262
3.47574 6.81475
3.53827 0.356158
3.6008 2.29237
3.66333 1.68174
3.72586 2.3614
3.78839 3.10093
3.85092 1.67999
3.91345 1.65819
