0 432000
0.0365301 8.99906
0.0730602 10.0793
0.10959 32.1045
0.14612 7.19679
0.182651 14.7211
0.219181 4.02811
0.255711 8.06475
0.292241 33.1745
0.328771 5.23051
0.365301 62.0479
0.401831 2.13726
0.438361 0.994746
0.474891 1.98118
0.511421 5.26662
0.547952 0.192602
0.584482 1.05228
0.621012 5.59138
0.657542 14.3662
0.694072 2.47467
0.730602 13.6859
0.767132 0.128922
0.803662 0.103665
0.840192 0.982699
0.876722 1.78205
0.913253 6.89628
0.949783 4.46699
0.986313 0.56744
1.02284 12.3517
1.05937 1.9828
1.0959 0.532711
1.13243 0.315475
1.16896 0.0267897
1.20549 3.07557
1.24202 1.22716
1.27855 0.139105
1.31508 1.32774
1.35161 1.51624
1.38814 2.10149
1.42467 0.509453
1.4612 1.44496
1.49773 0.0819212
1.53426 0.399254
1.57079 1.80518
1.60732 0.249005
1.64385 0.278925
1.68038 0.212511
1.71691 0.22792
1.75344 2.24058
1.78997 1.45081
1.82651 0.312685
1.86304 0.647901
1.89957 3.54527
1.9361 1.3592
1.97263 0.157163
2.00916 1.6304
2.04569 0.82284
2.08222 0.994161
2.11875 0.619687
2.15528 0.182023
2.19181 2.39125
2.22834 0.171377
2.26487 3.18989
2.3014 4.28459
2.33793 2.10925
2.37446 2.08363
2.41099 0.911866
2.44752 0.431428
2.48405 1.01424
2.52058 1.75657
2.55711 0.0803726
2.59364 2.78176
2.63017 0.762966
2.6667 0.0788026
2.70323 1.06415
2.73976 0.18999
2.77629 0.428906
2.81282 0.149636
2.84935 0.755169
2.88588 1.47999
2.92241 1.96326
2.95894 0.0971671
2.99547 1.0596
3.032 0.22921
3.06853 1.6266
3.10506 1.96428
3.14159 0.579105
3.17812 0.114069
3.21465 1.29145
3.25118 0.42637
3.28771 0.0304546
3.32424 0.271954
3.36077 1.47425
3.3973 0.926006
3.43383 0.901974
3.47036 1.00867
3.50689 0.151802
3.54342 0.283814
3.57995 0.986564
3.61648 1.18201
3.65301 0.482225
3.68954 2.59696
3.72607 1.16218
3.7626 0.637905
3.79913 0.157723
3.83566 1.84904
3.87219 0.558834
3.90872 0.0351804
3.94525 0.468692
