0 432000
0.0365301 27.3745
0.0730602 70.3881
0.10959 39.8188
0.14612 1.13964
0.182651 46.5944
0.219181 19.5996
0.255711 9.88184
0.292241 56.6098
0.328771 6.60852
0.365301 82.3641
0.401831 0.724921
0.438361 1.76421
0.474891 2.95454
0.511421 5.59985
0.547952 3.80721
0.584482 2.56195
0.621012 1.966
0.657542 44.8988
0.694072 5.23366
0.730602 14.4176
0.767132 2.01892
0.803662 1.29726
0.840192 2.09277
0.876722 1.76492
0.913253 0.773107
0.949783 4.57517
0.986313 0.927591
1.02284 8.02789
1.05937 0.846417
1.0959 4.91613
1.13243 0.303475
1.16896 1.95872
1.20549 1.29709
1.24202 0.844186
1.27855 0.656066
1.31508 0.190791
1.35161 0.417122
1.38814 3.2571
1.42467 0.143304
1.4612 0.718101
1.49773 0.224615
1.53426 2.22445
1.57079 0.261881
1.60732 0.602048
1.64385 0.480386
1.68038 0.595782
1.71691 0.317724
1.75344 4.6642
1.78997 0.751824
1.82651 0.533197
1.86304 0.891079
1.89957 1.2719
1.9361 0.123567
1.97263 1.94956
2.00916 0.599139
2.04569 0.737385
2.08222 1.89264
2.11875 0.0731827
2.15528 0.276693
2.19181 0.68734
2.22834 0.650991
2.26487 4.65821
2.3014 1.75468
2.33793 0.162844
2.37446 2.80934
2.41099 1.24553
2.44752 0.584007
2.48405 0.171256
2.52058 2.955
2.55711 0.344047
2.59364 0.0473965
2.63017 4.60985
2.6667 3.15033
2.70323 3.76754
2.73976 0.530434
2.77629 1.62031
2.81282 0.605287
2.84935 0.8161
2.88588 4.85258
2.92241 0.0456608
2.95894 0.100853
2.99547 1.40125
3.032 0.1397
3.06853 2.22383
3.10506 0.309758
3.14159 0.69024
3.17812 1.82394
3.21465 1.32135
3.25118 2.3554
3.28771 3.36968
3.32424 0.600517
3.36077 0.178719
3.3973 0.293809
3.43383 2.23511
3.47036 1.71532
3.50689 0.00276028
3.54342 1.5998
3.57995 0.654107
3.61648 1.18221
3.65301 0.0920494
3.68954 0.397353
3.72607 1.86514
3.7626 1.17472
3.79913 1.17798
3.83566 0.223213
3.87219 0.0572938
3.90872 2.97217
3.94525 1.69187
