0.0365301 119518
0.0990611 15191.6
0.161592 5621.05
0.224123 3040.21
0.286654 1974.77
0.349185 970.065
0.411716 783.305
0.474247 837.275
0.536778 530.39
0.599309 501.36
0.66184 209.792
0.724371 151.44
0.786902 259.251
0.849433 74.0209
0.911964 75.08
0.974495 35.6786
1.03703 58.2169
1.09956 18.2924
1.16209 38.6392
1.22462 67.2837
1.28715 14.3574
1.34968 57.8167
1.41221 24.2886
1.47474 2.19657
1.53727 12.3312
1.59981 15.9164
1.66234 2.30567
1.72487 8.4495
1.7874 90.1957
1.84993 1.63739
1.91246 4.57216
1.97499 14.5363
2.03752 25.7541
2.10005 10.4551
2.16258 5.14215
2.22512 0.242242
2.28765 2.62042
2.35018 2.97086
2.41271 17.4758
2.47524 0.775613
2.53777 12.6384
2.6003 11.5176
2.66283 0.821684
2.72536 8.71061
2.78789 0.0615793
2.85043 7.52223
2.91296 5.07265
2.97549 5.21585
3.03802 2.7981
3.10055 0.647941
3.16308 0.160135
3.22561 2.15252
3.28814 0.00857378
3.35067 1.0948
3.4132 0.321141
3.47574 0.679465
3.53827 0.743063
3.6008 0.832882
3.66333 3.03247
3.72586 1.42558
3.78839 0.14961
3.85092 1.64165
3.91345 0.459075
