0 432000
0.0365301 28.9943
0.0730602 0.706007
0.10959 2.28445
0.14612 7.4144
0.182651 8.0873
0.219181 6.79039
0.255711 15.3197
0.292241 4.46392
0.328771 8.54413
0.365301 73.6128
0.401831 0.374964
0.438361 1.45394
0.474891 3.86058
0.511421 0.690832
0.547952 0.225541
0.584482 0.240558
0.621012 4.43112
0.657542 1.50065
0.694072 11.7202
0.730602 26.4615
0.767132 0.384345
0.803662 0.642396
0.840192 0.301027
0.876722 2.06547
0.913253 7.82365
0.949783 6.85466
0.986313 0.255637
1.02284 3.9956
1.05937 1.80567
1.0959 6.62383
1.13243 1.7465
1.16896 0.541064
1.20549 0.422962
1.24202 2.54689
1.27855 1.61533
1.31508 1.79877
1.35161 0.574008
1.38814 0.874934
1.42467 0.187299
1.4612 1.58961
1.49773 1.07635
1.53426 1.03645
1.57079 0.820749
1.60732 1.43145
1.64385 3.18705
1.68038 1.28935
1.71691 1.13737
1.75344 0.726761
1.78997 0.366337
1.82651 0.726689
1.86304 2.94169
1.89957 0.278066
1.9361 0.588134
1.97263 0.298878
2.00916 9.4448
2.04569 0.918806
2.08222 0.442399
2.11875 0.733685
2.15528 0.552257
2.19181 2.57072
2.22834 0.499245
2.26487 0.0864535
2.3014 2.08622
2.33793 0.394925
2.37446 0.430686
2.41099 0.880341
2.44752 0.727126
2.48405 0.703957
2.52058 1.99974
2.55711 0.215697
2.59364 0.935516
2.63017 0.663752
2.6667 0.0926966
2.70323 0.234353
2.73976 2.09819
2.77629 0.924363
2.81282 0.297692
2.84935 0.919555
2.88588 0.123822
2.92241 0.0648469
2.95894 1.1357
2.99547 0.126686
3.032 0.250275
3.06853 1.07062
3.10506 2.61344
3.14159 2.9184
3.17812 0.0440623
3.21465 0.364766
3.25118 1.92141
3.28771 0.52321
3.32424 1.04932
3.36077 1.85817
3.3973 1.4096
3.43383 0.2777
3.47036 4.72551
3.50689 0.802497
3.54342 0.44775
3.57995 0.0807325
3.61648 0.257541
3.65301 0.0423526
3.68954 1.37146
3.72607 0.298526
3.7626 0.706801
3.79913 2.93345
3.83566 0.892442
3.87219 0.627112
3.90872 0.835775
3.94525 0.998188
