0.0365301 118468
0.0990611 15544.7
0.161592 6142.29
0.224123 3465.87
0.286654 1920.34
0.349185 1537.79
0.411716 764.037
0.474247 622.523
0.536778 344.676
0.599309 517.567
0.66184 323.516
0.724371 257.231
0.786902 137.922
0.849433 146.925
0.911964 119.219
0.974495 56.8377
1.03703 54.8763
1.09956 47.0092
1.16209 20.8297
1.22462 55.5041
1.28715 26.7553
1.34968 19.7384
1.41221 38.2478
1.47474 66.2346
1.53727 9.94948
1.59981 6.18716
1.66234 42.307
1.72487 12.6863
1.7874 3.83323
1.84993 4.71738
1.91246 1.51044
1.97499 28.7238
2.03752 0.393236
2.10005 6.40067
2.16258 15.5544
2.22512 27.3153
2.28765 6.68382
2.35018 35.7609
2.41271 17.2499
2.47524 0.848837
2.53777 1.6706
2.6003 11.5817
2.66283 0.686423
2.72536 5.23505
2.78789 1.56266
2.85043 5.22193
2.91296 1.34524
2.97549 1.04779
3.03802 7.82003
3.10055 0.298417
3.16308 1.54308
3.22561 0.313514
3.28814 3.47577
3.35067 1.5408
3.4132 1.07912
3.47574 0.0773264
3.53827 2.12967
3.6008 0.230911
3.66333 0.327534
3.72586 4.77244
3.78839 0.196676
3.85092 0.808368
3.91345 2.42092
