0 432000
0.0365301 43.2908
0.0730602 9.03187
0.10959 17.9804
0.14612 11.8651
0.182651 1.18364
0.219181 17.0743
0.255711 12.8513
0.292241 15.6095
0.328771 16.1787
0.365301 50.8899
0.401831 0.619768
0.438361 0.472562
0.474891 0.695102
0.511421 0.205237
0.547952 2.39193
0.584482 5.12978
0.621012 0.387919
0.657542 5.6935
0.694072 6.85415
0.730602 27.9124
0.767132 1.25033
0.803662 0.500206
0.840192 0.157884
0.876722 3.18106
0.913253 0.35518
0.949783 3.28267
0.986313 3.73667
1.02284 3.03119
1.05937 2.1144
1.0959 2.82458
1.13243 1.60467
1.16896 0.418952
1.20549 0.0469771
1.24202 1.60846
1.27855 0.0301378
1.31508 1.63435
1.35161 3.2475
1.38814 1.38967
1.42467 0.595137
1.4612 1.77767
1.49773 0.947844
1.53426 1.35458
1.57079 2.49188
1.60732 2.56608
1.64385 0.207657
1.68038 2.57916
1.71691 1.94841
1.75344 0.443739
1.78997 1.09806
1.82651 0.142445
1.86304 0.0610052
1.89957 1.40791
1.9361 0.489082
1.97263 0.561055
2.00916 0.395804
2.04569 0.335443
2.08222 0.392677
2.11875 1.1652
2.15528 1.73873
2.19181 1.26407
2.22834 0.747075
2.26487 2.09636
2.3014 1.51239
2.33793 3.28407
2.37446 1.37432
2.41099 1.25668
2.44752 0.136036
2.48405 0.154743
2.52058 1.29239
2.55711 0.154875
2.59364 0.325815
2.63017 0.542505
2.6667 1.44668
2.70323 0.422887
2.73976 2.00759
2.77629 0.165598
2.81282 0.542574
2.84935 0.435565
2.88588 0.803381
2.92241 0.65113
2.95894 1.05768
2.99547 0.844556
3.032 1.45225
3.06853 0.824591
3.10506 0.710819
3.14159 0.448585
3.17812 0.687451
3.21465 1.77992
3.25118 2.08063
3.28771 0.0305843
3.32424 0.863525
3.36077 0.981609
3.3973 0.499994
3.43383 0.0718308
3.47036 0.0911525
3.50689 1.13628
3.54342 0.731691
3.57995 0.345798
3.61648 0.128331
3.65301 0.115004
3.68954 1.0013
3.72607 0.132841
3.7626 1.54351
3.79913 0.13539
3.83566 0.157034
3.87219 1.13572
3.90872 1.61902
3.94525 1.83396
