0.0365301 119314
0.0990611 15975.1
0.161592 5824.02
0.224123 2970.37
0.286654 1613.87
0.349185 1296.96
0.411716 764.344
0.474247 555.215
0.536778 471.383
0.599309 402.734
0.66184 202.458
0.724371 187.565
0.786902 176.027
0.849433 212.893
0.911964 95.3877
0.974495 34.6251
1.03703 100.303
1.09956 18.4706
1.16209 16.64
1.22462 100.313
1.28715 40.9538
1.34968 9.82635
1.41221 48.538
1.47474 233.564
1.53727 12.9392
1.59981 43.5753
1.66234 3.24637
1.72487 22.277
1.7874 107.957
1.84993 28.2377
1.91246 11.3597
1.97499 13.3445
2.03752 8.65382
2.10005 12.4391
2.16258 11.196
2.22512 3.62816
2.28765 0.182712
2.35018 4.90204
2.41271 10.7713
2.47524 16.0941
2.53777 0.694658
2.6003 5.82931
2.66283 0.838602
2.72536 5.06726
2.78789 5.2299
2.85043 0.12055
2.91296 1.08843
2.97549 0.814747
3.03802 0.699962
3.10055 0.999565
3.16308 0.700658
3.22561 0.573878
3.28814 0.185625
3.35067 0.270407
3.4132 1.14935
3.47574 1.25043
3.53827 1.34263
3.6008 3.20578
3.66333 1.09728
3.72586 0.212701
3.78839 2.08921
3.85092 1.513
3.91345 2.09204
