100.4811945565638780 62.4899991998720026 172.0000000000000000
BOX 2.0000000000000000 4.0000000000000000 18.0000000000000000 17.1258354016257535 -19.3269298065271151 -77.3843100996004267 -0.8695220409434956 -0.4642065129442888 -0.1686527012933959 0.4938941387721276 -0.8172556887556356 -0.2969203914908753 -0.0000000000000000 -0.3414754054637812 0.9398907103825138 
BOX 2.0000000000000000 4.0000000000000000 18.0000000000000000 17.0569126607427997 -25.7310108005029434 -60.2389684794354920 -0.7678308477852679 -0.6021434532183344 -0.2187671157547773 0.6406526275520625 -0.7216770809785005 -0.2621953500750714 0.0000000000000000 -0.3414754054637813 0.9398907103825136
BOX 2.0000000000000000 4.0000000000000000 18.0000000000000000 17.2512370328939966 30.3387048807455066 -43.3953966788838201 -0.6471077095200437 -0.7165713537340042 -0.2603403681481918 0.7623985914728109 -0.6082105247947973 -0.2209713674870979 -0.0000000000000000 -0.3414754054637821 0.9398907103825138
BOX 2.0000000000000000 4.0000000000000000 18.0000000000000000 17.1813181592173017 24.1329291959505348 -26.2918551693437053 -0.2660571513632847 -0.9060144705167676 -0.3291676949864276 0.9639572564219160 -0.2500646449971845 -0.0908519736383159 -0.0000000000000000 -0.3414754054637813 0.9398907103825136
BOX 2.0000000000000000 4.0000000000000000 18.0000000000000000 17.1522920701955961 17.8127252703553687 -9.0064742370687156 -0.6483595253910404 -0.7155710419161498 -0.2599769409115800 0.7613343062247431 -0.6093870949030562 -0.2213988318192108 0.0000000000000000 -0.3414754054637812 0.9398907103825134
