0 432000
0.0365301 11.1724
0.0730602 5.45732
0.10959 8.12302
0.14612 14.2024
0.182651 26.7355
0.219181 3.05661
0.255711 17.5491
0.292241 3.93725
0.328771 2.66658
0.365301 57.8952
0.401831 1.54543
0.438361 2.22855
0.474891 0.876711
0.511421 0.0803299
0.547952 3.69304
0.584482 2.05883
0.621012 1.75709
0.657542 4.69277
0.694072 1.55392
0.730602 23.238
0.767132 0.810438
0.803662 0.19667
0.840192 1.72696
0.876722 0.43555
0.913253 1.36521
0.949783 0.19162
0.986313 1.78047
1.02284 0.625026
1.05937 0.0979441
1.0959 1.47747
1.13243 2.37354
1.16896 1.9154
1.20549 0.474259
1.24202 0.334039
1.27855 0.0659558
1.31508 1.70598
1.35161 2.28052
1.38814 2.81815
1.42467 0.846148
1.4612 2.49818
1.49773 0.573981
1.53426 0.279354
1.57079 0.120782
1.60732 0.497144
1.64385 0.841211
1.68038 0.277684
1.71691 3.05445
1.75344 1.69597
1.78997 1.01889
1.82651 1.63563
1.86304 0.458543
1.89957 0.942011
1.9361 0.399397
1.97263 0.880147
2.00916 2.35466
2.04569 1.54458
2.08222 0.656066
2.11875 1.2772
2.15528 1.51648
2.19181 0.527288
2.22834 3.57828
2.26487 0.00573824
2.3014 0.253136
2.33793 0.114604
2.37446 1.80978
2.41099 3.58814
2.44752 2.23678
2.48405 0.906602
2.52058 0.193171
2.55711 0.442444
2.59364 0.858292
2.63017 0.120887
2.6667 0.0492314
2.70323 0.0122666
2.73976 1.639
2.77629 0.229516
2.81282 1.09096
2.84935 0.839006
2.88588 1.64886
2.92241 0.893647
2.95894 0.852264
2.99547 2.37023
3.032 0.185989
3.06853 0.192865
3.10506 0.183467
3.14159 0.656757
3.17812 0.171651
3.21465 0.496744
3.25118 0.292278
3.28771 1.62786
3.32424 0.44692
3.36077 0.446356
3.3973 0.190161
3.43383 0.885766
3.47036 0.821333
3.50689 3.5093
3.54342 2.26095
3.57995 0.89557
3.61648 0.236551
3.65301 1.2755
3.68954 3.13652
3.72607 0.162379
3.7626 3.09075
3.79913 0.228037
3.83566 0.0445272
3.87219 0.313748
3.90872 0.0815292
3.94525 0.901943
