0.0365301 118995
0.0990611 16978.7
0.161592 5505.05
0.224123 3314.6
0.286654 1722.26
0.349185 1321.47
0.411716 705.814
0.474247 569.322
0.536778 527.492
0.599309 347.751
0.66184 232.969
0.724371 225.258
0.786902 139.27
0.849433 188.024
0.911964 96.0438
0.974495 195.009
1.03703 100.358
1.09956 24.0959
1.16209 80.2187
1.22462 60.9967
1.28715 138.456
1.34968 93.8635
1.41221 4.74035
1.47474 18.8854
1.53727 57.076
1.59981 18.4105
1.66234 24.5574
1.72487 28.2041
1.7874 23.1606
1.84993 15.0994
1.91246 15.4223
1.97499 0.341293
2.03752 11.2761
2.10005 7.79567
2.16258 9.11535
2.22512 2.33418
2.28765 36.1841
2.35018 8.37172
2.41271 0.885437
2.47524 5.76596
2.53777 4.30625
2.6003 14.8171
2.66283 16.0838
2.72536 1.88647
2.78789 3.30126
2.85043 2.47958
2.91296 0.0162637
2.97549 1.11215
3.03802 3.69926
3.10055 0.152193
3.16308 3.11073
3.22561 1.22842
3.28814 1.0496
3.35067 1.55325
3.4132 0.0939259
3.47574 3.84186
3.53827 2.28744
3.6008 0.108674
3.66333 0.871017
3.72586 1.89595
3.78839 0.324
3.85092 0.846327
3.91345 0.747835
