0.0365301 117639
0.0990611 15316.7
0.161592 6779.52
0.224123 3855.2
0.286654 1644.91
0.349185 1248.05
0.411716 863.267
0.474247 528.966
0.536778 401.422
0.599309 180.879
0.66184 252.114
0.724371 211.552
0.786902 215.916
0.849433 191.409
0.911964 84.0107
0.974495 76.5616
1.03703 56.2672
1.09956 29.7619
1.16209 5.51323
1.22462 30.4946
1.28715 25.5183
1.34968 42.9958
1.41221 23.5118
1.47474 115.322
1.53727 75.8936
1.59981 1.60062
1.66234 5.36787
1.72487 30.6222
1.7874 3.93713
1.84993 8.71814
1.91246 11.8142
1.97499 8.57778
2.03752 14.8637
2.10005 4.36712
2.16258 16.2018
2.22512 16.2406
2.28765 14.9499
2.35018 7.82123
2.41271 9.85341
2.47524 1.46621
2.53777 9.3579
2.6003 17.3927
2.66283 0.764147
2.72536 3.65264
2.78789 1.95989
2.85043 0.229877
2.91296 0.198898
2.97549 6.0187
3.03802 5.28281
3.10055 4.22765
3.16308 0.0177865
3.22561 0.982992
3.28814 0.898694
3.35067 3.82353
3.4132 1.31983
3.47574 0.195526
3.53827 0.73458
3.6008 0.525228
3.66333 0.313567
3.72586 0.167483
3.78839 1.10854
3.85092 1.1036
3.91345 2.01006
