0 432000
0.0365301 27.0265
0.0730602 1.3521
0.10959 16.5556
0.14612 5.54218
0.182651 23.83
0.219181 7.70865
0.255711 21.4868
0.292241 7.78147
0.328771 29.0305
0.365301 56.6826
0.401831 0.496356
0.438361 3.63371
0.474891 1.27166
0.511421 1.45791
0.547952 3.12459
0.584482 0.537085
0.621012 7.06402
0.657542 0.0775209
0.694072 16.0144
0.730602 17.0403
0.767132 0.249109
0.803662 4.58181
0.840192 0.327986
0.876722 0.389637
0.913253 2.11975
0.949783 0.482082
0.986313 2.98889
1.02284 0.555286
1.05937 13.7334
1.0959 5.61353
1.13243 0.101465
1.16896 0.382172
1.20549 1.59148
1.24202 2.67827
1.27855 0.109597
1.31508 0.563194
1.35161 0.391229
1.38814 3.30614
1.42467 1.25707
1.4612 0.678805
1.49773 0.0495744
1.53426 0.00207718
1.57079 0.590279
1.60732 1.03331
1.64385 0.294337
1.68038 0.236838
1.71691 0.192978
1.75344 4.10414
1.78997 1.00061
1.82651 1.63498
1.86304 1.55653
1.89957 0.0619906
1.9361 0.281357
1.97263 0.285093
2.00916 2.43679
2.04569 3.88112
2.08222 3.20816
2.11875 2.98286
2.15528 1.24871
2.19181 1.44046
2.22834 0.627485
2.26487 0.18057
2.3014 0.286749
2.33793 1.29483
2.37446 0.625595
2.41099 0.491451
2.44752 0.182188
2.48405 0.873033
2.52058 2.03443
2.55711 1.42845
2.59364 1.1393
2.63017 0.598245
2.6667 0.291326
2.70323 3.53701
2.73976 1.9432
2.77629 1.03537
2.81282 0.384622
2.84935 0.266748
2.88588 0.201566
2.92241 3.44028
2.95894 0.378083
2.99547 0.237705
3.032 0.495845
3.06853 1.53853
3.10506 1.73594
3.14159 2.06783
3.17812 1.79049
3.21465 0.499634
3.25118 0.907922
3.28771 1.28869
3.32424 1.08857
3.36077 0.0154189
3.3973 0.0325797
3.43383 0.490236
3.47036 0.162629
3.50689 1.19552
3.54342 2.56207
3.57995 0.726006
3.61648 0.399305
3.65301 0.404405
3.68954 0.101699
3.72607 0.322343
3.7626 0.386025
3.79913 1.49909
3.83566 0.604942
3.87219 0.485112
3.90872 1.33037
3.94525 1.1361
