0 432000
0.0365301 51.3249
0.0730602 11.0073
0.10959 4.70824
0.14612 14.6183
0.182651 5.5068
0.219181 10.3985
0.255711 0.714634
0.292241 57.8297
0.328771 19.734
0.365301 98.1506
0.401831 0.748133
0.438361 7.02756
0.474891 5.53205
0.511421 1.98029
0.547952 0.84096
0.584482 2.01788
0.621012 1.2308
0.657542 19.6094
0.694072 0.93042
0.730602 9.80774
0.767132 0.990647
0.803662 1.33055
0.840192 0.170103
0.876722 0.457426
0.913253 0.0687964
0.949783 4.73748
0.986313 0.0779751
1.02284 4.92701
1.05937 5.33268
1.0959 5.73393
1.13243 1.47011
1.16896 0.625771
1.20549 1.22374
1.24202 0.888576
1.27855 0.712013
1.31508 0.260518
1.35161 0.866868
1.38814 1.45489
1.42467 0.0504841
1.4612 0.323371
1.49773 0.425822
1.53426 0.198898
1.57079 0.430546
1.60732 0.0131222
1.64385 0.704086
1.68038 1.77095
1.71691 2.33855
1.75344 0.11885
1.78997 0.532697
1.82651 0.804754
1.86304 0.830975
1.89957 0.114915
1.9361 1.24854
1.97263 0.33602
2.00916 0.0930382
2.04569 6.07742
2.08222 0.440178
2.11875 2.292
2.15528 1.90863
2.19181 2.59247
2.22834 1.35952
2.26487 3.59855
2.3014 0.239097
2.33793 1.26807
2.37446 3.22267
2.41099 0.595611
2.44752 0.955672
2.48405 0.0374
2.52058 1.53334
2.55711 0.0462116
2.59364 1.46815
2.63017 0.151686
2.6667 0.320868
2.70323 2.3814
2.73976 0.0754675
2.77629 1.42398
2.81282 2.13339
2.84935 0.374179
2.88588 0.631065
2.92241 0.650982
2.95894 0.220546
2.99547 1.62157
3.032 0.227907
3.06853 0.67921
3.10506 1.36571
3.14159 0.283181
3.17812 0.277688
3.21465 0.433289
3.25118 0.0499668
3.28771 0.059566
3.32424 0.844212
3.36077 1.81909
3.3973 0.0364331
3.43383 0.150409
3.47036 0.846853
3.50689 0.683112
3.54342 0.715955
3.57995 2.1627
3.61648 0.087656
3.65301 0.379006
3.68954 0.244658
3.72607 1.63085
3.7626 0.46165
3.79913 0.637659
3.83566 0.918349
3.87219 2.56008
3.90872 0.373102
3.94525 0.10533
