0.0365301 119983
0.0990611 15721
0.161592 6440.23
0.224123 2637.14
0.286654 1727.93
0.349185 925.762
0.411716 969.044
0.474247 545.238
0.536778 484.259
0.599309 350.126
0.66184 306.851
0.724371 180.657
0.786902 163.78
0.849433 92.1349
0.911964 81.6717
0.974495 82.8005
1.03703 54.6676
1.09956 33.6012
1.16209 86.6997
1.22462 104.519
1.28715 75.6195
1.34968 89.5124
1.41221 3.85684
1.47474 24.725
1.53727 17.7103
1.59981 11.9905
1.66234 6.46335
1.72487 36.7896
1.7874 7.14884
1.84993 2.22605
1.91246 49.2715
1.97499 16.1626
2.03752 16.6386
2.10005 24.5885
2.16258 11.6981
2.22512 3.23689
2.28765 4.98507
2.35018 11.2071
2.41271 7.81424
2.47524 6.56284
2.53777 1.59685
2.6003 0.350544
2.66283 9.18332
2.72536 13.3746
2.78789 4.45066
2.85043 4.04904
2.91296 5.51421
2.97549 3.52345
3.03802 0.670201
3.10055 1.62278
3.16308 0.492669
3.22561 1.92737
3.28814 2.59579
3.35067 1.782
3.4132 0.762702
3.47574 0.8595
3.53827 1.32315
3.6008 3.2741
3.66333 1.94976
3.72586 2.06764
3.78839 1.94936
3.85092 2.11683
3.91345 0.629232
