0 432000
0.0365301 23.2278
0.0730602 10.9137
0.10959 6.05349
0.14612 2.22013
0.182651 2.23818
0.219181 5.4486
0.255711 16.0144
0.292241 19.2146
0.328771 6.41981
0.365301 91.9704
0.401831 0.900138
0.438361 2.70442
0.474891 0.69075
0.511421 0.349415
0.547952 2.2976
0.584482 1.40457
0.621012 8.30561
0.657542 15.5681
0.694072 5.28554
0.730602 12.8947
0.767132 0.345705
0.803662 4.27028
0.840192 0.604352
0.876722 4.72909
0.913253 0.00109757
0.949783 0.602653
0.986313 1.05433
1.02284 7.55475
1.05937 0.422765
1.0959 5.90489
1.13243 1.30839
1.16896 0.162949
1.20549 0.3276
1.24202 2.59852
1.27855 3.82202
1.31508 0.345498
1.35161 1.14083
1.38814 1.56224
1.42467 2.11459
1.4612 0.953518
1.49773 0.611539
1.53426 1.48595
1.57079 0.341405
1.60732 0.180801
1.64385 3.86613
1.68038 0.118034
1.71691 0.399224
1.75344 0.974167
1.78997 0.0257092
1.82651 0.792969
1.86304 2.06965
1.89957 1.28788
1.9361 0.312158
1.97263 1.06247
2.00916 1.13255
2.04569 0.18208
2.08222 0.59348
2.11875 3.99591
2.15528 0.999086
2.19181 0.727797
2.22834 0.447972
2.26487 2.25975
2.3014 0.0620252
2.33793 1.51526
2.37446 1.58416
2.41099 4.54633
2.44752 0.412453
2.48405 0.384794
2.52058 2.46202
2.55711 0.509688
2.59364 1.59316
2.63017 0.279652
2.6667 1.11345
2.70323 0.367901
2.73976 1.30679
2.77629 0.590663
2.81282 0.238779
2.84935 0.769763
2.88588 1.72162
2.92241 0.271291
2.95894 1.43401
2.99547 1.00773
3.032 0.402704
3.06853 1.5095
3.10506 5.52435
3.14159 0.0916311
3.17812 2.68616
3.21465 0.233283
3.25118 0.474135
3.28771 0.427763
3.32424 2.67515
3.36077 1.33039
3.3973 1.19155
3.43383 0.0804015
3.47036 1.35352
3.50689 0.419191
3.54342 0.441881
3.57995 1.39751
3.61648 0.853857
3.65301 0.431074
3.68954 0.0920437
3.72607 0.479526
3.7626 0.268488
3.79913 0.764909
3.83566 1.17394
3.87219 0.060477
3.90872 0.271562
3.94525 1.40419
