0.0365301 118064
0.0990611 16007.1
0.161592 6470.59
0.224123 2820.25
0.286654 2080.49
0.349185 1674.15
0.411716 732.751
0.474247 758.557
0.536778 543.735
0.599309 364.812
0.66184 404.386
0.724371 364.086
0.786902 171.869
0.849433 100.726
0.911964 155.932
0.974495 62.0114
1.03703 53.533
1.09956 88.728
1.16209 72.7
1.22462 142.002
1.28715 83.2064
1.34968 188.368
1.41221 51.1622
1.47474 2.85598
1.53727 35.9824
1.59981 93.6648
1.66234 17.5592
1.72487 4.62613
1.7874 6.06751
1.84993 14.1969
1.91246 16.106
1.97499 14.5182
2.03752 12.3845
2.10005 8.57188
2.16258 2.65973
2.22512 7.9048
2.28765 7.81979
2.35018 5.89656
2.41271 1.79439
2.47524 2.88711
2.53777 0.174269
2.6003 15.6773
2.66283 1.18102
2.72536 6.40105
2.78789 13.8233
2.85043 0.620463
2.91296 2.88314
2.97549 1.27343
3.03802 0.929295
3.10055 4.63499
3.16308 6.23302
3.22561 0.165524
3.28814 0.558424
3.35067 0.71986
3.4132 0.451443
3.47574 0.778204
3.53827 1.00586
3.6008 0.793652
3.66333 1.39802
3.72586 3.41678
3.78839 0.777382
3.85092 0.297943
3.91345 3.63463
