0 432000
0.0365301 39.9856
0.0730602 18.5468
0.10959 6.15716
0.14612 1.33375
0.182651 8.8701
0.219181 4.68747
0.255711 2.41599
0.292241 7.24151
0.328771 15.9404
0.365301 64.5888
0.401831 3.21601
0.438361 5.57812
0.474891 5.28096
0.511421 8.9083
0.547952 1.51507
0.584482 9.22647
0.621012 5.55989
0.657542 10.5359
0.694072 7.36192
0.730602 26.9211
0.767132 2.39256
0.803662 2.81048
0.840192 1.81792
0.876722 3.541
0.913253 1.76201
0.949783 1.56459
0.986313 4.52632
1.02284 2.34891
1.05937 0.0116616
1.0959 5.45492
1.13243 0.735601
1.16896 0.333263
1.20549 0.319951
1.24202 3.19309
1.27855 4.71611
1.31508 0.691761
1.35161 5.24456
1.38814 2.87265
1.42467 1.03662
1.4612 1.59703
1.49773 0.379088
1.53426 0.39377
1.57079 2.19901
1.60732 0.058127
1.64385 0.323899
1.68038 1.24709
1.71691 1.42153
1.75344 0.661477
1.78997 0.730971
1.82651 0.525533
1.86304 2.5077
1.89957 1.0055
1.9361 0.371764
1.97263 0.0387165
2.00916 1.08503
2.04569 0.00367377
2.08222 0.671668
2.11875 1.74637
2.15528 0.726419
2.19181 1.23154
2.22834 2.01608
2.26487 0.331689
2.3014 1.43396
2.33793 0.41748
2.37446 1.05257
2.41099 0.361564
2.44752 0.347306
2.48405 1.61243
2.52058 2.59644
2.55711 0.891679
2.59364 0.487111
2.63017 0.553347
2.6667 4.7342
2.70323 2.3397
2.73976 0.0258236
2.77629 0.814636
2.81282 0.325232
2.84935 0.622057
2.88588 0.889364
2.92241 2.29762
2.95894 1.82219
2.99547 0.756509
3.032 0.221483
3.06853 0.740869
3.10506 1.3904
3.14159 0.000876156
3.17812 0.033541
3.21465 5.49856
3.25118 1.82782
3.28771 0.458393
3.32424 0.296143
3.36077 0.874514
3.3973 2.35164
3.43383 1.41324
3.47036 0.532677
3.50689 1.26189
3.54342 0.352536
3.57995 0.987007
3.61648 1.80566
3.65301 1.37065
3.68954 0.235791
3.72607 0.25153
3.7626 2.93756
3.79913 0.73735
3.83566 0.543574
3.87219 0.220297
3.90872 1.05983
3.94525 0.058155
