0.0365301 121292
0.0990611 15022.7
0.161592 5793.4
0.224123 2528.92
0.286654 2073.47
0.349185 1147.69
0.411716 765.118
0.474247 632.579
0.536778 442.084
0.599309 260.345
0.66184 183.231
0.724371 250.277
0.786902 210.838
0.849433 224.329
0.911964 138.295
0.974495 67.4495
1.03703 72.3868
1.09956 59.3858
1.16209 26.0777
1.22462 71.9353
1.28715 4.38369
1.34968 58.9553
1.41221 59.7414
1.47474 31.3558
1.53727 23.4206
1.59981 14.2066
1.66234 12.1043
1.72487 2.44677
1.7874 51.7998
1.84993 12.3436
1.91246 3.02453
1.97499 11.7456
2.03752 8.1319
2.10005 26.0603
2.16258 16.437
2.22512 9.72666
2.28765 19.1582
2.35018 2.65096
2.41271 2.47631
2.47524 3.22748
2.53777 7.14385
2.6003 7.50383
2.66283 21.6152
2.72536 1.92044
2.78789 6.17073
2.85043 0.927482
2.91296 2.95423
2.97549 0.257622
3.03802 1.80178
3.10055 1.26413
3.16308 1.14793
3.22561 1.99548
3.28814 0.416651
3.35067 0.745446
3.4132 0.807429
3.47574 1.9246
3.53827 0.26296
3.6008 0.618577
3.66333 2.47306
3.72586 0.284777
3.78839 0.990208
3.85092 1.78389
3.91345 0.141809
