0.0365301 119982
0.0990611 15890.6
0.161592 5781.78
0.224123 3313.87
0.286654 1760.59
0.349185 1154.84
0.411716 629.359
0.474247 608.51
0.536778 361.125
0.599309 359.836
0.66184 403.759
0.724371 150.028
0.786902 64.678
0.849433 116.944
0.911964 72.7627
0.974495 92.2536
1.03703 104.566
1.09956 128.089
1.16209 5.77616
1.22462 28.6488
1.28715 68.4598
1.34968 37.2249
1.41221 95.8525
1.47474 3.48016
1.53727 52.529
1.59981 21.5192
1.66234 28.0056
1.72487 10.3556
1.7874 0.659282
1.84993 21.0828
1.91246 13.9946
1.97499 33.2688
2.03752 17.4366
2.10005 14.6173
2.16258 19.552
2.22512 2.08376
2.28765 2.59609
2.35018 9.52602
2.41271 40.4211
2.47524 21.9904
2.53777 0.0967396
2.6003 0.768488
2.66283 2.78549
2.72536 10.7634
2.78789 4.85964
2.85043 1.47462
2.91296 1.29992
2.97549 1.20346
3.03802 0.289714
3.10055 1.08116
3.16308 0.384726
3.22561 0.0984757
3.28814 0.0114175
3.35067 3.85521
3.4132 0.153953
3.47574 3.26386
3.53827 2.48258
3.6008 4.6793
3.66333 1.25912
3.72586 5.01114
3.78839 0.0810318
3.85092 2.21318
3.91345 0.0427875
