0 432000
0.0365301 2.09916
0.0730602 0.365543
0.10959 13.5384
0.14612 11.167
0.182651 11.0398
0.219181 14.3349
0.255711 4.73683
0.292241 3.75963
0.328771 0.685164
0.365301 78.6512
0.401831 0.0281799
0.438361 0.715101
0.474891 0.925426
0.511421 2.83797
0.547952 1.21667
0.584482 5.22863
0.621012 1.24695
0.657542 8.09185
0.694072 1.67686
0.730602 28.241
0.767132 1.92939
0.803662 3.38443
0.840192 0.109727
0.876722 0.50153
0.913253 2.33342
0.949783 0.173086
0.986313 2.50146
1.02284 1.63231
1.05937 1.53202
1.0959 3.99415
1.13243 0.350929
1.16896 2.13464
1.20549 0.00639831
1.24202 2.11879
1.27855 0.0394288
1.31508 0.242785
1.35161 0.109446
1.38814 4.99588
1.42467 1.30535
1.4612 0.891894
1.49773 0.555437
1.53426 2.96653
1.57079 0.360105
1.60732 0.423546
1.64385 1.17546
1.68038 2.70628
1.71691 0.93828
1.75344 0.773755
1.78997 0.384091
1.82651 1.32055
1.86304 0.652437
1.89957 0.0178626
1.9361 1.1166
1.97263 2.76886
2.00916 0.285533
2.04569 0.472831
2.08222 4.8225
2.11875 3.47877
2.15528 1.61258
2.19181 0.889358
2.22834 1.17554
2.26487 6.17213
2.3014 0.067313
2.33793 1.23804
2.37446 0.921728
2.41099 1.92463
2.44752 0.605613
2.48405 0.923851
2.52058 0.496199
2.55711 1.82247
2.59364 0.401665
2.63017 0.207293
2.6667 0.491317
2.70323 1.47338
2.73976 1.5064
2.77629 2.20559
2.81282 1.06608
2.84935 2.04368
2.88588 0.0814636
2.92241 1.20035
2.95894 0.509344
2.99547 1.38977
3.032 1.99993
3.06853 1.50932
3.10506 0.758564
3.14159 0.187476
3.17812 2.15089
3.21465 0.761062
3.25118 0.0874235
3.28771 0.395293
3.32424 0.338921
3.36077 0.196318
3.3973 0.729355
3.43383 0.409969
3.47036 0.290319
3.50689 3.01827
3.54342 0.844641
3.57995 1.99216
3.61648 2.24473
3.65301 0.719866
3.68954 3.17894
3.72607 0.804055
3.7626 2.01276
3.79913 0.0794631
3.83566 1.37489
3.87219 0.310298
3.90872 0.696681
3.94525 0.251175
