0.0365301 120033
0.0990611 15877.9
0.161592 5955.26
0.224123 2924.54
0.286654 1861.56
0.349185 1119.7
0.411716 781.164
0.474247 585.571
0.536778 402.11
0.599309 273.318
0.66184 276.145
0.724371 179.362
0.786902 168.808
0.849433 134.347
0.911964 101.932
0.974495 136.878
1.03703 26.7985
1.09956 45.8827
1.16209 89.3476
1.22462 20.8828
1.28715 22.6988
1.34968 43.4666
1.41221 52.6975
1.47474 5.07351
1.53727 0.0552684
1.59981 8.64167
1.66234 2.6941
1.72487 2.48508
1.7874 18.6587
1.84993 0.692948
1.91246 0.775079
1.97499 4.85494
2.03752 2.75208
2.10005 11.6771
2.16258 11.0649
2.22512 34.6275
2.28765 17.065
2.35018 6.81992
2.41271 3.63797
2.47524 4.75222
2.53777 4.59137
2.6003 4.8461
2.66283 4.35183
2.72536 0.768553
2.78789 1.49137
2.85043 1.53927
2.91296 2.79613
2.97549 1.74947
3.03802 0.501923
3.10055 1.91064
3.16308 3.02318
3.22561 1.61477
3.28814 1.06722
3.35067 0.75431
3.4132 1.45073
3.47574 0.573437
3.53827 0.945376
3.6008 1.02638
3.66333 0.663357
3.72586 1.70586
3.78839 4.72377
3.85092 0.0267088
3.91345 1.83756
