0 432000
0.0365301 10.5428
0.0730602 0.888585
0.10959 17.4493
0.14612 4.34349
0.182651 12.9437
0.219181 13.0569
0.255711 6.89548
0.292241 1.07551
0.328771 23.44
0.365301 62.5147
0.401831 2.98259
0.438361 0.745186
0.474891 6.00673
0.511421 1.49386
0.547952 1.6433
0.584482 4.14781
0.621012 9.96297
0.657542 0.418309
0.694072 3.54885
0.730602 11.4382
0.767132 2.27504
0.803662 0.50979
0.840192 1.38364
0.876722 1.85119
0.913253 0.77339
0.949783 2.70904
0.986313 7.49503
1.02284 0.599511
1.05937 1.92476
1.0959 2.28825
1.13243 0.0580117
1.16896 1.03861
1.20549 2.85047
1.24202 1.20921
1.27855 2.23196
1.31508 0.424081
1.35161 3.22389
1.38814 0.654014
1.42467 4.76842
1.4612 0.133615
1.49773 0.767283
1.53426 0.918532
1.57079 3.38449
1.60732 0.40049
1.64385 0.134184
1.68038 0.453452
1.71691 3.36951
1.75344 7.03258
1.78997 0.798571
1.82651 0.698698
1.86304 0.352533
1.89957 0.664867
1.9361 0.518937
1.97263 0.267739
2.00916 0.688255
2.04569 4.32152
2.08222 0.971987
2.11875 0.881193
2.15528 0.18662
2.19181 0.194026
2.22834 0.27836
2.26487 0.228971
2.3014 1.49601
2.33793 1.00112
2.37446 2.14615
2.41099 0.465395
2.44752 7.44126
2.48405 1.06907
2.52058 1.98963
2.55711 1.61014
2.59364 1.11145
2.63017 0.827017
2.6667 1.33038
2.70323 0.973503
2.73976 1.48554
2.77629 1.79543
2.81282 0.570452
2.84935 0.491416
2.88588 0.930296
2.92241 0.381608
2.95894 1.72727
2.99547 0.363917
3.032 0.665932
3.06853 0.221082
3.10506 0.105338
3.14159 1.13206
3.17812 0.103757
3.21465 0.922556
3.25118 0.0300495
3.28771 2.34699
3.32424 1.26662
3.36077 0.566791
3.3973 0.469247
3.43383 0.409337
3.47036 1.60584
3.50689 0.135402
3.54342 0.948285
3.57995 0.767228
3.61648 0.887025
3.65301 0.0906021
3.68954 0.248933
3.72607 2.27293
3.7626 1.66419
3.79913 0.742397
3.83566 0.081583
3.87219 2.89876
3.90872 0.058121
3.94525 0.738917
