0.0365301 120269
0.0990611 15673.1
0.161592 5721.01
0.224123 3149.38
0.286654 1942.39
0.349185 1095.35
0.411716 852.806
0.474247 577.475
0.536778 466.214
0.599309 330.26
0.66184 246.662
0.724371 211.849
0.786902 324.748
0.849433 23.0646
0.911964 144.184
0.974495 163.216
1.03703 67.2005
1.09956 103.032
1.16209 76.0738
1.22462 0.41473
1.28715 52.6547
1.34968 69.5144
1.41221 40.7308
1.47474 69.9219
1.53727 6.30887
1.59981 0.75591
1.66234 4.74738
1.72487 23.1264
1.7874 6.28907
1.84993 11.7727
1.91246 9.1063
1.97499 10.1062
2.03752 4.67971
2.10005 6.91675
2.16258 0.454384
2.22512 4.72732
2.28765 4.00542
2.35018 3.51611
2.41271 5.98862
2.47524 8.81345
2.53777 6.48859
2.6003 11.3411
2.66283 12.9083
2.72536 0.376821
2.78789 1.62764
2.85043 5.08112
2.91296 0.840143
2.97549 1.16805
3.03802 2.5647
3.10055 0.433238
3.16308 0.642503
3.22561 1.37738
3.28814 0.487763
3.35067 2.52282
3.4132 2.43113
3.47574 0.733368
3.53827 0.494509
3.6008 1.84648
3.66333 3.5971
3.72586 0.32752
3.78839 1.801
3.85092 0.00212304
3.91345 1.89101
