0 432000
0.0365301 19.3181
0.0730602 36.8938
0.10959 23.624
0.14612 5.93621
0.182651 11.8016
0.219181 17.7343
0.255711 33.1222
0.292241 48.9756
0.328771 9.29685
0.365301 55.6023
0.401831 0.0819233
0.438361 0.264249
0.474891 2.07751
0.511421 2.99675
0.547952 0.605904
0.584482 3.33345
0.621012 0.124082
0.657542 25.5213
0.694072 6.73971
0.730602 24.9635
0.767132 0.109636
0.803662 5.15866
0.840192 1.31492
0.876722 0.8643
0.913253 1.34457
0.949783 12.4701
0.986313 2.3749
1.02284 10.5477
1.05937 0.301923
1.0959 0.903764
1.13243 0.653272
1.16896 2.09576
1.20549 1.48737
1.24202 3.69561
1.27855 0.473381
1.31508 1.83684
1.35161 0.227898
1.38814 2.25267
1.42467 1.39385
1.4612 0.20276
1.49773 0.427442
1.53426 0.251073
1.57079 2.19055
1.60732 0.344038
1.64385 1.21275
1.68038 2.29396
1.71691 1.3207
1.75344 0.456007
1.78997 5.24929
1.82651 2.56311
1.86304 1.27745
1.89957 0.406272
1.9361 3.68856
1.97263 2.57869
2.00916 1.14061
2.04569 0.209103
2.08222 0.689535
2.11875 0.901961
2.15528 2.93254
2.19181 0.105516
2.22834 3.97404
2.26487 0.208625
2.3014 0.703918
2.33793 0.362032
2.37446 0.543619
2.41099 2.95899
2.44752 0.259797
2.48405 0.963465
2.52058 1.14136
2.55711 1.77023
2.59364 0.207527
2.63017 0.541052
2.6667 0.988508
2.70323 0.51318
2.73976 2.6272
2.77629 0.240505
2.81282 1.58591
2.84935 2.2371
2.88588 1.39213
2.92241 0.0190704
2.95894 2.25157
2.99547 0.0357001
3.032 0.149928
3.06853 1.18897
3.10506 0.533864
3.14159 1.98422
3.17812 2.00692
3.21465 0.192145
3.25118 1.13245
3.28771 0.28518
3.32424 0.166696
3.36077 0.911238
3.3973 1.40674
3.43383 1.54847
3.47036 0.993337
3.50689 0.218776
3.54342 0.154851
3.57995 0.378832
3.61648 0.0712499
3.65301 0.794327
3.68954 0.761814
3.72607 0.159419
3.7626 0.224272
3.79913 1.81753
3.83566 1.61772
3.87219 0.806629
3.90872 1.21377
3.94525 1.24647
