0.0365301 119052
0.0990611 16376.6
0.161592 5949.82
0.224123 2924.89
0.286654 1616.58
0.349185 1046.18
0.411716 1085.73
0.474247 495.226
0.536778 526.022
0.599309 345.951
0.66184 226.798
0.724371 304.03
0.786902 135.707
0.849433 170.885
0.911964 111.192
0.974495 123.975
1.03703 73.6425
1.09956 145.318
1.16209 10.9668
1.22462 36.12
1.28715 26.3145
1.34968 31.9883
1.41221 49.9893
1.47474 19.1898
1.53727 73.4549
1.59981 42.9319
1.66234 0.640926
1.72487 24.1475
1.7874 36.0464
1.84993 27.7102
1.91246 17.8999
1.97499 11.3526
2.03752 4.47218
2.10005 0.0734471
2.16258 15.6058
2.22512 1.22012
2.28765 14.9561
2.35018 0.324851
2.41271 1.63881
2.47524 21.4328
2.53777 8.60416
2.6003 3.84146
2.66283 1.62722
2.72536 1.99822
2.78789 3.52856
2.85043 5.16851
2.91296 0.456831
2.97549 5.59683
3.03802 0.310762
3.10055 1.31706
3.16308 4.55578
3.22561 2.38863
3.28814 0.298631
3.35067 0.113543
3.4132 1.26349
3.47574 1.96817
3.53827 0.407359
3.6008 3.40748
3.66333 0.54063
3.72586 4.51001
3.78839 2.35918
3.85092 5.62879
3.91345 1.07219
