0 432000
0.0365301 6.71242
0.0730602 38.967
0.10959 5.00581
0.14612 14.1332
0.182651 1.22531
0.219181 33.9113
0.255711 2.57449
0.292241 67.5019
0.328771 2.20296
0.365301 72.4794
0.401831 0.181149
0.438361 0.0285123
0.474891 2.33647
0.511421 2.50334
0.547952 4.4281
0.584482 5.47363
0.621012 3.92959
0.657542 10.7942
0.694072 1.00277
0.730602 25.8093
0.767132 0.608557
0.803662 2.33559
0.840192 0.686235
0.876722 8.98399
0.913253 1.17968
0.949783 1.38382
0.986313 0.891704
1.02284 12.9926
1.05937 4.20615
1.0959 3.21119
1.13243 0.0356108
1.16896 0.0407271
1.20549 1.57139
1.24202 4.22184
1.27855 0.90424
1.31508 0.581455
1.35161 1.32467
1.38814 1.25981
1.42467 0.758872
1.4612 1.35245
1.49773 0.654736
1.53426 0.616817
1.57079 0.482213
1.60732 2.30822
1.64385 0.536592
1.68038 0.928885
1.71691 1.33166
1.75344 0.310694
1.78997 0.0765162
1.82651 0.955996
1.86304 0.803659
1.89957 0.234755
1.9361 1.0706
1.97263 4.59747
2.00916 0.503416
2.04569 1.33353
2.08222 1.13943
2.11875 1.0652
2.15528 0.34646
2.19181 0.189161
2.22834 2.99033
2.26487 0.321337
2.3014 0.3983
2.33793 1.64219
2.37446 1.49884
2.41099 1.31971
2.44752 0.0144845
2.48405 1.66231
2.52058 0.840346
2.55711 0.344348
2.59364 0.017505
2.63017 0.0512779
2.6667 1.02703
2.70323 1.05941
2.73976 1.50797
2.77629 0.283982
2.81282 1.36963
2.84935 0.794096
2.88588 3.15131
2.92241 2.19411
2.95894 0.30822
2.99547 0.456472
3.032 1.13275
3.06853 0.0112753
3.10506 0.30788
3.14159 1.5226
3.17812 0.131095
3.21465 0.199951
3.25118 0.51352
3.28771 0.630685
3.32424 0.693911
3.36077 1.25161
3.3973 0.898717
3.43383 1.4079
3.47036 0.724103
3.50689 1.06203
3.54342 0.477973
3.57995 1.18814
3.61648 3.07717
3.65301 1.35288
3.68954 0.0599749
3.72607 0.713016
3.7626 0.288557
3.79913 0.640666
3.83566 2.11113
3.87219 0.220301
3.90872 0.17016
3.94525 2.46101
