0.0365301 117900
0.0990611 16809.8
0.161592 5834.59
0.224123 3097.35
0.286654 1800.14
0.349185 1457.98
0.411716 981.327
0.474247 793.238
0.536778 480.735
0.599309 490.386
0.66184 351.256
0.724371 87.5659
0.786902 216.858
0.849433 185.752
0.911964 100.225
0.974495 69.0493
1.03703 39.8205
1.09956 31.6845
1.16209 38.4004
1.22462 35.233
1.28715 43.9455
1.34968 8.38358
1.41221 20.0691
1.47474 90.4405
1.53727 53.0141
1.59981 4.14333
1.66234 67.2972
1.72487 7.57041
1.7874 8.86836
1.84993 16.6001
1.91246 9.29405
1.97499 3.16926
2.03752 3.92593
2.10005 16.3977
2.16258 7.05551
2.22512 0.6148
2.28765 2.2281
2.35018 3.25759
2.41271 10.1595
2.47524 3.98672
2.53777 5.60349
2.6003 2.64125
2.66283 1.12215
2.72536 3.74978
2.78789 7.74887
2.85043 3.52838
2.91296 1.17253
2.97549 1.26894
3.03802 0.0917042
3.10055 0.377962
3.16308 3.44838
3.22561 0.911566
3.28814 0.294075
3.35067 2.4019
3.4132 0.679593
3.47574 0.216814
3.53827 0.127368
3.6008 0.559841
3.66333 0.345126
3.72586 1.37162
3.78839 1.88683
3.85092 0.184216
3.91345 0.016688
