0 432000
0.0365301 63.6086
0.0730602 6.67648
0.10959 9.94999
0.14612 28.1271
0.182651 10.1586
0.219181 12.6726
0.255711 28.8043
0.292241 7.31564
0.328771 26.7795
0.365301 53.8064
0.401831 1.62215
0.438361 0.069797
0.474891 3.24868
0.511421 0.676961
0.547952 0.109058
0.584482 5.98297
0.621012 1.65645
0.657542 3.3289
0.694072 18.2423
0.730602 20.8179
0.767132 0.569142
0.803662 0.0905818
0.840192 0.0891645
0.876722 0.31127
0.913253 4.4853
0.949783 0.349929
0.986313 1.60838
1.02284 2.49163
1.05937 2.78655
1.0959 2.52808
1.13243 0.281098
1.16896 0.673633
1.20549 0.692947
1.24202 4.93611
1.27855 4.19931
1.31508 1.63585
1.35161 0.667007
1.38814 0.548385
1.42467 5.59801
1.4612 1.3252
1.49773 0.236413
1.53426 2.49567
1.57079 4.38288
1.60732 4.15016
1.64385 0.759443
1.68038 0.0918643
1.71691 0.087143
1.75344 1.01506
1.78997 1.62962
1.82651 0.14542
1.86304 0.467976
1.89957 1.40294
1.9361 0.943962
1.97263 1.74919
2.00916 0.158338
2.04569 0.0253183
2.08222 3.13566
2.11875 0.322257
2.15528 0.107253
2.19181 0.708822
2.22834 0.685899
2.26487 0.742088
2.3014 0.464245
2.33793 0.82075
2.37446 3.38468
2.41099 2.85704
2.44752 0.259145
2.48405 0.974327
2.52058 2.19372
2.55711 0.377989
2.59364 3.08804
2.63017 2.82766
2.6667 0.465828
2.70323 1.24004
2.73976 0.0534164
2.77629 3.134
2.81282 0.823373
2.84935 0.546658
2.88588 3.66148
2.92241 0.277064
2.95894 0.660698
2.99547 0.881438
3.032 0.71363
3.06853 0.0640739
3.10506 1.54503
3.14159 0.419285
3.17812 2.3897
3.21465 0.941924
3.25118 1.33762
3.28771 1.04756
3.32424 0.500154
3.36077 0.294268
3.3973 1.53017
3.43383 0.635595
3.47036 0.114228
3.50689 1.8375
3.54342 1.01275
3.57995 0.080196
3.61648 0.751194
3.65301 0.0130944
3.68954 0.259839
3.72607 2.46117
3.7626 1.59424
3.79913 0.393033
3.83566 0.398076
3.87219 1.58975
3.90872 0.522651
3.94525 0.822335
