0 432000
0.0365301 90.1688
0.0730602 34.8564
0.10959 14.4015
0.14612 1.727
0.182651 8.9591
0.219181 9.47896
0.255711 26.233
0.292241 26.2078
0.328771 28.436
0.365301 71.6476
0.401831 1.78899
0.438361 0.0587091
0.474891 1.0587
0.511421 2.44499
0.547952 5.17138
0.584482 1.08819
0.621012 12.4929
0.657542 7.28137
0.694072 5.90748
0.730602 12.5556
0.767132 0.426909
0.803662 1.08391
0.840192 0.659296
0.876722 3.92466
0.913253 0.143744
0.949783 1.51495
0.986313 1.65049
1.02284 13.8496
1.05937 2.57026
1.0959 3.95515
1.13243 0.0696526
1.16896 2.20728
1.20549 0.954351
1.24202 0.716012
1.27855 0.431654
1.31508 0.382633
1.35161 0.0701218
1.38814 2.5618
1.42467 0.790539
1.4612 1.88405
1.49773 1.30584
1.53426 0.0719616
1.57079 0.436145
1.60732 0.15636
1.64385 0.396768
1.68038 0.905144
1.71691 0.706187
1.75344 0.723092
1.78997 0.942931
1.82651 0.237494
1.86304 1.7916
1.89957 3.25526
1.9361 0.329556
1.97263 0.121434
2.00916 0.169337
2.04569 0.0473394
2.08222 0.765099
2.11875 0.929093
2.15528 0.394379
2.19181 3.82693
2.22834 0.130148
2.26487 3.60907
2.3014 0.808909
2.33793 1.03566
2.37446 1.4193
2.41099 2.11458
2.44752 1.17439
2.48405 0.181237
2.52058 0.0167622
2.55711 0.959169
2.59364 1.70859
2.63017 0.54694
2.6667 0.417462
2.70323 1.19935
2.73976 0.0777213
2.77629 2.35114
2.81282 0.380357
2.84935 0.413825
2.88588 0.061086
2.92241 0.414945
2.95894 0.132465
2.99547 0.299827
3.032 1.32547
3.06853 0.910666
3.10506 1.03162
3.14159 1.29353
3.17812 0.161006
3.21465 1.44602
3.25118 1.64847
3.28771 0.335482
3.32424 1.56522
3.36077 0.765306
3.3973 0.0764988
3.43383 1.49126
3.47036 2.65432
3.50689 2.50462
3.54342 2.0197
3.57995 0.406633
3.61648 0.0178903
3.65301 0.778913
3.68954 0.35175
3.72607 1.07583
3.7626 1.06902
3.79913 0.710947
3.83566 0.493448
3.87219 0.0450788
3.90872 1.8471
3.94525 0.169297
