0.0365301 118260
0.0990611 16448.2
0.161592 6447.49
0.224123 3111.85
0.286654 1595.23
0.349185 899.545
0.411716 696.148
0.474247 665.965
0.536778 492.951
0.599309 518.86
0.66184 180.037
0.724371 94.8062
0.786902 207.664
0.849433 54.4538
0.911964 21.9068
0.974495 54.5563
1.03703 88.9611
1.09956 18.8092
1.16209 44.9543
1.22462 35.9276
1.28715 21.4907
1.34968 29.2022
1.41221 69.1961
1.47474 23.7973
1.53727 12.5292
1.59981 11.6888
1.66234 35.826
1.72487 26.4933
1.7874 2.06879
1.84993 5.59978
1.91246 3.21929
1.97499 7.28215
2.03752 13.2495
2.10005 27.0609
2.16258 0.499895
2.22512 5.08576
2.28765 1.14296
2.35018 24.0698
2.41271 22.7529
2.47524 2.45211
2.53777 0.939867
2.6003 4.9986
2.66283 11.8867
2.72536 5.30879
2.78789 1.21085
2.85043 1.22057
2.91296 4.3091
2.97549 0.248146
3.03802 2.1696
3.10055 2.38029
3.16308 4.02357
3.22561 0.782745
3.28814 0.438127
3.35067 0.000714464
3.4132 6.94127
3.47574 0.314186
3.53827 0.491804
3.6008 0.387013
3.66333 2.73708
3.72586 0.138958
3.78839 3.85517
3.85092 0.338922
3.91345 3.87291
