0 432000
0.0365301 1.57385
0.0730602 23.867
0.10959 33.2735
0.14612 1.83738
0.182651 9.8968
0.219181 6.36579
0.255711 0.721945
0.292241 36.9739
0.328771 3.75877
0.365301 95.0386
0.401831 4.1905
0.438361 1.89766
0.474891 1.61782
0.511421 0.768524
0.547952 0.742842
0.584482 5.55988
0.621012 1.95843
0.657542 18.5923
0.694072 4.52203
0.730602 24.8974
0.767132 0.177372
0.803662 1.95623
0.840192 0.553971
0.876722 2.33403
0.913253 7.59877
0.949783 3.72213
0.986313 0.761209
1.02284 8.65058
1.05937 0.420141
1.0959 7.32035
1.13243 0.643793
1.16896 1.39827
1.20549 1.68658
1.24202 2.33805
1.27855 2.74628
1.31508 1.41616
1.35161 2.35395
1.38814 6.60029
1.42467 1.51067
1.4612 2.37693
1.49773 1.34726
1.53426 0.42542
1.57079 3.09368
1.60732 0.74517
1.64385 2.14724
1.68038 3.2312
1.71691 0.538331
1.75344 0.317391
1.78997 1.5373
1.82651 0.275119
1.86304 0.110321
1.89957 0.748026
1.9361 0.337463
1.97263 3.82022
2.00916 1.08509
2.04569 0.0712967
2.08222 1.11129
2.11875 0.572565
2.15528 1.82197
2.19181 4.49582
2.22834 3.62362
2.26487 2.6014
2.3014 0.177256
2.33793 1.02402
2.37446 1.81608
2.41099 0.336168
2.44752 0.27055
2.48405 1.55249
2.52058 0.259432
2.55711 2.38616
2.59364 0.667413
2.63017 1.29167
2.6667 0.214073
2.70323 0.326851
2.73976 0.518334
2.77629 0.731423
2.81282 1.072
2.84935 0.609793
2.88588 0.26376
2.92241 0.09636
2.95894 0.152791
2.99547 0.195554
3.032 1.42036
3.06853 0.297069
3.10506 0.0695468
3.14159 0.333837
3.17812 0.112895
3.21465 0.673187
3.25118 0.191714
3.28771 0.295869
3.32424 0.73541
3.36077 2.8989
3.3973 0.850754
3.43383 0.016403
3.47036 0.121064
3.50689 0.167881
3.54342 0.390739
3.57995 0.490778
3.61648 0.633213
3.65301 0.589668
3.68954 0.228268
3.72607 0.299164
3.7626 0.337134
3.79913 0.170178
3.83566 0.249158
3.87219 0.039484
3.90872 3.6579
3.94525 0.130456
