0.0365301 119858
0.0990611 15693.7
0.161592 5561.32
0.224123 2858.74
0.286654 2248.15
0.349185 978.338
0.411716 1154.31
0.474247 639.715
0.536778 512.851
0.599309 203.006
0.66184 321.474
0.724371 134.394
0.786902 151.978
0.849433 142.405
0.911964 105.5
0.974495 119.835
1.03703 81.6966
1.09956 63.6469
1.16209 44.0392
1.22462 54.5066
1.28715 14.7549
1.34968 8.57185
1.41221 79.7383
1.47474 7.36475
1.53727 114.336
1.59981 18.7783
1.66234 24.4979
1.72487 25.7695
1.7874 58.5505
1.84993 28.1152
1.91246 7.8355
1.97499 9.82891
2.03752 8.72993
2.10005 5.90811
2.16258 20.2369
2.22512 10.7872
2.28765 9.3448
2.35018 1.13214
2.41271 1.56916
2.47524 2.62955
2.53777 25.386
2.6003 9.33436
2.66283 2.60928
2.72536 2.08393
2.78789 1.88219
2.85043 1.14833
2.91296 2.21794
2.97549 0.655056
3.03802 4.12769
3.10055 0.41307
3.16308 0.706799
3.22561 0.37513
3.28814 0.516007
3.35067 0.0996408
3.4132 1.68987
3.47574 0.631135
3.53827 3.01181
3.6008 0.937532
3.66333 2.55523
3.72586 2.03578
3.78839 0.191143
3.85092 0.498141
3.91345 0.01195
